312 376
32 32   1

1 1 38 348 INV
1 1 27 352 INV
1 1 49 361 INV
1 1 45 346 INV
1 1 41 363 INV
1 1 50 354 INV
1 1 31 373 INV
1 1 10 259 INV
1 1 44 350 INV
1 1 7 369 INV
1 1 4 166 INV
1 1 54 345 INV
1 1 6 267 INV
1 1 52 355 INV
1 1 28 276 INV
1 1 39 366 INV
1 1 51 229 INV
1 1 20 347 INV
1 1 59 372 INV
1 1 19 289 INV
1 1 9 336 INV
1 1 15 342 INV
1 1 3 353 INV
1 1 17 367 INV
1 1 5 237 INV
1 1 24 164 INV
1 1 14 281 INV
1 1 60 343 INV
1 1 55 231 INV
1 1 63 371 INV
1 1 2 370 INV
1 1 57 364 INV
1 1 16 365 INV
1 1 62 357 INV
1 1 42 359 INV
1 1 58 341 INV
1 1 26 269 INV
1 1 34 344 INV
1 1 12 252 INV
1 1 23 291 INV
1 1 25 242 INV
1 1 30 275 INV
1 1 1 263 INV
1 1 46 338 INV
1 1 48 337 INV
1 1 8 199 INV
1 1 22 334 INV
1 1 32 333 INV
1 1 18 368 INV
1 1 11 360 INV
1 1 21 339 INV
1 1 13 362 INV
1 1 47 340 INV
1 1 61 335 INV
1 1 37 358 INV
1 1 29 374 INV
1 1 35 351 INV
1 1 53 349 INV
1 1 43 356 INV
2 1 333 0 292 AND
2 1 334 54 290 AND
2 1 335 29 293 AND
2 1 336 41 220 AND
2 1 337 16 294 AND
2 1 338 14 299 AND
2 1 339 53 298 AND
2 1 340 15 297 AND
2 1 341 26 301 AND
2 1 342 47 295 AND
2 1 343 28 302 AND
2 1 344 2 303 AND
2 1 345 22 304 AND
2 1 346 13 305 AND
2 1 347 52 296 AND
2 1 348 6 306 AND
2 1 349 21 307 AND
2 1 350 12 308 AND
2 1 351 3 309 AND
2 1 352 59 310 AND
2 1 353 35 311 AND
2 1 354 18 312 AND
2 1 355 20 313 AND
2 1 356 11 314 AND
2 1 357 30 316 AND
2 1 358 5 317 AND
2 1 359 10 318 AND
2 1 360 43 319 AND
2 1 361 17 320 AND
2 1 362 45 300 AND
2 1 363 9 321 AND
2 1 364 25 322 AND
2 1 365 48 323 AND
2 1 366 7 324 AND
2 1 367 49 325 AND
2 1 368 50 288 AND
2 1 369 39 315 AND
2 1 370 34 326 AND
2 1 231 23 328 AND
2 1 371 31 329 AND
2 1 372 27 330 AND
2 1 373 63 331 AND
2 1 229 19 332 AND
2 1 374 61 327 AND
2 1 288 289 284 AND
2 1 290 291 286 AND
2 1 292 1 287 AND
1 1 290 285 INV
1 1 293 272 INV
1 1 294 77 INV
1 1 295 186 INV
1 1 296 279 INV
1 1 297 280 INV
1 1 298 278 INV
1 1 299 282 INV
1 1 300 188 INV
1 1 301 257 INV
1 1 302 273 INV
1 1 303 140 INV
1 1 304 233 INV
1 1 305 251 INV
1 1 306 268 INV
1 1 307 254 INV
1 1 308 255 INV
1 1 309 109 INV
1 1 310 133 INV
1 1 292 262 INV
1 1 311 103 INV
1 1 312 239 INV
1 1 313 197 INV
1 1 314 258 INV
1 1 315 135 INV
1 1 316 277 INV
1 1 317 240 INV
1 1 318 261 INV
1 1 319 154 INV
1 1 320 271 INV
1 1 321 260 INV
1 1 322 235 INV
1 1 323 265 INV
1 1 324 266 INV
1 1 325 264 INV
1 1 288 283 INV
1 1 326 126 INV
1 1 327 184 INV
1 1 328 253 INV
1 1 329 274 INV
1 1 330 256 INV
1 1 331 124 INV
1 1 332 270 INV
2 1 251 252 243 AND
2 1 253 254 232 AND
2 1 251 255 244 AND
2 1 256 257 234 AND
2 1 258 259 245 AND
2 1 260 199 223 AND
2 1 258 261 219 AND
2 1 262 263 246 AND
2 1 264 265 247 AND
2 1 266 267 224 AND
2 1 266 268 236 AND
2 1 256 269 222 AND
2 1 270 271 238 AND
2 1 272 273 218 AND
2 1 274 275 225 AND
2 1 272 276 226 AND
2 1 274 277 142 AND
2 1 278 279 248 AND
2 1 280 281 227 AND
2 1 280 282 144 AND
2 1 283 19 249 AND
2 1 260 40 221 AND
1 1 284 228 INV
2 1 285 23 250 AND
1 1 286 230 INV
1 1 287 241 INV
2 1 142 218 113 AND
2 1 219 220 206 AND
2 1 219 221 198 AND
2 1 222 58 207 AND
2 1 219 223 208 AND
2 1 224 38 209 AND
2 1 225 62 210 AND
2 1 226 60 211 AND
2 1 227 46 212 AND
2 1 228 229 213 AND
2 1 230 231 214 AND
2 1 232 233 196 AND
2 1 234 235 201 AND
2 1 236 237 204 AND
2 1 238 239 75 AND
2 1 236 240 202 AND
2 1 241 33 215 AND
2 1 234 242 205 AND
2 1 243 44 216 AND
2 1 144 244 85 AND
2 1 245 42 217 AND
1 1 246 180 INV
1 1 247 200 INV
1 1 248 203 INV
1 1 249 176 INV
1 1 250 182 INV
2 1 196 197 73 AND
2 1 198 199 189 AND
2 1 75 200 190 AND
2 1 201 164 191 AND
2 1 202 166 192 AND
2 1 196 203 193 AND
2 1 201 56 163 AND
2 1 204 37 194 AND
2 1 202 36 165 AND
2 1 205 57 195 AND
1 1 206 173 INV
1 1 198 177 INV
1 1 207 156 INV
1 1 208 178 INV
1 1 209 158 INV
1 1 210 115 INV
1 1 211 183 INV
1 1 212 185 INV
1 1 213 175 INV
1 1 214 181 INV
1 1 215 179 INV
1 1 216 187 INV
1 1 217 174 INV
2 1 163 164 151 AND
2 1 165 166 152 AND
2 1 173 174 137 AND
2 1 175 176 167 AND
2 1 177 178 168 AND
2 1 179 180 169 AND
2 1 181 182 170 AND
2 1 183 184 171 AND
2 1 185 186 80 AND
2 1 187 188 172 AND
1 1 189 153 INV
1 1 190 146 INV
1 1 191 160 INV
1 1 192 162 INV
1 1 193 149 INV
1 1 163 159 INV
1 1 194 157 INV
1 1 165 161 INV
1 1 195 155 INV
1 1 151 132 INV
1 1 152 134 INV
2 1 153 154 136 AND
2 1 155 156 120 AND
2 1 157 158 122 AND
2 1 159 160 147 AND
2 1 161 162 150 AND
1 1 167 145 INV
1 1 168 91 INV
1 1 169 139 INV
1 1 170 148 INV
1 1 171 141 INV
1 1 172 143 INV
2 1 132 133 119 AND
2 1 134 135 121 AND
2 1 136 137 88 AND
2 1 139 140 129 AND
2 1 141 142 130 AND
2 1 143 144 131 AND
2 1 145 146 138 AND
1 1 147 128 INV
2 1 148 149 111 AND
1 1 150 99 INV
2 1 119 120 116 AND
2 1 121 122 94 AND
2 1 128 113 71 AND
1 1 129 125 INV
1 1 130 123 INV
1 1 131 82 INV
1 1 138 127 INV
1 1 116 112 INV
2 1 123 124 114 AND
2 1 125 126 117 AND
2 1 127 73 118 AND
2 1 112 113 106 AND
2 1 114 115 68 AND
1 1 117 108 INV
1 1 118 110 INV
1 1 106 97 INV
2 1 108 109 107 AND
2 1 110 111 105 AND
1 1 105 104 INV
1 1 107 102 INV
2 1 102 103 100 AND
2 1 104 71 101 AND
1 1 100 98 INV
1 1 101 96 INV
2 1 96 97 66 AND
2 1 98 99 95 AND
1 1 95 93 INV
2 1 93 94 92 AND
1 1 92 90 INV
2 1 90 91 89 AND
1 1 89 87 INV
2 1 87 88 86 AND
1 1 86 84 INV
2 1 84 85 83 AND
1 1 83 81 INV
2 1 81 82 79 AND
2 1 79 80 78 AND
1 1 78 76 INV
2 1 76 77 74 AND
2 1 74 75 72 AND
2 1 72 73 70 AND
2 1 70 71 69 AND
1 1 69 67 INV
2 1 67 68 65 AND
2 1 65 66 64 AND
1 1 64 375 INV
