2696580322|
2696580323|
2696580324|
2696580325|
2696580326|
2696580327|
2696580352|
2696580353|
2696580354|
2696580355|
2696580356|
2696580357|
2696580358|
2696580359|
2696580384|
2696580385|
2696580386|
2696580387|
2696580388|
2696580389|
2696580390|
2696580391|
2696580416|
2696580417|
2696580418|
2696580419|
2696580420|
2696580421|
2696580422|
2696580423|
2696580448|
2696580449|
2696580450|
2696580451|
2696580452|
2696580453|
2696580454|
2696580455|
2696580480|
2696580481|
2696580482|
2696580483|
2696580484|
2696580485|
2696580486|
2696580487|
2696580512|
2696580513|
2696580514|
2696580515|
2696580516|
2696580517|
2696580518|
2696580519|
2696580544|
2696580545|
2696580546|
2696580547|
2696580548|
2696580549|
2696580550|
2696580551|
2696580576|
2696580577|
2696580578|
2696580579|
2696580580|
2696580581|
2696580582|
2696580583|
2696580608|
2696580609|
2696580610|
2696580611|
2696580612|
2696580613|
2696580614|
2696580615|
2696580640|
2696580641|
2696580642|
2696580643|
2696580644|
2696580645|
2696580646|
2696580647|
2696580672|
2696580673|
2696580674|
2696580675|
2696580676|
2696580677|
2696580678|
2696580679|
2696580704|
2696580705|
2696580706|
2696580707|
2696580708|
2696580709|
