1339380162|
1339380163|
1339380164|
1339380165|
1339380166|
1339380167|
1339380192|
1339380193|
1339380194|
1339380195|
1339380196|
1339380197|
1339380198|
1339380199|
1339380224|
1339380225|
1339380226|
1339380227|
1339380228|
1339380229|
1339380230|
1339380231|
1339380256|
1339380257|
1339380258|
1339380259|
1339380260|
1339380261|
1339380262|
1339380263|
1339380288|
1339380289|
1339380290|
1339380291|
1339380292|
1339380293|
1339380294|
1339380295|
1339380320|
1339380321|
1339380322|
1339380323|
1339380324|
1339380325|
1339380326|
1339380327|
1339380352|
1339380353|
1339380354|
1339380355|
1339380356|
1339380357|
1339380358|
1339380359|
1339380384|
1339380385|
1339380386|
1339380387|
1339380388|
1339380389|
1339380390|
1339380391|
1339380416|
1339380417|
1339380418|
1339380419|
1339380420|
1339380421|
1339380422|
1339380423|
1339380448|
1339380449|
1339380450|
1339380451|
1339380452|
1339380453|
1339380454|
1339380455|
1339380480|
1339380481|
1339380482|
1339380483|
1339380484|
1339380485|
1339380486|
1339380487|
1339380512|
1339380513|
1339380514|
1339380515|
1339380516|
1339380517|
1339380518|
1339380519|
1339380544|
1339380545|
1339380546|
1339380547|
1339380548|
1339380549|
