13500292|
13500293|
13500294|
13500295|
13500320|
13500321|
13500322|
13500323|
13500324|
13500325|
13500326|
13500327|
13500352|
13500353|
13500354|
13500355|
13500356|
13500357|
13500358|
13500359|
13500384|
13500385|
13500386|
13500387|
13500388|
13500389|
13500390|
13500391|
13500416|
13500417|
13500418|
13500419|
13500420|
13500421|
13500422|
13500423|
13500448|
13500449|
13500450|
13500451|
13500452|
13500453|
13500454|
13500455|
13500480|
13500481|
13500482|
13500483|
13500484|
13500485|
13500486|
13500487|
13500512|
13500513|
13500514|
13500515|
13500516|
13500517|
13500518|
13500519|
13500544|
13500545|
13500546|
13500547|
13500548|
13500549|
13500550|
13500551|
13500576|
13500577|
13500578|
13500579|
13500580|
13500581|
13500582|
13500583|
13500608|
13500609|
13500610|
13500611|
13500612|
13500613|
13500614|
13500615|
13500640|
13500641|
13500642|
13500643|
13500644|
13500645|
13500646|
13500647|
13500672|
13500673|
13500674|
13500675|
13500676|
13500677|
13500678|
13500679|
