2696760323|
2696760324|
2696760325|
2696760326|
2696760327|
2696760352|
2696760353|
2696760354|
2696760355|
2696760356|
2696760357|
2696760358|
2696760359|
2696760384|
2696760385|
2696760386|
2696760387|
2696760388|
2696760389|
2696760390|
2696760391|
2696760416|
2696760417|
2696760418|
2696760419|
2696760420|
2696760421|
2696760422|
2696760423|
2696760448|
2696760449|
2696760450|
2696760451|
2696760452|
2696760453|
2696760454|
2696760455|
2696760480|
2696760481|
2696760482|
2696760483|
2696760484|
2696760485|
2696760486|
2696760487|
2696760512|
2696760513|
2696760514|
2696760515|
2696760516|
2696760517|
2696760518|
2696760519|
2696760544|
2696760545|
2696760546|
2696760547|
2696760548|
2696760549|
2696760550|
2696760551|
2696760576|
2696760577|
2696760578|
2696760579|
2696760580|
2696760581|
2696760582|
2696760583|
2696760608|
2696760609|
2696760610|
2696760611|
2696760612|
2696760613|
2696760614|
2696760615|
2696760640|
2696760641|
2696760642|
2696760643|
2696760644|
2696760645|
2696760646|
2696760647|
2696760672|
2696760673|
2696760674|
2696760675|
2696760676|
2696760677|
2696760678|
2696760679|
2696760704|
2696760705|
2696760706|
2696760707|
2696760708|
2696760709|
2696760710|
