17640387|
17640388|
17640389|
17640390|
17640391|
17640416|
17640417|
17640418|
17640419|
17640420|
17640421|
17640422|
17640423|
17640448|
17640449|
17640450|
17640451|
17640452|
17640453|
17640454|
17640455|
17640480|
17640481|
17640482|
17640483|
17640484|
17640485|
17640486|
17640487|
17640512|
17640513|
17640514|
17640515|
17640516|
17640517|
17640518|
17640519|
17640544|
17640545|
17640546|
17640547|
17640548|
17640549|
17640550|
17640551|
17640576|
17640577|
17640578|
17640579|
17640580|
17640581|
17640582|
17640583|
17640608|
17640609|
17640610|
17640611|
17640612|
17640613|
17640614|
17640615|
17640640|
17640641|
17640642|
17640643|
17640644|
17640645|
17640646|
17640647|
17640672|
17640673|
17640674|
17640675|
17640676|
17640677|
17640678|
17640679|
17640704|
17640705|
17640706|
17640707|
17640708|
17640709|
17640710|
17640711|
17640736|
17640737|
17640738|
17640739|
17640740|
17640741|
17640742|
17640743|
17640768|
17640769|
17640770|
17640771|
17640772|
17640773|
17640774|
