7740164|
7740165|
7740166|
7740167|
7740192|
7740193|
7740194|
7740195|
7740196|
7740197|
7740198|
7740199|
7740224|
7740225|
7740226|
7740227|
7740228|
7740229|
7740230|
7740231|
7740256|
7740257|
7740258|
7740259|
7740260|
7740261|
7740262|
7740263|
7740288|
7740289|
7740290|
7740291|
7740292|
7740293|
7740294|
7740295|
7740320|
7740321|
7740322|
7740323|
7740324|
7740325|
7740326|
7740327|
7740352|
7740353|
7740354|
7740355|
7740356|
7740357|
7740358|
7740359|
7740384|
7740385|
7740386|
7740387|
7740388|
7740389|
7740390|
7740391|
7740416|
7740417|
7740418|
7740419|
7740420|
7740421|
7740422|
7740423|
7740448|
7740449|
7740450|
7740451|
7740452|
7740453|
7740454|
7740455|
7740480|
7740481|
7740482|
7740483|
7740484|
7740485|
7740486|
7740487|
7740512|
7740513|
7740514|
7740515|
7740516|
7740517|
7740518|
7740519|
7740544|
7740545|
7740546|
7740547|
7740548|
7740549|
7740550|
7740551|
