10080225|
10080226|
10080227|
10080228|
10080229|
10080230|
10080231|
10080256|
10080257|
10080258|
10080259|
10080260|
10080261|
10080262|
10080263|
10080288|
10080289|
10080290|
10080291|
10080292|
10080293|
10080294|
10080295|
10080320|
10080321|
10080322|
10080323|
10080324|
10080325|
10080326|
10080327|
10080352|
10080353|
10080354|
10080355|
10080356|
10080357|
10080358|
10080359|
10080384|
10080385|
10080386|
10080387|
10080388|
10080389|
10080390|
10080391|
10080416|
10080417|
10080418|
10080419|
10080420|
10080421|
10080422|
10080423|
10080448|
10080449|
10080450|
10080451|
10080452|
10080453|
10080454|
10080455|
10080480|
10080481|
10080482|
10080483|
10080484|
10080485|
10080486|
10080487|
10080512|
10080513|
10080514|
10080515|
10080516|
10080517|
10080518|
10080519|
10080544|
10080545|
10080546|
10080547|
10080548|
10080549|
10080550|
10080551|
10080576|
10080577|
10080578|
10080579|
10080580|
10080581|
10080582|
10080583|
10080608|
10080609|
10080610|
10080611|
10080612|
