1345140290|
1345140291|
1345140292|
1345140293|
1345140294|
1345140295|
1345140320|
1345140321|
1345140322|
1345140323|
1345140324|
1345140325|
1345140326|
1345140327|
1345140352|
1345140353|
1345140354|
1345140355|
1345140356|
1345140357|
1345140358|
1345140359|
1345140384|
1345140385|
1345140386|
1345140387|
1345140388|
1345140389|
1345140390|
1345140391|
1345140416|
1345140417|
1345140418|
1345140419|
1345140420|
1345140421|
1345140422|
1345140423|
1345140448|
1345140449|
1345140450|
1345140451|
1345140452|
1345140453|
1345140454|
1345140455|
1345140480|
1345140481|
1345140482|
1345140483|
1345140484|
1345140485|
1345140486|
1345140487|
1345140512|
1345140513|
1345140514|
1345140515|
1345140516|
1345140517|
1345140518|
1345140519|
1345140544|
1345140545|
1345140546|
1345140547|
1345140548|
1345140549|
1345140550|
1345140551|
1345140576|
1345140577|
1345140578|
1345140579|
1345140580|
1345140581|
1345140582|
1345140583|
1345140608|
1345140609|
1345140610|
1345140611|
1345140612|
1345140613|
1345140614|
1345140615|
1345140640|
1345140641|
1345140642|
1345140643|
1345140644|
1345140645|
1345140646|
1345140647|
1345140672|
1345140673|
1345140674|
1345140675|
1345140676|
1345140677|
