1343880259|
1343880260|
1343880261|
1343880262|
1343880263|
1343880288|
1343880289|
1343880290|
1343880291|
1343880292|
1343880293|
1343880294|
1343880295|
1343880320|
1343880321|
1343880322|
1343880323|
1343880324|
1343880325|
1343880326|
1343880327|
1343880352|
1343880353|
1343880354|
1343880355|
1343880356|
1343880357|
1343880358|
1343880359|
1343880384|
1343880385|
1343880386|
1343880387|
1343880388|
1343880389|
1343880390|
1343880391|
1343880416|
1343880417|
1343880418|
1343880419|
1343880420|
1343880421|
1343880422|
1343880423|
1343880448|
1343880449|
1343880450|
1343880451|
1343880452|
1343880453|
1343880454|
1343880455|
1343880480|
1343880481|
1343880482|
1343880483|
1343880484|
1343880485|
1343880486|
1343880487|
1343880512|
1343880513|
1343880514|
1343880515|
1343880516|
1343880517|
1343880518|
1343880519|
1343880544|
1343880545|
1343880546|
1343880547|
1343880548|
1343880549|
1343880550|
1343880551|
1343880576|
1343880577|
1343880578|
1343880579|
1343880580|
1343880581|
1343880582|
1343880583|
1343880608|
1343880609|
1343880610|
1343880611|
1343880612|
1343880613|
1343880614|
1343880615|
1343880640|
1343880641|
1343880642|
1343880643|
1343880644|
1343880645|
1343880646|
