10440227|
10440228|
10440229|
10440230|
10440231|
10440256|
10440257|
10440258|
10440259|
10440260|
10440261|
10440262|
10440263|
10440288|
10440289|
10440290|
10440291|
10440292|
10440293|
10440294|
10440295|
10440320|
10440321|
10440322|
10440323|
10440324|
10440325|
10440326|
10440327|
10440352|
10440353|
10440354|
10440355|
10440356|
10440357|
10440358|
10440359|
10440384|
10440385|
10440386|
10440387|
10440388|
10440389|
10440390|
10440391|
10440416|
10440417|
10440418|
10440419|
10440420|
10440421|
10440422|
10440423|
10440448|
10440449|
10440450|
10440451|
10440452|
10440453|
10440454|
10440455|
10440480|
10440481|
10440482|
10440483|
10440484|
10440485|
10440486|
10440487|
10440512|
10440513|
10440514|
10440515|
10440516|
10440517|
10440518|
10440519|
10440544|
10440545|
10440546|
10440547|
10440548|
10440549|
10440550|
10440551|
10440576|
10440577|
10440578|
10440579|
10440580|
10440581|
10440582|
10440583|
10440608|
10440609|
10440610|
10440611|
10440612|
10440613|
10440614|
