1349280385|
1349280386|
1349280387|
1349280388|
1349280389|
1349280390|
1349280391|
1349280416|
1349280417|
1349280418|
1349280419|
1349280420|
1349280421|
1349280422|
1349280423|
1349280448|
1349280449|
1349280450|
1349280451|
1349280452|
1349280453|
1349280454|
1349280455|
1349280480|
1349280481|
1349280482|
1349280483|
1349280484|
1349280485|
1349280486|
1349280487|
1349280512|
1349280513|
1349280514|
1349280515|
1349280516|
1349280517|
1349280518|
1349280519|
1349280544|
1349280545|
1349280546|
1349280547|
1349280548|
1349280549|
1349280550|
1349280551|
1349280576|
1349280577|
1349280578|
1349280579|
1349280580|
1349280581|
1349280582|
1349280583|
1349280608|
1349280609|
1349280610|
1349280611|
1349280612|
1349280613|
1349280614|
1349280615|
1349280640|
1349280641|
1349280642|
1349280643|
1349280644|
1349280645|
1349280646|
1349280647|
1349280672|
1349280673|
1349280674|
1349280675|
1349280676|
1349280677|
1349280678|
1349280679|
1349280704|
1349280705|
1349280706|
1349280707|
1349280708|
1349280709|
1349280710|
1349280711|
1349280736|
1349280737|
1349280738|
1349280739|
1349280740|
1349280741|
1349280742|
1349280743|
1349280768|
1349280769|
1349280770|
1349280771|
1349280772|
