1339020160|
1339020161|
1339020162|
1339020163|
1339020164|
1339020165|
1339020166|
1339020167|
1339020192|
1339020193|
1339020194|
1339020195|
1339020196|
1339020197|
1339020198|
1339020199|
1339020224|
1339020225|
1339020226|
1339020227|
1339020228|
1339020229|
1339020230|
1339020231|
1339020256|
1339020257|
1339020258|
1339020259|
1339020260|
1339020261|
1339020262|
1339020263|
1339020288|
1339020289|
1339020290|
1339020291|
1339020292|
1339020293|
1339020294|
1339020295|
1339020320|
1339020321|
1339020322|
1339020323|
1339020324|
1339020325|
1339020326|
1339020327|
1339020352|
1339020353|
1339020354|
1339020355|
1339020356|
1339020357|
1339020358|
1339020359|
1339020384|
1339020385|
1339020386|
1339020387|
1339020388|
1339020389|
1339020390|
1339020391|
1339020416|
1339020417|
1339020418|
1339020419|
1339020420|
1339020421|
1339020422|
1339020423|
1339020448|
1339020449|
1339020450|
1339020451|
1339020452|
1339020453|
1339020454|
1339020455|
1339020480|
1339020481|
1339020482|
1339020483|
1339020484|
1339020485|
1339020486|
1339020487|
1339020512|
1339020513|
1339020514|
1339020515|
1339020516|
1339020517|
1339020518|
1339020519|
1339020544|
1339020545|
1339020546|
1339020547|
