1333620034|
1333620035|
1333620036|
1333620037|
1333620038|
1333620039|
1333620064|
1333620065|
1333620066|
1333620067|
1333620068|
1333620069|
1333620070|
1333620071|
1333620096|
1333620097|
1333620098|
1333620099|
1333620100|
1333620101|
1333620102|
1333620103|
1333620128|
1333620129|
1333620130|
1333620131|
1333620132|
1333620133|
1333620134|
1333620135|
1333620160|
1333620161|
1333620162|
1333620163|
1333620164|
1333620165|
1333620166|
1333620167|
1333620192|
1333620193|
1333620194|
1333620195|
1333620196|
1333620197|
1333620198|
1333620199|
1333620224|
1333620225|
1333620226|
1333620227|
1333620228|
1333620229|
1333620230|
1333620231|
1333620256|
1333620257|
1333620258|
1333620259|
1333620260|
1333620261|
1333620262|
1333620263|
1333620288|
1333620289|
1333620290|
1333620291|
1333620292|
1333620293|
1333620294|
1333620295|
1333620320|
1333620321|
1333620322|
1333620323|
1333620324|
1333620325|
1333620326|
1333620327|
1333620352|
1333620353|
1333620354|
1333620355|
1333620356|
1333620357|
1333620358|
1333620359|
1333620384|
1333620385|
1333620386|
1333620387|
1333620388|
1333620389|
1333620390|
1333620391|
1333620416|
1333620417|
1333620418|
1333620419|
1333620420|
1333620421|
