2694600263|
2694600288|
2694600289|
2694600290|
2694600291|
2694600292|
2694600293|
2694600294|
2694600295|
2694600320|
2694600321|
2694600322|
2694600323|
2694600324|
2694600325|
2694600326|
2694600327|
2694600352|
2694600353|
2694600354|
2694600355|
2694600356|
2694600357|
2694600358|
2694600359|
2694600384|
2694600385|
2694600386|
2694600387|
2694600388|
2694600389|
2694600390|
2694600391|
2694600416|
2694600417|
2694600418|
2694600419|
2694600420|
2694600421|
2694600422|
2694600423|
2694600448|
2694600449|
2694600450|
2694600451|
2694600452|
2694600453|
2694600454|
2694600455|
2694600480|
2694600481|
2694600482|
2694600483|
2694600484|
2694600485|
2694600486|
2694600487|
2694600512|
2694600513|
2694600514|
2694600515|
2694600516|
2694600517|
2694600518|
2694600519|
2694600544|
2694600545|
2694600546|
2694600547|
2694600548|
2694600549|
2694600550|
2694600551|
2694600576|
2694600577|
2694600578|
2694600579|
2694600580|
2694600581|
2694600582|
2694600583|
2694600608|
2694600609|
2694600610|
2694600611|
2694600612|
2694600613|
2694600614|
2694600615|
2694600640|
2694600641|
2694600642|
2694600643|
2694600644|
2694600645|
2694600646|
2694600647|
2694600672|
2694600673|
2694600674|
