1341900224|
1341900225|
1341900226|
1341900227|
1341900228|
1341900229|
1341900230|
1341900231|
1341900256|
1341900257|
1341900258|
1341900259|
1341900260|
1341900261|
1341900262|
1341900263|
1341900288|
1341900289|
1341900290|
1341900291|
1341900292|
1341900293|
1341900294|
1341900295|
1341900320|
1341900321|
1341900322|
1341900323|
1341900324|
1341900325|
1341900326|
1341900327|
1341900352|
1341900353|
1341900354|
1341900355|
1341900356|
1341900357|
1341900358|
1341900359|
1341900384|
1341900385|
1341900386|
1341900387|
1341900388|
1341900389|
1341900390|
1341900391|
1341900416|
1341900417|
1341900418|
1341900419|
1341900420|
1341900421|
1341900422|
1341900423|
1341900448|
1341900449|
1341900450|
1341900451|
1341900452|
1341900453|
1341900454|
1341900455|
1341900480|
1341900481|
1341900482|
1341900483|
1341900484|
1341900485|
1341900486|
1341900487|
1341900512|
1341900513|
1341900514|
1341900515|
1341900516|
1341900517|
1341900518|
1341900519|
1341900544|
1341900545|
1341900546|
1341900547|
1341900548|
1341900549|
1341900550|
1341900551|
1341900576|
1341900577|
1341900578|
1341900579|
1341900580|
1341900581|
1341900582|
1341900583|
1341900608|
1341900609|
1341900610|
1341900611|
