12780288|
12780289|
12780290|
12780291|
12780292|
12780293|
12780294|
12780295|
12780320|
12780321|
12780322|
12780323|
12780324|
12780325|
12780326|
12780327|
12780352|
12780353|
12780354|
12780355|
12780356|
12780357|
12780358|
12780359|
12780384|
12780385|
12780386|
12780387|
12780388|
12780389|
12780390|
12780391|
12780416|
12780417|
12780418|
12780419|
12780420|
12780421|
12780422|
12780423|
12780448|
12780449|
12780450|
12780451|
12780452|
12780453|
12780454|
12780455|
12780480|
12780481|
12780482|
12780483|
12780484|
12780485|
12780486|
12780487|
12780512|
12780513|
12780514|
12780515|
12780516|
12780517|
12780518|
12780519|
12780544|
12780545|
12780546|
12780547|
12780548|
12780549|
12780550|
12780551|
12780576|
12780577|
12780578|
12780579|
12780580|
12780581|
12780582|
12780583|
12780608|
12780609|
12780610|
12780611|
12780612|
12780613|
12780614|
12780615|
12780640|
12780641|
12780642|
12780643|
12780644|
12780645|
12780646|
12780647|
12780672|
12780673|
12780674|
12780675|
