9180196|
9180197|
9180198|
9180199|
9180224|
9180225|
9180226|
9180227|
9180228|
9180229|
9180230|
9180231|
9180256|
9180257|
9180258|
9180259|
9180260|
9180261|
9180262|
9180263|
9180288|
9180289|
9180290|
9180291|
9180292|
9180293|
9180294|
9180295|
9180320|
9180321|
9180322|
9180323|
9180324|
9180325|
9180326|
9180327|
9180352|
9180353|
9180354|
9180355|
9180356|
9180357|
9180358|
9180359|
9180384|
9180385|
9180386|
9180387|
9180388|
9180389|
9180390|
9180391|
9180416|
9180417|
9180418|
9180419|
9180420|
9180421|
9180422|
9180423|
9180448|
9180449|
9180450|
9180451|
9180452|
9180453|
9180454|
9180455|
9180480|
9180481|
9180482|
9180483|
9180484|
9180485|
9180486|
9180487|
9180512|
9180513|
9180514|
9180515|
9180516|
9180517|
9180518|
9180519|
9180544|
9180545|
9180546|
9180547|
9180548|
9180549|
9180550|
9180551|
9180576|
9180577|
9180578|
9180579|
9180580|
9180581|
9180582|
9180583|
