1338480133|
1338480134|
1338480135|
1338480160|
1338480161|
1338480162|
1338480163|
1338480164|
1338480165|
1338480166|
1338480167|
1338480192|
1338480193|
1338480194|
1338480195|
1338480196|
1338480197|
1338480198|
1338480199|
1338480224|
1338480225|
1338480226|
1338480227|
1338480228|
1338480229|
1338480230|
1338480231|
1338480256|
1338480257|
1338480258|
1338480259|
1338480260|
1338480261|
1338480262|
1338480263|
1338480288|
1338480289|
1338480290|
1338480291|
1338480292|
1338480293|
1338480294|
1338480295|
1338480320|
1338480321|
1338480322|
1338480323|
1338480324|
1338480325|
1338480326|
1338480327|
1338480352|
1338480353|
1338480354|
1338480355|
1338480356|
1338480357|
1338480358|
1338480359|
1338480384|
1338480385|
1338480386|
1338480387|
1338480388|
1338480389|
1338480390|
1338480391|
1338480416|
1338480417|
1338480418|
1338480419|
1338480420|
1338480421|
1338480422|
1338480423|
1338480448|
1338480449|
1338480450|
1338480451|
1338480452|
1338480453|
1338480454|
1338480455|
1338480480|
1338480481|
1338480482|
1338480483|
1338480484|
1338480485|
1338480486|
1338480487|
1338480512|
1338480513|
1338480514|
1338480515|
1338480516|
1338480517|
1338480518|
1338480519|
1338480544|
