2520039|
2520064|
2520065|
2520066|
2520067|
2520068|
2520069|
2520070|
2520071|
2520096|
2520097|
2520098|
2520099|
2520100|
2520101|
2520102|
2520103|
2520128|
2520129|
2520130|
2520131|
2520132|
2520133|
2520134|
2520135|
2520160|
2520161|
2520162|
2520163|
2520164|
2520165|
2520166|
2520167|
2520192|
2520193|
2520194|
2520195|
2520196|
2520197|
2520198|
2520199|
2520224|
2520225|
2520226|
2520227|
2520228|
2520229|
2520230|
2520231|
2520256|
2520257|
2520258|
2520259|
2520260|
2520261|
2520262|
2520263|
2520288|
2520289|
2520290|
2520291|
2520292|
2520293|
2520294|
2520295|
2520320|
2520321|
2520322|
2520323|
2520324|
2520325|
2520326|
2520327|
2520352|
2520353|
2520354|
2520355|
2520356|
2520357|
2520358|
2520359|
2520384|
2520385|
2520386|
2520387|
2520388|
2520389|
2520390|
2520391|
2520416|
2520417|
2520418|
2520419|
2520420|
2520421|
2520422|
2520423|
2520448|
2520449|
2520450|
