1341540198|
1341540199|
1341540224|
1341540225|
1341540226|
1341540227|
1341540228|
1341540229|
1341540230|
1341540231|
1341540256|
1341540257|
1341540258|
1341540259|
1341540260|
1341540261|
1341540262|
1341540263|
1341540288|
1341540289|
1341540290|
1341540291|
1341540292|
1341540293|
1341540294|
1341540295|
1341540320|
1341540321|
1341540322|
1341540323|
1341540324|
1341540325|
1341540326|
1341540327|
1341540352|
1341540353|
1341540354|
1341540355|
1341540356|
1341540357|
1341540358|
1341540359|
1341540384|
1341540385|
1341540386|
1341540387|
1341540388|
1341540389|
1341540390|
1341540391|
1341540416|
1341540417|
1341540418|
1341540419|
1341540420|
1341540421|
1341540422|
1341540423|
1341540448|
1341540449|
1341540450|
1341540451|
1341540452|
1341540453|
1341540454|
1341540455|
1341540480|
1341540481|
1341540482|
1341540483|
1341540484|
1341540485|
1341540486|
1341540487|
1341540512|
1341540513|
1341540514|
1341540515|
1341540516|
1341540517|
1341540518|
1341540519|
1341540544|
1341540545|
1341540546|
1341540547|
1341540548|
1341540549|
1341540550|
1341540551|
1341540576|
1341540577|
1341540578|
1341540579|
1341540580|
1341540581|
1341540582|
1341540583|
1341540608|
1341540609|
