2698200355|
2698200356|
2698200357|
2698200358|
2698200359|
2698200384|
2698200385|
2698200386|
2698200387|
2698200388|
2698200389|
2698200390|
2698200391|
2698200416|
2698200417|
2698200418|
2698200419|
2698200420|
2698200421|
2698200422|
2698200423|
2698200448|
2698200449|
2698200450|
2698200451|
2698200452|
2698200453|
2698200454|
2698200455|
2698200480|
2698200481|
2698200482|
2698200483|
2698200484|
2698200485|
2698200486|
2698200487|
2698200512|
2698200513|
2698200514|
2698200515|
2698200516|
2698200517|
2698200518|
2698200519|
2698200544|
2698200545|
2698200546|
2698200547|
2698200548|
2698200549|
2698200550|
2698200551|
2698200576|
2698200577|
2698200578|
2698200579|
2698200580|
2698200581|
2698200582|
2698200583|
2698200608|
2698200609|
2698200610|
2698200611|
2698200612|
2698200613|
2698200614|
2698200615|
2698200640|
2698200641|
2698200642|
2698200643|
2698200644|
2698200645|
2698200646|
2698200647|
2698200672|
2698200673|
2698200674|
2698200675|
2698200676|
2698200677|
2698200678|
2698200679|
2698200704|
2698200705|
2698200706|
2698200707|
2698200708|
2698200709|
2698200710|
2698200711|
2698200736|
2698200737|
2698200738|
2698200739|
2698200740|
2698200741|
2698200742|
