1341360197|
1341360198|
1341360199|
1341360224|
1341360225|
1341360226|
1341360227|
1341360228|
1341360229|
1341360230|
1341360231|
1341360256|
1341360257|
1341360258|
1341360259|
1341360260|
1341360261|
1341360262|
1341360263|
1341360288|
1341360289|
1341360290|
1341360291|
1341360292|
1341360293|
1341360294|
1341360295|
1341360320|
1341360321|
1341360322|
1341360323|
1341360324|
1341360325|
1341360326|
1341360327|
1341360352|
1341360353|
1341360354|
1341360355|
1341360356|
1341360357|
1341360358|
1341360359|
1341360384|
1341360385|
1341360386|
1341360387|
1341360388|
1341360389|
1341360390|
1341360391|
1341360416|
1341360417|
1341360418|
1341360419|
1341360420|
1341360421|
1341360422|
1341360423|
1341360448|
1341360449|
1341360450|
1341360451|
1341360452|
1341360453|
1341360454|
1341360455|
1341360480|
1341360481|
1341360482|
1341360483|
1341360484|
1341360485|
1341360486|
1341360487|
1341360512|
1341360513|
1341360514|
1341360515|
1341360516|
1341360517|
1341360518|
1341360519|
1341360544|
1341360545|
1341360546|
1341360547|
1341360548|
1341360549|
1341360550|
1341360551|
1341360576|
1341360577|
1341360578|
1341360579|
1341360580|
1341360581|
1341360582|
1341360583|
1341360608|
