2686140096|
2686140097|
2686140098|
2686140099|
2686140100|
2686140101|
2686140102|
2686140103|
2686140128|
2686140129|
2686140130|
2686140131|
2686140132|
2686140133|
2686140134|
2686140135|
2686140160|
2686140161|
2686140162|
2686140163|
2686140164|
2686140165|
2686140166|
2686140167|
2686140192|
2686140193|
2686140194|
2686140195|
2686140196|
2686140197|
2686140198|
2686140199|
2686140224|
2686140225|
2686140226|
2686140227|
2686140228|
2686140229|
2686140230|
2686140231|
2686140256|
2686140257|
2686140258|
2686140259|
2686140260|
2686140261|
2686140262|
2686140263|
2686140288|
2686140289|
2686140290|
2686140291|
2686140292|
2686140293|
2686140294|
2686140295|
2686140320|
2686140321|
2686140322|
2686140323|
2686140324|
2686140325|
2686140326|
2686140327|
2686140352|
2686140353|
2686140354|
2686140355|
2686140356|
2686140357|
2686140358|
2686140359|
2686140384|
2686140385|
2686140386|
2686140387|
2686140388|
2686140389|
2686140390|
2686140391|
2686140416|
2686140417|
2686140418|
2686140419|
2686140420|
2686140421|
2686140422|
2686140423|
2686140448|
2686140449|
2686140450|
2686140451|
2686140452|
2686140453|
2686140454|
2686140455|
2686140480|
2686140481|
2686140482|
2686140483|
