2696040295|
2696040320|
2696040321|
2696040322|
2696040323|
2696040324|
2696040325|
2696040326|
2696040327|
2696040352|
2696040353|
2696040354|
2696040355|
2696040356|
2696040357|
2696040358|
2696040359|
2696040384|
2696040385|
2696040386|
2696040387|
2696040388|
2696040389|
2696040390|
2696040391|
2696040416|
2696040417|
2696040418|
2696040419|
2696040420|
2696040421|
2696040422|
2696040423|
2696040448|
2696040449|
2696040450|
2696040451|
2696040452|
2696040453|
2696040454|
2696040455|
2696040480|
2696040481|
2696040482|
2696040483|
2696040484|
2696040485|
2696040486|
2696040487|
2696040512|
2696040513|
2696040514|
2696040515|
2696040516|
2696040517|
2696040518|
2696040519|
2696040544|
2696040545|
2696040546|
2696040547|
2696040548|
2696040549|
2696040550|
2696040551|
2696040576|
2696040577|
2696040578|
2696040579|
2696040580|
2696040581|
2696040582|
2696040583|
2696040608|
2696040609|
2696040610|
2696040611|
2696040612|
2696040613|
2696040614|
2696040615|
2696040640|
2696040641|
2696040642|
2696040643|
2696040644|
2696040645|
2696040646|
2696040647|
2696040672|
2696040673|
2696040674|
2696040675|
2696040676|
2696040677|
2696040678|
2696040679|
2696040704|
2696040705|
2696040706|
