6840135|
6840160|
6840161|
6840162|
6840163|
6840164|
6840165|
6840166|
6840167|
6840192|
6840193|
6840194|
6840195|
6840196|
6840197|
6840198|
6840199|
6840224|
6840225|
6840226|
6840227|
6840228|
6840229|
6840230|
6840231|
6840256|
6840257|
6840258|
6840259|
6840260|
6840261|
6840262|
6840263|
6840288|
6840289|
6840290|
6840291|
6840292|
6840293|
6840294|
6840295|
6840320|
6840321|
6840322|
6840323|
6840324|
6840325|
6840326|
6840327|
6840352|
6840353|
6840354|
6840355|
6840356|
6840357|
6840358|
6840359|
6840384|
6840385|
6840386|
6840387|
6840388|
6840389|
6840390|
6840391|
6840416|
6840417|
6840418|
6840419|
6840420|
6840421|
6840422|
6840423|
6840448|
6840449|
6840450|
6840451|
6840452|
6840453|
6840454|
6840455|
6840480|
6840481|
6840482|
6840483|
6840484|
6840485|
6840486|
6840487|
6840512|
6840513|
6840514|
6840515|
6840516|
6840517|
6840518|
6840519|
6840544|
6840545|
6840546|
