1335960071|
1335960096|
1335960097|
1335960098|
1335960099|
1335960100|
1335960101|
1335960102|
1335960103|
1335960128|
1335960129|
1335960130|
1335960131|
1335960132|
1335960133|
1335960134|
1335960135|
1335960160|
1335960161|
1335960162|
1335960163|
1335960164|
1335960165|
1335960166|
1335960167|
1335960192|
1335960193|
1335960194|
1335960195|
1335960196|
1335960197|
1335960198|
1335960199|
1335960224|
1335960225|
1335960226|
1335960227|
1335960228|
1335960229|
1335960230|
1335960231|
1335960256|
1335960257|
1335960258|
1335960259|
1335960260|
1335960261|
1335960262|
1335960263|
1335960288|
1335960289|
1335960290|
1335960291|
1335960292|
1335960293|
1335960294|
1335960295|
1335960320|
1335960321|
1335960322|
1335960323|
1335960324|
1335960325|
1335960326|
1335960327|
1335960352|
1335960353|
1335960354|
1335960355|
1335960356|
1335960357|
1335960358|
1335960359|
1335960384|
1335960385|
1335960386|
1335960387|
1335960388|
1335960389|
1335960390|
1335960391|
1335960416|
1335960417|
1335960418|
1335960419|
1335960420|
1335960421|
1335960422|
1335960423|
1335960448|
1335960449|
1335960450|
1335960451|
1335960452|
1335960453|
1335960454|
1335960455|
1335960480|
1335960481|
1335960482|
