1338660134|
1338660135|
1338660160|
1338660161|
1338660162|
1338660163|
1338660164|
1338660165|
1338660166|
1338660167|
1338660192|
1338660193|
1338660194|
1338660195|
1338660196|
1338660197|
1338660198|
1338660199|
1338660224|
1338660225|
1338660226|
1338660227|
1338660228|
1338660229|
1338660230|
1338660231|
1338660256|
1338660257|
1338660258|
1338660259|
1338660260|
1338660261|
1338660262|
1338660263|
1338660288|
1338660289|
1338660290|
1338660291|
1338660292|
1338660293|
1338660294|
1338660295|
1338660320|
1338660321|
1338660322|
1338660323|
1338660324|
1338660325|
1338660326|
1338660327|
1338660352|
1338660353|
1338660354|
1338660355|
1338660356|
1338660357|
1338660358|
1338660359|
1338660384|
1338660385|
1338660386|
1338660387|
1338660388|
1338660389|
1338660390|
1338660391|
1338660416|
1338660417|
1338660418|
1338660419|
1338660420|
1338660421|
1338660422|
1338660423|
1338660448|
1338660449|
1338660450|
1338660451|
1338660452|
1338660453|
1338660454|
1338660455|
1338660480|
1338660481|
1338660482|
1338660483|
1338660484|
1338660485|
1338660486|
1338660487|
1338660512|
1338660513|
1338660514|
1338660515|
1338660516|
1338660517|
1338660518|
1338660519|
1338660544|
1338660545|
