2698560357|
2698560358|
2698560359|
2698560384|
2698560385|
2698560386|
2698560387|
2698560388|
2698560389|
2698560390|
2698560391|
2698560416|
2698560417|
2698560418|
2698560419|
2698560420|
2698560421|
2698560422|
2698560423|
2698560448|
2698560449|
2698560450|
2698560451|
2698560452|
2698560453|
2698560454|
2698560455|
2698560480|
2698560481|
2698560482|
2698560483|
2698560484|
2698560485|
2698560486|
2698560487|
2698560512|
2698560513|
2698560514|
2698560515|
2698560516|
2698560517|
2698560518|
2698560519|
2698560544|
2698560545|
2698560546|
2698560547|
2698560548|
2698560549|
2698560550|
2698560551|
2698560576|
2698560577|
2698560578|
2698560579|
2698560580|
2698560581|
2698560582|
2698560583|
2698560608|
2698560609|
2698560610|
2698560611|
2698560612|
2698560613|
2698560614|
2698560615|
2698560640|
2698560641|
2698560642|
2698560643|
2698560644|
2698560645|
2698560646|
2698560647|
2698560672|
2698560673|
2698560674|
2698560675|
2698560676|
2698560677|
2698560678|
2698560679|
2698560704|
2698560705|
2698560706|
2698560707|
2698560708|
2698560709|
2698560710|
2698560711|
2698560736|
2698560737|
2698560738|
2698560739|
2698560740|
2698560741|
2698560742|
2698560743|
2698560768|
