2685240067|
2685240068|
2685240069|
2685240070|
2685240071|
2685240096|
2685240097|
2685240098|
2685240099|
2685240100|
2685240101|
2685240102|
2685240103|
2685240128|
2685240129|
2685240130|
2685240131|
2685240132|
2685240133|
2685240134|
2685240135|
2685240160|
2685240161|
2685240162|
2685240163|
2685240164|
2685240165|
2685240166|
2685240167|
2685240192|
2685240193|
2685240194|
2685240195|
2685240196|
2685240197|
2685240198|
2685240199|
2685240224|
2685240225|
2685240226|
2685240227|
2685240228|
2685240229|
2685240230|
2685240231|
2685240256|
2685240257|
2685240258|
2685240259|
2685240260|
2685240261|
2685240262|
2685240263|
2685240288|
2685240289|
2685240290|
2685240291|
2685240292|
2685240293|
2685240294|
2685240295|
2685240320|
2685240321|
2685240322|
2685240323|
2685240324|
2685240325|
2685240326|
2685240327|
2685240352|
2685240353|
2685240354|
2685240355|
2685240356|
2685240357|
2685240358|
2685240359|
2685240384|
2685240385|
2685240386|
2685240387|
2685240388|
2685240389|
2685240390|
2685240391|
2685240416|
2685240417|
2685240418|
2685240419|
2685240420|
2685240421|
2685240422|
2685240423|
2685240448|
2685240449|
2685240450|
2685240451|
2685240452|
2685240453|
2685240454|
