3060066|
3060067|
3060068|
3060069|
3060070|
3060071|
3060096|
3060097|
3060098|
3060099|
3060100|
3060101|
3060102|
3060103|
3060128|
3060129|
3060130|
3060131|
3060132|
3060133|
3060134|
3060135|
3060160|
3060161|
3060162|
3060163|
3060164|
3060165|
3060166|
3060167|
3060192|
3060193|
3060194|
3060195|
3060196|
3060197|
3060198|
3060199|
3060224|
3060225|
3060226|
3060227|
3060228|
3060229|
3060230|
3060231|
3060256|
3060257|
3060258|
3060259|
3060260|
3060261|
3060262|
3060263|
3060288|
3060289|
3060290|
3060291|
3060292|
3060293|
3060294|
3060295|
3060320|
3060321|
3060322|
3060323|
3060324|
3060325|
3060326|
3060327|
3060352|
3060353|
3060354|
3060355|
3060356|
3060357|
3060358|
3060359|
3060384|
3060385|
3060386|
3060387|
3060388|
3060389|
3060390|
3060391|
3060416|
3060417|
3060418|
3060419|
3060420|
3060421|
3060422|
3060423|
3060448|
3060449|
3060450|
3060451|
3060452|
3060453|
