1344960289|
1344960290|
1344960291|
1344960292|
1344960293|
1344960294|
1344960295|
1344960320|
1344960321|
1344960322|
1344960323|
1344960324|
1344960325|
1344960326|
1344960327|
1344960352|
1344960353|
1344960354|
1344960355|
1344960356|
1344960357|
1344960358|
1344960359|
1344960384|
1344960385|
1344960386|
1344960387|
1344960388|
1344960389|
1344960390|
1344960391|
1344960416|
1344960417|
1344960418|
1344960419|
1344960420|
1344960421|
1344960422|
1344960423|
1344960448|
1344960449|
1344960450|
1344960451|
1344960452|
1344960453|
1344960454|
1344960455|
1344960480|
1344960481|
1344960482|
1344960483|
1344960484|
1344960485|
1344960486|
1344960487|
1344960512|
1344960513|
1344960514|
1344960515|
1344960516|
1344960517|
1344960518|
1344960519|
1344960544|
1344960545|
1344960546|
1344960547|
1344960548|
1344960549|
1344960550|
1344960551|
1344960576|
1344960577|
1344960578|
1344960579|
1344960580|
1344960581|
1344960582|
1344960583|
1344960608|
1344960609|
1344960610|
1344960611|
1344960612|
1344960613|
1344960614|
1344960615|
1344960640|
1344960641|
1344960642|
1344960643|
1344960644|
1344960645|
1344960646|
1344960647|
1344960672|
1344960673|
1344960674|
1344960675|
1344960676|
