8280167|
8280192|
8280193|
8280194|
8280195|
8280196|
8280197|
8280198|
8280199|
8280224|
8280225|
8280226|
8280227|
8280228|
8280229|
8280230|
8280231|
8280256|
8280257|
8280258|
8280259|
8280260|
8280261|
8280262|
8280263|
8280288|
8280289|
8280290|
8280291|
8280292|
8280293|
8280294|
8280295|
8280320|
8280321|
8280322|
8280323|
8280324|
8280325|
8280326|
8280327|
8280352|
8280353|
8280354|
8280355|
8280356|
8280357|
8280358|
8280359|
8280384|
8280385|
8280386|
8280387|
8280388|
8280389|
8280390|
8280391|
8280416|
8280417|
8280418|
8280419|
8280420|
8280421|
8280422|
8280423|
8280448|
8280449|
8280450|
8280451|
8280452|
8280453|
8280454|
8280455|
8280480|
8280481|
8280482|
8280483|
8280484|
8280485|
8280486|
8280487|
8280512|
8280513|
8280514|
8280515|
8280516|
8280517|
8280518|
8280519|
8280544|
8280545|
8280546|
8280547|
8280548|
8280549|
8280550|
8280551|
8280576|
8280577|
8280578|
