2684160037|
2684160038|
2684160039|
2684160064|
2684160065|
2684160066|
2684160067|
2684160068|
2684160069|
2684160070|
2684160071|
2684160096|
2684160097|
2684160098|
2684160099|
2684160100|
2684160101|
2684160102|
2684160103|
2684160128|
2684160129|
2684160130|
2684160131|
2684160132|
2684160133|
2684160134|
2684160135|
2684160160|
2684160161|
2684160162|
2684160163|
2684160164|
2684160165|
2684160166|
2684160167|
2684160192|
2684160193|
2684160194|
2684160195|
2684160196|
2684160197|
2684160198|
2684160199|
2684160224|
2684160225|
2684160226|
2684160227|
2684160228|
2684160229|
2684160230|
2684160231|
2684160256|
2684160257|
2684160258|
2684160259|
2684160260|
2684160261|
2684160262|
2684160263|
2684160288|
2684160289|
2684160290|
2684160291|
2684160292|
2684160293|
2684160294|
2684160295|
2684160320|
2684160321|
2684160322|
2684160323|
2684160324|
2684160325|
2684160326|
2684160327|
2684160352|
2684160353|
2684160354|
2684160355|
2684160356|
2684160357|
2684160358|
2684160359|
2684160384|
2684160385|
2684160386|
2684160387|
2684160388|
2684160389|
2684160390|
2684160391|
2684160416|
2684160417|
2684160418|
2684160419|
2684160420|
2684160421|
2684160422|
2684160423|
2684160448|
