4320097|
4320098|
4320099|
4320100|
4320101|
4320102|
4320103|
4320128|
4320129|
4320130|
4320131|
4320132|
4320133|
4320134|
4320135|
4320160|
4320161|
4320162|
4320163|
4320164|
4320165|
4320166|
4320167|
4320192|
4320193|
4320194|
4320195|
4320196|
4320197|
4320198|
4320199|
4320224|
4320225|
4320226|
4320227|
4320228|
4320229|
4320230|
4320231|
4320256|
4320257|
4320258|
4320259|
4320260|
4320261|
4320262|
4320263|
4320288|
4320289|
4320290|
4320291|
4320292|
4320293|
4320294|
4320295|
4320320|
4320321|
4320322|
4320323|
4320324|
4320325|
4320326|
4320327|
4320352|
4320353|
4320354|
4320355|
4320356|
4320357|
4320358|
4320359|
4320384|
4320385|
4320386|
4320387|
4320388|
4320389|
4320390|
4320391|
4320416|
4320417|
4320418|
4320419|
4320420|
4320421|
4320422|
4320423|
4320448|
4320449|
4320450|
4320451|
4320452|
4320453|
4320454|
4320455|
4320480|
4320481|
4320482|
4320483|
4320484|
