1349820388|
1349820389|
1349820390|
1349820391|
1349820416|
1349820417|
1349820418|
1349820419|
1349820420|
1349820421|
1349820422|
1349820423|
1349820448|
1349820449|
1349820450|
1349820451|
1349820452|
1349820453|
1349820454|
1349820455|
1349820480|
1349820481|
1349820482|
1349820483|
1349820484|
1349820485|
1349820486|
1349820487|
1349820512|
1349820513|
1349820514|
1349820515|
1349820516|
1349820517|
1349820518|
1349820519|
1349820544|
1349820545|
1349820546|
1349820547|
1349820548|
1349820549|
1349820550|
1349820551|
1349820576|
1349820577|
1349820578|
1349820579|
1349820580|
1349820581|
1349820582|
1349820583|
1349820608|
1349820609|
1349820610|
1349820611|
1349820612|
1349820613|
1349820614|
1349820615|
1349820640|
1349820641|
1349820642|
1349820643|
1349820644|
1349820645|
1349820646|
1349820647|
1349820672|
1349820673|
1349820674|
1349820675|
1349820676|
1349820677|
1349820678|
1349820679|
1349820704|
1349820705|
1349820706|
1349820707|
1349820708|
1349820709|
1349820710|
1349820711|
1349820736|
1349820737|
1349820738|
1349820739|
1349820740|
1349820741|
1349820742|
1349820743|
1349820768|
1349820769|
1349820770|
1349820771|
1349820772|
1349820773|
1349820774|
1349820775|
