2689740164|
2689740165|
2689740166|
2689740167|
2689740192|
2689740193|
2689740194|
2689740195|
2689740196|
2689740197|
2689740198|
2689740199|
2689740224|
2689740225|
2689740226|
2689740227|
2689740228|
2689740229|
2689740230|
2689740231|
2689740256|
2689740257|
2689740258|
2689740259|
2689740260|
2689740261|
2689740262|
2689740263|
2689740288|
2689740289|
2689740290|
2689740291|
2689740292|
2689740293|
2689740294|
2689740295|
2689740320|
2689740321|
2689740322|
2689740323|
2689740324|
2689740325|
2689740326|
2689740327|
2689740352|
2689740353|
2689740354|
2689740355|
2689740356|
2689740357|
2689740358|
2689740359|
2689740384|
2689740385|
2689740386|
2689740387|
2689740388|
2689740389|
2689740390|
2689740391|
2689740416|
2689740417|
2689740418|
2689740419|
2689740420|
2689740421|
2689740422|
2689740423|
2689740448|
2689740449|
2689740450|
2689740451|
2689740452|
2689740453|
2689740454|
2689740455|
2689740480|
2689740481|
2689740482|
2689740483|
2689740484|
2689740485|
2689740486|
2689740487|
2689740512|
2689740513|
2689740514|
2689740515|
2689740516|
2689740517|
2689740518|
2689740519|
2689740544|
2689740545|
2689740546|
2689740547|
2689740548|
2689740549|
2689740550|
2689740551|
