2696400321|
2696400322|
2696400323|
2696400324|
2696400325|
2696400326|
2696400327|
2696400352|
2696400353|
2696400354|
2696400355|
2696400356|
2696400357|
2696400358|
2696400359|
2696400384|
2696400385|
2696400386|
2696400387|
2696400388|
2696400389|
2696400390|
2696400391|
2696400416|
2696400417|
2696400418|
2696400419|
2696400420|
2696400421|
2696400422|
2696400423|
2696400448|
2696400449|
2696400450|
2696400451|
2696400452|
2696400453|
2696400454|
2696400455|
2696400480|
2696400481|
2696400482|
2696400483|
2696400484|
2696400485|
2696400486|
2696400487|
2696400512|
2696400513|
2696400514|
2696400515|
2696400516|
2696400517|
2696400518|
2696400519|
2696400544|
2696400545|
2696400546|
2696400547|
2696400548|
2696400549|
2696400550|
2696400551|
2696400576|
2696400577|
2696400578|
2696400579|
2696400580|
2696400581|
2696400582|
2696400583|
2696400608|
2696400609|
2696400610|
2696400611|
2696400612|
2696400613|
2696400614|
2696400615|
2696400640|
2696400641|
2696400642|
2696400643|
2696400644|
2696400645|
2696400646|
2696400647|
2696400672|
2696400673|
2696400674|
2696400675|
2696400676|
2696400677|
2696400678|
2696400679|
2696400704|
2696400705|
2696400706|
2696400707|
2696400708|
