2692080225|
2692080226|
2692080227|
2692080228|
2692080229|
2692080230|
2692080231|
2692080256|
2692080257|
2692080258|
2692080259|
2692080260|
2692080261|
2692080262|
2692080263|
2692080288|
2692080289|
2692080290|
2692080291|
2692080292|
2692080293|
2692080294|
2692080295|
2692080320|
2692080321|
2692080322|
2692080323|
2692080324|
2692080325|
2692080326|
2692080327|
2692080352|
2692080353|
2692080354|
2692080355|
2692080356|
2692080357|
2692080358|
2692080359|
2692080384|
2692080385|
2692080386|
2692080387|
2692080388|
2692080389|
2692080390|
2692080391|
2692080416|
2692080417|
2692080418|
2692080419|
2692080420|
2692080421|
2692080422|
2692080423|
2692080448|
2692080449|
2692080450|
2692080451|
2692080452|
2692080453|
2692080454|
2692080455|
2692080480|
2692080481|
2692080482|
2692080483|
2692080484|
2692080485|
2692080486|
2692080487|
2692080512|
2692080513|
2692080514|
2692080515|
2692080516|
2692080517|
2692080518|
2692080519|
2692080544|
2692080545|
2692080546|
2692080547|
2692080548|
2692080549|
2692080550|
2692080551|
2692080576|
2692080577|
2692080578|
2692080579|
2692080580|
2692080581|
2692080582|
2692080583|
2692080608|
2692080609|
2692080610|
2692080611|
2692080612|
