1349640387|
1349640388|
1349640389|
1349640390|
1349640391|
1349640416|
1349640417|
1349640418|
1349640419|
1349640420|
1349640421|
1349640422|
1349640423|
1349640448|
1349640449|
1349640450|
1349640451|
1349640452|
1349640453|
1349640454|
1349640455|
1349640480|
1349640481|
1349640482|
1349640483|
1349640484|
1349640485|
1349640486|
1349640487|
1349640512|
1349640513|
1349640514|
1349640515|
1349640516|
1349640517|
1349640518|
1349640519|
1349640544|
1349640545|
1349640546|
1349640547|
1349640548|
1349640549|
1349640550|
1349640551|
1349640576|
1349640577|
1349640578|
1349640579|
1349640580|
1349640581|
1349640582|
1349640583|
1349640608|
1349640609|
1349640610|
1349640611|
1349640612|
1349640613|
1349640614|
1349640615|
1349640640|
1349640641|
1349640642|
1349640643|
1349640644|
1349640645|
1349640646|
1349640647|
1349640672|
1349640673|
1349640674|
1349640675|
1349640676|
1349640677|
1349640678|
1349640679|
1349640704|
1349640705|
1349640706|
1349640707|
1349640708|
1349640709|
1349640710|
1349640711|
1349640736|
1349640737|
1349640738|
1349640739|
1349640740|
1349640741|
1349640742|
1349640743|
1349640768|
1349640769|
1349640770|
1349640771|
1349640772|
1349640773|
1349640774|
