4860100|
4860101|
4860102|
4860103|
4860128|
4860129|
4860130|
4860131|
4860132|
4860133|
4860134|
4860135|
4860160|
4860161|
4860162|
4860163|
4860164|
4860165|
4860166|
4860167|
4860192|
4860193|
4860194|
4860195|
4860196|
4860197|
4860198|
4860199|
4860224|
4860225|
4860226|
4860227|
4860228|
4860229|
4860230|
4860231|
4860256|
4860257|
4860258|
4860259|
4860260|
4860261|
4860262|
4860263|
4860288|
4860289|
4860290|
4860291|
4860292|
4860293|
4860294|
4860295|
4860320|
4860321|
4860322|
4860323|
4860324|
4860325|
4860326|
4860327|
4860352|
4860353|
4860354|
4860355|
4860356|
4860357|
4860358|
4860359|
4860384|
4860385|
4860386|
4860387|
4860388|
4860389|
4860390|
4860391|
4860416|
4860417|
4860418|
4860419|
4860420|
4860421|
4860422|
4860423|
4860448|
4860449|
4860450|
4860451|
4860452|
4860453|
4860454|
4860455|
4860480|
4860481|
4860482|
4860483|
4860484|
4860485|
4860486|
4860487|
