2693520257|
2693520258|
2693520259|
2693520260|
2693520261|
2693520262|
2693520263|
2693520288|
2693520289|
2693520290|
2693520291|
2693520292|
2693520293|
2693520294|
2693520295|
2693520320|
2693520321|
2693520322|
2693520323|
2693520324|
2693520325|
2693520326|
2693520327|
2693520352|
2693520353|
2693520354|
2693520355|
2693520356|
2693520357|
2693520358|
2693520359|
2693520384|
2693520385|
2693520386|
2693520387|
2693520388|
2693520389|
2693520390|
2693520391|
2693520416|
2693520417|
2693520418|
2693520419|
2693520420|
2693520421|
2693520422|
2693520423|
2693520448|
2693520449|
2693520450|
2693520451|
2693520452|
2693520453|
2693520454|
2693520455|
2693520480|
2693520481|
2693520482|
2693520483|
2693520484|
2693520485|
2693520486|
2693520487|
2693520512|
2693520513|
2693520514|
2693520515|
2693520516|
2693520517|
2693520518|
2693520519|
2693520544|
2693520545|
2693520546|
2693520547|
2693520548|
2693520549|
2693520550|
2693520551|
2693520576|
2693520577|
2693520578|
2693520579|
2693520580|
2693520581|
2693520582|
2693520583|
2693520608|
2693520609|
2693520610|
2693520611|
2693520612|
2693520613|
2693520614|
2693520615|
2693520640|
2693520641|
2693520642|
2693520643|
2693520644|
