2693340256|
2693340257|
2693340258|
2693340259|
2693340260|
2693340261|
2693340262|
2693340263|
2693340288|
2693340289|
2693340290|
2693340291|
2693340292|
2693340293|
2693340294|
2693340295|
2693340320|
2693340321|
2693340322|
2693340323|
2693340324|
2693340325|
2693340326|
2693340327|
2693340352|
2693340353|
2693340354|
2693340355|
2693340356|
2693340357|
2693340358|
2693340359|
2693340384|
2693340385|
2693340386|
2693340387|
2693340388|
2693340389|
2693340390|
2693340391|
2693340416|
2693340417|
2693340418|
2693340419|
2693340420|
2693340421|
2693340422|
2693340423|
2693340448|
2693340449|
2693340450|
2693340451|
2693340452|
2693340453|
2693340454|
2693340455|
2693340480|
2693340481|
2693340482|
2693340483|
2693340484|
2693340485|
2693340486|
2693340487|
2693340512|
2693340513|
2693340514|
2693340515|
2693340516|
2693340517|
2693340518|
2693340519|
2693340544|
2693340545|
2693340546|
2693340547|
2693340548|
2693340549|
2693340550|
2693340551|
2693340576|
2693340577|
2693340578|
2693340579|
2693340580|
2693340581|
2693340582|
2693340583|
2693340608|
2693340609|
2693340610|
2693340611|
2693340612|
2693340613|
2693340614|
2693340615|
2693340640|
2693340641|
2693340642|
2693340643|
