2697120325|
2697120326|
2697120327|
2697120352|
2697120353|
2697120354|
2697120355|
2697120356|
2697120357|
2697120358|
2697120359|
2697120384|
2697120385|
2697120386|
2697120387|
2697120388|
2697120389|
2697120390|
2697120391|
2697120416|
2697120417|
2697120418|
2697120419|
2697120420|
2697120421|
2697120422|
2697120423|
2697120448|
2697120449|
2697120450|
2697120451|
2697120452|
2697120453|
2697120454|
2697120455|
2697120480|
2697120481|
2697120482|
2697120483|
2697120484|
2697120485|
2697120486|
2697120487|
2697120512|
2697120513|
2697120514|
2697120515|
2697120516|
2697120517|
2697120518|
2697120519|
2697120544|
2697120545|
2697120546|
2697120547|
2697120548|
2697120549|
2697120550|
2697120551|
2697120576|
2697120577|
2697120578|
2697120579|
2697120580|
2697120581|
2697120582|
2697120583|
2697120608|
2697120609|
2697120610|
2697120611|
2697120612|
2697120613|
2697120614|
2697120615|
2697120640|
2697120641|
2697120642|
2697120643|
2697120644|
2697120645|
2697120646|
2697120647|
2697120672|
2697120673|
2697120674|
2697120675|
2697120676|
2697120677|
2697120678|
2697120679|
2697120704|
2697120705|
2697120706|
2697120707|
2697120708|
2697120709|
2697120710|
2697120711|
2697120736|
