7020160|
7020161|
7020162|
7020163|
7020164|
7020165|
7020166|
7020167|
7020192|
7020193|
7020194|
7020195|
7020196|
7020197|
7020198|
7020199|
7020224|
7020225|
7020226|
7020227|
7020228|
7020229|
7020230|
7020231|
7020256|
7020257|
7020258|
7020259|
7020260|
7020261|
7020262|
7020263|
7020288|
7020289|
7020290|
7020291|
7020292|
7020293|
7020294|
7020295|
7020320|
7020321|
7020322|
7020323|
7020324|
7020325|
7020326|
7020327|
7020352|
7020353|
7020354|
7020355|
7020356|
7020357|
7020358|
7020359|
7020384|
7020385|
7020386|
7020387|
7020388|
7020389|
7020390|
7020391|
7020416|
7020417|
7020418|
7020419|
7020420|
7020421|
7020422|
7020423|
7020448|
7020449|
7020450|
7020451|
7020452|
7020453|
7020454|
7020455|
7020480|
7020481|
7020482|
7020483|
7020484|
7020485|
7020486|
7020487|
7020512|
7020513|
7020514|
7020515|
7020516|
7020517|
7020518|
7020519|
7020544|
7020545|
7020546|
7020547|
