1342440227|
1342440228|
1342440229|
1342440230|
1342440231|
1342440256|
1342440257|
1342440258|
1342440259|
1342440260|
1342440261|
1342440262|
1342440263|
1342440288|
1342440289|
1342440290|
1342440291|
1342440292|
1342440293|
1342440294|
1342440295|
1342440320|
1342440321|
1342440322|
1342440323|
1342440324|
1342440325|
1342440326|
1342440327|
1342440352|
1342440353|
1342440354|
1342440355|
1342440356|
1342440357|
1342440358|
1342440359|
1342440384|
1342440385|
1342440386|
1342440387|
1342440388|
1342440389|
1342440390|
1342440391|
1342440416|
1342440417|
1342440418|
1342440419|
1342440420|
1342440421|
1342440422|
1342440423|
1342440448|
1342440449|
1342440450|
1342440451|
1342440452|
1342440453|
1342440454|
1342440455|
1342440480|
1342440481|
1342440482|
1342440483|
1342440484|
1342440485|
1342440486|
1342440487|
1342440512|
1342440513|
1342440514|
1342440515|
1342440516|
1342440517|
1342440518|
1342440519|
1342440544|
1342440545|
1342440546|
1342440547|
1342440548|
1342440549|
1342440550|
1342440551|
1342440576|
1342440577|
1342440578|
1342440579|
1342440580|
1342440581|
1342440582|
1342440583|
1342440608|
1342440609|
1342440610|
1342440611|
1342440612|
1342440613|
1342440614|
