13320291|
13320292|
13320293|
13320294|
13320295|
13320320|
13320321|
13320322|
13320323|
13320324|
13320325|
13320326|
13320327|
13320352|
13320353|
13320354|
13320355|
13320356|
13320357|
13320358|
13320359|
13320384|
13320385|
13320386|
13320387|
13320388|
13320389|
13320390|
13320391|
13320416|
13320417|
13320418|
13320419|
13320420|
13320421|
13320422|
13320423|
13320448|
13320449|
13320450|
13320451|
13320452|
13320453|
13320454|
13320455|
13320480|
13320481|
13320482|
13320483|
13320484|
13320485|
13320486|
13320487|
13320512|
13320513|
13320514|
13320515|
13320516|
13320517|
13320518|
13320519|
13320544|
13320545|
13320546|
13320547|
13320548|
13320549|
13320550|
13320551|
13320576|
13320577|
13320578|
13320579|
13320580|
13320581|
13320582|
13320583|
13320608|
13320609|
13320610|
13320611|
13320612|
13320613|
13320614|
13320615|
13320640|
13320641|
13320642|
13320643|
13320644|
13320645|
13320646|
13320647|
13320672|
13320673|
13320674|
13320675|
13320676|
13320677|
13320678|
