2692800229|
2692800230|
2692800231|
2692800256|
2692800257|
2692800258|
2692800259|
2692800260|
2692800261|
2692800262|
2692800263|
2692800288|
2692800289|
2692800290|
2692800291|
2692800292|
2692800293|
2692800294|
2692800295|
2692800320|
2692800321|
2692800322|
2692800323|
2692800324|
2692800325|
2692800326|
2692800327|
2692800352|
2692800353|
2692800354|
2692800355|
2692800356|
2692800357|
2692800358|
2692800359|
2692800384|
2692800385|
2692800386|
2692800387|
2692800388|
2692800389|
2692800390|
2692800391|
2692800416|
2692800417|
2692800418|
2692800419|
2692800420|
2692800421|
2692800422|
2692800423|
2692800448|
2692800449|
2692800450|
2692800451|
2692800452|
2692800453|
2692800454|
2692800455|
2692800480|
2692800481|
2692800482|
2692800483|
2692800484|
2692800485|
2692800486|
2692800487|
2692800512|
2692800513|
2692800514|
2692800515|
2692800516|
2692800517|
2692800518|
2692800519|
2692800544|
2692800545|
2692800546|
2692800547|
2692800548|
2692800549|
2692800550|
2692800551|
2692800576|
2692800577|
2692800578|
2692800579|
2692800580|
2692800581|
2692800582|
2692800583|
2692800608|
2692800609|
2692800610|
2692800611|
2692800612|
2692800613|
2692800614|
2692800615|
2692800640|
