11700258|
11700259|
11700260|
11700261|
11700262|
11700263|
11700288|
11700289|
11700290|
11700291|
11700292|
11700293|
11700294|
11700295|
11700320|
11700321|
11700322|
11700323|
11700324|
11700325|
11700326|
11700327|
11700352|
11700353|
11700354|
11700355|
11700356|
11700357|
11700358|
11700359|
11700384|
11700385|
11700386|
11700387|
11700388|
11700389|
11700390|
11700391|
11700416|
11700417|
11700418|
11700419|
11700420|
11700421|
11700422|
11700423|
11700448|
11700449|
11700450|
11700451|
11700452|
11700453|
11700454|
11700455|
11700480|
11700481|
11700482|
11700483|
11700484|
11700485|
11700486|
11700487|
11700512|
11700513|
11700514|
11700515|
11700516|
11700517|
11700518|
11700519|
11700544|
11700545|
11700546|
11700547|
11700548|
11700549|
11700550|
11700551|
11700576|
11700577|
11700578|
11700579|
11700580|
11700581|
11700582|
11700583|
11700608|
11700609|
11700610|
11700611|
11700612|
11700613|
11700614|
11700615|
11700640|
11700641|
11700642|
11700643|
11700644|
11700645|
