2700064|
2700065|
2700066|
2700067|
2700068|
2700069|
2700070|
2700071|
2700096|
2700097|
2700098|
2700099|
2700100|
2700101|
2700102|
2700103|
2700128|
2700129|
2700130|
2700131|
2700132|
2700133|
2700134|
2700135|
2700160|
2700161|
2700162|
2700163|
2700164|
2700165|
2700166|
2700167|
2700192|
2700193|
2700194|
2700195|
2700196|
2700197|
2700198|
2700199|
2700224|
2700225|
2700226|
2700227|
2700228|
2700229|
2700230|
2700231|
2700256|
2700257|
2700258|
2700259|
2700260|
2700261|
2700262|
2700263|
2700288|
2700289|
2700290|
2700291|
2700292|
2700293|
2700294|
2700295|
2700320|
2700321|
2700322|
2700323|
2700324|
2700325|
2700326|
2700327|
2700352|
2700353|
2700354|
2700355|
2700356|
2700357|
2700358|
2700359|
2700384|
2700385|
2700386|
2700387|
2700388|
2700389|
2700390|
2700391|
2700416|
2700417|
2700418|
2700419|
2700420|
2700421|
2700422|
2700423|
2700448|
2700449|
2700450|
2700451|
