12240261|
12240262|
12240263|
12240288|
12240289|
12240290|
12240291|
12240292|
12240293|
12240294|
12240295|
12240320|
12240321|
12240322|
12240323|
12240324|
12240325|
12240326|
12240327|
12240352|
12240353|
12240354|
12240355|
12240356|
12240357|
12240358|
12240359|
12240384|
12240385|
12240386|
12240387|
12240388|
12240389|
12240390|
12240391|
12240416|
12240417|
12240418|
12240419|
12240420|
12240421|
12240422|
12240423|
12240448|
12240449|
12240450|
12240451|
12240452|
12240453|
12240454|
12240455|
12240480|
12240481|
12240482|
12240483|
12240484|
12240485|
12240486|
12240487|
12240512|
12240513|
12240514|
12240515|
12240516|
12240517|
12240518|
12240519|
12240544|
12240545|
12240546|
12240547|
12240548|
12240549|
12240550|
12240551|
12240576|
12240577|
12240578|
12240579|
12240580|
12240581|
12240582|
12240583|
12240608|
12240609|
12240610|
12240611|
12240612|
12240613|
12240614|
12240615|
12240640|
12240641|
12240642|
12240643|
12240644|
12240645|
12240646|
12240647|
12240672|
