2690820194|
2690820195|
2690820196|
2690820197|
2690820198|
2690820199|
2690820224|
2690820225|
2690820226|
2690820227|
2690820228|
2690820229|
2690820230|
2690820231|
2690820256|
2690820257|
2690820258|
2690820259|
2690820260|
2690820261|
2690820262|
2690820263|
2690820288|
2690820289|
2690820290|
2690820291|
2690820292|
2690820293|
2690820294|
2690820295|
2690820320|
2690820321|
2690820322|
2690820323|
2690820324|
2690820325|
2690820326|
2690820327|
2690820352|
2690820353|
2690820354|
2690820355|
2690820356|
2690820357|
2690820358|
2690820359|
2690820384|
2690820385|
2690820386|
2690820387|
2690820388|
2690820389|
2690820390|
2690820391|
2690820416|
2690820417|
2690820418|
2690820419|
2690820420|
2690820421|
2690820422|
2690820423|
2690820448|
2690820449|
2690820450|
2690820451|
2690820452|
2690820453|
2690820454|
2690820455|
2690820480|
2690820481|
2690820482|
2690820483|
2690820484|
2690820485|
2690820486|
2690820487|
2690820512|
2690820513|
2690820514|
2690820515|
2690820516|
2690820517|
2690820518|
2690820519|
2690820544|
2690820545|
2690820546|
2690820547|
2690820548|
2690820549|
2690820550|
2690820551|
2690820576|
2690820577|
2690820578|
2690820579|
2690820580|
2690820581|
