2685060066|
2685060067|
2685060068|
2685060069|
2685060070|
2685060071|
2685060096|
2685060097|
2685060098|
2685060099|
2685060100|
2685060101|
2685060102|
2685060103|
2685060128|
2685060129|
2685060130|
2685060131|
2685060132|
2685060133|
2685060134|
2685060135|
2685060160|
2685060161|
2685060162|
2685060163|
2685060164|
2685060165|
2685060166|
2685060167|
2685060192|
2685060193|
2685060194|
2685060195|
2685060196|
2685060197|
2685060198|
2685060199|
2685060224|
2685060225|
2685060226|
2685060227|
2685060228|
2685060229|
2685060230|
2685060231|
2685060256|
2685060257|
2685060258|
2685060259|
2685060260|
2685060261|
2685060262|
2685060263|
2685060288|
2685060289|
2685060290|
2685060291|
2685060292|
2685060293|
2685060294|
2685060295|
2685060320|
2685060321|
2685060322|
2685060323|
2685060324|
2685060325|
2685060326|
2685060327|
2685060352|
2685060353|
2685060354|
2685060355|
2685060356|
2685060357|
2685060358|
2685060359|
2685060384|
2685060385|
2685060386|
2685060387|
2685060388|
2685060389|
2685060390|
2685060391|
2685060416|
2685060417|
2685060418|
2685060419|
2685060420|
2685060421|
2685060422|
2685060423|
2685060448|
2685060449|
2685060450|
2685060451|
2685060452|
2685060453|
