12960289|
12960290|
12960291|
12960292|
12960293|
12960294|
12960295|
12960320|
12960321|
12960322|
12960323|
12960324|
12960325|
12960326|
12960327|
12960352|
12960353|
12960354|
12960355|
12960356|
12960357|
12960358|
12960359|
12960384|
12960385|
12960386|
12960387|
12960388|
12960389|
12960390|
12960391|
12960416|
12960417|
12960418|
12960419|
12960420|
12960421|
12960422|
12960423|
12960448|
12960449|
12960450|
12960451|
12960452|
12960453|
12960454|
12960455|
12960480|
12960481|
12960482|
12960483|
12960484|
12960485|
12960486|
12960487|
12960512|
12960513|
12960514|
12960515|
12960516|
12960517|
12960518|
12960519|
12960544|
12960545|
12960546|
12960547|
12960548|
12960549|
12960550|
12960551|
12960576|
12960577|
12960578|
12960579|
12960580|
12960581|
12960582|
12960583|
12960608|
12960609|
12960610|
12960611|
12960612|
12960613|
12960614|
12960615|
12960640|
12960641|
12960642|
12960643|
12960644|
12960645|
12960646|
12960647|
12960672|
12960673|
12960674|
12960675|
12960676|
