2690280167|
2690280192|
2690280193|
2690280194|
2690280195|
2690280196|
2690280197|
2690280198|
2690280199|
2690280224|
2690280225|
2690280226|
2690280227|
2690280228|
2690280229|
2690280230|
2690280231|
2690280256|
2690280257|
2690280258|
2690280259|
2690280260|
2690280261|
2690280262|
2690280263|
2690280288|
2690280289|
2690280290|
2690280291|
2690280292|
2690280293|
2690280294|
2690280295|
2690280320|
2690280321|
2690280322|
2690280323|
2690280324|
2690280325|
2690280326|
2690280327|
2690280352|
2690280353|
2690280354|
2690280355|
2690280356|
2690280357|
2690280358|
2690280359|
2690280384|
2690280385|
2690280386|
2690280387|
2690280388|
2690280389|
2690280390|
2690280391|
2690280416|
2690280417|
2690280418|
2690280419|
2690280420|
2690280421|
2690280422|
2690280423|
2690280448|
2690280449|
2690280450|
2690280451|
2690280452|
2690280453|
2690280454|
2690280455|
2690280480|
2690280481|
2690280482|
2690280483|
2690280484|
2690280485|
2690280486|
2690280487|
2690280512|
2690280513|
2690280514|
2690280515|
2690280516|
2690280517|
2690280518|
2690280519|
2690280544|
2690280545|
2690280546|
2690280547|
2690280548|
2690280549|
2690280550|
2690280551|
2690280576|
2690280577|
2690280578|
