1348020354|
1348020355|
1348020356|
1348020357|
1348020358|
1348020359|
1348020384|
1348020385|
1348020386|
1348020387|
1348020388|
1348020389|
1348020390|
1348020391|
1348020416|
1348020417|
1348020418|
1348020419|
1348020420|
1348020421|
1348020422|
1348020423|
1348020448|
1348020449|
1348020450|
1348020451|
1348020452|
1348020453|
1348020454|
1348020455|
1348020480|
1348020481|
1348020482|
1348020483|
1348020484|
1348020485|
1348020486|
1348020487|
1348020512|
1348020513|
1348020514|
1348020515|
1348020516|
1348020517|
1348020518|
1348020519|
1348020544|
1348020545|
1348020546|
1348020547|
1348020548|
1348020549|
1348020550|
1348020551|
1348020576|
1348020577|
1348020578|
1348020579|
1348020580|
1348020581|
1348020582|
1348020583|
1348020608|
1348020609|
1348020610|
1348020611|
1348020612|
1348020613|
1348020614|
1348020615|
1348020640|
1348020641|
1348020642|
1348020643|
1348020644|
1348020645|
1348020646|
1348020647|
1348020672|
1348020673|
1348020674|
1348020675|
1348020676|
1348020677|
1348020678|
1348020679|
1348020704|
1348020705|
1348020706|
1348020707|
1348020708|
1348020709|
1348020710|
1348020711|
1348020736|
1348020737|
1348020738|
1348020739|
1348020740|
1348020741|
