14940324|
14940325|
14940326|
14940327|
14940352|
14940353|
14940354|
14940355|
14940356|
14940357|
14940358|
14940359|
14940384|
14940385|
14940386|
14940387|
14940388|
14940389|
14940390|
14940391|
14940416|
14940417|
14940418|
14940419|
14940420|
14940421|
14940422|
14940423|
14940448|
14940449|
14940450|
14940451|
14940452|
14940453|
14940454|
14940455|
14940480|
14940481|
14940482|
14940483|
14940484|
14940485|
14940486|
14940487|
14940512|
14940513|
14940514|
14940515|
14940516|
14940517|
14940518|
14940519|
14940544|
14940545|
14940546|
14940547|
14940548|
14940549|
14940550|
14940551|
14940576|
14940577|
14940578|
14940579|
14940580|
14940581|
14940582|
14940583|
14940608|
14940609|
14940610|
14940611|
14940612|
14940613|
14940614|
14940615|
14940640|
14940641|
14940642|
14940643|
14940644|
14940645|
14940646|
14940647|
14940672|
14940673|
14940674|
14940675|
14940676|
14940677|
14940678|
14940679|
14940704|
14940705|
14940706|
14940707|
14940708|
14940709|
14940710|
14940711|
