1342620228|
1342620229|
1342620230|
1342620231|
1342620256|
1342620257|
1342620258|
1342620259|
1342620260|
1342620261|
1342620262|
1342620263|
1342620288|
1342620289|
1342620290|
1342620291|
1342620292|
1342620293|
1342620294|
1342620295|
1342620320|
1342620321|
1342620322|
1342620323|
1342620324|
1342620325|
1342620326|
1342620327|
1342620352|
1342620353|
1342620354|
1342620355|
1342620356|
1342620357|
1342620358|
1342620359|
1342620384|
1342620385|
1342620386|
1342620387|
1342620388|
1342620389|
1342620390|
1342620391|
1342620416|
1342620417|
1342620418|
1342620419|
1342620420|
1342620421|
1342620422|
1342620423|
1342620448|
1342620449|
1342620450|
1342620451|
1342620452|
1342620453|
1342620454|
1342620455|
1342620480|
1342620481|
1342620482|
1342620483|
1342620484|
1342620485|
1342620486|
1342620487|
1342620512|
1342620513|
1342620514|
1342620515|
1342620516|
1342620517|
1342620518|
1342620519|
1342620544|
1342620545|
1342620546|
1342620547|
1342620548|
1342620549|
1342620550|
1342620551|
1342620576|
1342620577|
1342620578|
1342620579|
1342620580|
1342620581|
1342620582|
1342620583|
1342620608|
1342620609|
1342620610|
1342620611|
1342620612|
1342620613|
1342620614|
1342620615|
