2692260226|
2692260227|
2692260228|
2692260229|
2692260230|
2692260231|
2692260256|
2692260257|
2692260258|
2692260259|
2692260260|
2692260261|
2692260262|
2692260263|
2692260288|
2692260289|
2692260290|
2692260291|
2692260292|
2692260293|
2692260294|
2692260295|
2692260320|
2692260321|
2692260322|
2692260323|
2692260324|
2692260325|
2692260326|
2692260327|
2692260352|
2692260353|
2692260354|
2692260355|
2692260356|
2692260357|
2692260358|
2692260359|
2692260384|
2692260385|
2692260386|
2692260387|
2692260388|
2692260389|
2692260390|
2692260391|
2692260416|
2692260417|
2692260418|
2692260419|
2692260420|
2692260421|
2692260422|
2692260423|
2692260448|
2692260449|
2692260450|
2692260451|
2692260452|
2692260453|
2692260454|
2692260455|
2692260480|
2692260481|
2692260482|
2692260483|
2692260484|
2692260485|
2692260486|
2692260487|
2692260512|
2692260513|
2692260514|
2692260515|
2692260516|
2692260517|
2692260518|
2692260519|
2692260544|
2692260545|
2692260546|
2692260547|
2692260548|
2692260549|
2692260550|
2692260551|
2692260576|
2692260577|
2692260578|
2692260579|
2692260580|
2692260581|
2692260582|
2692260583|
2692260608|
2692260609|
2692260610|
2692260611|
2692260612|
2692260613|
