7200161|
7200162|
7200163|
7200164|
7200165|
7200166|
7200167|
7200192|
7200193|
7200194|
7200195|
7200196|
7200197|
7200198|
7200199|
7200224|
7200225|
7200226|
7200227|
7200228|
7200229|
7200230|
7200231|
7200256|
7200257|
7200258|
7200259|
7200260|
7200261|
7200262|
7200263|
7200288|
7200289|
7200290|
7200291|
7200292|
7200293|
7200294|
7200295|
7200320|
7200321|
7200322|
7200323|
7200324|
7200325|
7200326|
7200327|
7200352|
7200353|
7200354|
7200355|
7200356|
7200357|
7200358|
7200359|
7200384|
7200385|
7200386|
7200387|
7200388|
7200389|
7200390|
7200391|
7200416|
7200417|
7200418|
7200419|
7200420|
7200421|
7200422|
7200423|
7200448|
7200449|
7200450|
7200451|
7200452|
7200453|
7200454|
7200455|
7200480|
7200481|
7200482|
7200483|
7200484|
7200485|
7200486|
7200487|
7200512|
7200513|
7200514|
7200515|
7200516|
7200517|
7200518|
7200519|
7200544|
7200545|
7200546|
7200547|
7200548|
