1348740358|
1348740359|
1348740384|
1348740385|
1348740386|
1348740387|
1348740388|
1348740389|
1348740390|
1348740391|
1348740416|
1348740417|
1348740418|
1348740419|
1348740420|
1348740421|
1348740422|
1348740423|
1348740448|
1348740449|
1348740450|
1348740451|
1348740452|
1348740453|
1348740454|
1348740455|
1348740480|
1348740481|
1348740482|
1348740483|
1348740484|
1348740485|
1348740486|
1348740487|
1348740512|
1348740513|
1348740514|
1348740515|
1348740516|
1348740517|
1348740518|
1348740519|
1348740544|
1348740545|
1348740546|
1348740547|
1348740548|
1348740549|
1348740550|
1348740551|
1348740576|
1348740577|
1348740578|
1348740579|
1348740580|
1348740581|
1348740582|
1348740583|
1348740608|
1348740609|
1348740610|
1348740611|
1348740612|
1348740613|
1348740614|
1348740615|
1348740640|
1348740641|
1348740642|
1348740643|
1348740644|
1348740645|
1348740646|
1348740647|
1348740672|
1348740673|
1348740674|
1348740675|
1348740676|
1348740677|
1348740678|
1348740679|
1348740704|
1348740705|
1348740706|
1348740707|
1348740708|
1348740709|
1348740710|
1348740711|
1348740736|
1348740737|
1348740738|
1348740739|
1348740740|
1348740741|
1348740742|
1348740743|
1348740768|
1348740769|
