15300326|
15300327|
15300352|
15300353|
15300354|
15300355|
15300356|
15300357|
15300358|
15300359|
15300384|
15300385|
15300386|
15300387|
15300388|
15300389|
15300390|
15300391|
15300416|
15300417|
15300418|
15300419|
15300420|
15300421|
15300422|
15300423|
15300448|
15300449|
15300450|
15300451|
15300452|
15300453|
15300454|
15300455|
15300480|
15300481|
15300482|
15300483|
15300484|
15300485|
15300486|
15300487|
15300512|
15300513|
15300514|
15300515|
15300516|
15300517|
15300518|
15300519|
15300544|
15300545|
15300546|
15300547|
15300548|
15300549|
15300550|
15300551|
15300576|
15300577|
15300578|
15300579|
15300580|
15300581|
15300582|
15300583|
15300608|
15300609|
15300610|
15300611|
15300612|
15300613|
15300614|
15300615|
15300640|
15300641|
15300642|
15300643|
15300644|
15300645|
15300646|
15300647|
15300672|
15300673|
15300674|
15300675|
15300676|
15300677|
15300678|
15300679|
15300704|
15300705|
15300706|
15300707|
15300708|
15300709|
15300710|
15300711|
15300736|
15300737|
