1337580128|
1337580129|
1337580130|
1337580131|
1337580132|
1337580133|
1337580134|
1337580135|
1337580160|
1337580161|
1337580162|
1337580163|
1337580164|
1337580165|
1337580166|
1337580167|
1337580192|
1337580193|
1337580194|
1337580195|
1337580196|
1337580197|
1337580198|
1337580199|
1337580224|
1337580225|
1337580226|
1337580227|
1337580228|
1337580229|
1337580230|
1337580231|
1337580256|
1337580257|
1337580258|
1337580259|
1337580260|
1337580261|
1337580262|
1337580263|
1337580288|
1337580289|
1337580290|
1337580291|
1337580292|
1337580293|
1337580294|
1337580295|
1337580320|
1337580321|
1337580322|
1337580323|
1337580324|
1337580325|
1337580326|
1337580327|
1337580352|
1337580353|
1337580354|
1337580355|
1337580356|
1337580357|
1337580358|
1337580359|
1337580384|
1337580385|
1337580386|
1337580387|
1337580388|
1337580389|
1337580390|
1337580391|
1337580416|
1337580417|
1337580418|
1337580419|
1337580420|
1337580421|
1337580422|
1337580423|
1337580448|
1337580449|
1337580450|
1337580451|
1337580452|
1337580453|
1337580454|
1337580455|
1337580480|
1337580481|
1337580482|
1337580483|
1337580484|
1337580485|
1337580486|
1337580487|
1337580512|
1337580513|
1337580514|
1337580515|
