2697300326|
2697300327|
2697300352|
2697300353|
2697300354|
2697300355|
2697300356|
2697300357|
2697300358|
2697300359|
2697300384|
2697300385|
2697300386|
2697300387|
2697300388|
2697300389|
2697300390|
2697300391|
2697300416|
2697300417|
2697300418|
2697300419|
2697300420|
2697300421|
2697300422|
2697300423|
2697300448|
2697300449|
2697300450|
2697300451|
2697300452|
2697300453|
2697300454|
2697300455|
2697300480|
2697300481|
2697300482|
2697300483|
2697300484|
2697300485|
2697300486|
2697300487|
2697300512|
2697300513|
2697300514|
2697300515|
2697300516|
2697300517|
2697300518|
2697300519|
2697300544|
2697300545|
2697300546|
2697300547|
2697300548|
2697300549|
2697300550|
2697300551|
2697300576|
2697300577|
2697300578|
2697300579|
2697300580|
2697300581|
2697300582|
2697300583|
2697300608|
2697300609|
2697300610|
2697300611|
2697300612|
2697300613|
2697300614|
2697300615|
2697300640|
2697300641|
2697300642|
2697300643|
2697300644|
2697300645|
2697300646|
2697300647|
2697300672|
2697300673|
2697300674|
2697300675|
2697300676|
2697300677|
2697300678|
2697300679|
2697300704|
2697300705|
2697300706|
2697300707|
2697300708|
2697300709|
2697300710|
2697300711|
2697300736|
2697300737|
