2880065|
2880066|
2880067|
2880068|
2880069|
2880070|
2880071|
2880096|
2880097|
2880098|
2880099|
2880100|
2880101|
2880102|
2880103|
2880128|
2880129|
2880130|
2880131|
2880132|
2880133|
2880134|
2880135|
2880160|
2880161|
2880162|
2880163|
2880164|
2880165|
2880166|
2880167|
2880192|
2880193|
2880194|
2880195|
2880196|
2880197|
2880198|
2880199|
2880224|
2880225|
2880226|
2880227|
2880228|
2880229|
2880230|
2880231|
2880256|
2880257|
2880258|
2880259|
2880260|
2880261|
2880262|
2880263|
2880288|
2880289|
2880290|
2880291|
2880292|
2880293|
2880294|
2880295|
2880320|
2880321|
2880322|
2880323|
2880324|
2880325|
2880326|
2880327|
2880352|
2880353|
2880354|
2880355|
2880356|
2880357|
2880358|
2880359|
2880384|
2880385|
2880386|
2880387|
2880388|
2880389|
2880390|
2880391|
2880416|
2880417|
2880418|
2880419|
2880420|
2880421|
2880422|
2880423|
2880448|
2880449|
2880450|
2880451|
2880452|
