2688300132|
2688300133|
2688300134|
2688300135|
2688300160|
2688300161|
2688300162|
2688300163|
2688300164|
2688300165|
2688300166|
2688300167|
2688300192|
2688300193|
2688300194|
2688300195|
2688300196|
2688300197|
2688300198|
2688300199|
2688300224|
2688300225|
2688300226|
2688300227|
2688300228|
2688300229|
2688300230|
2688300231|
2688300256|
2688300257|
2688300258|
2688300259|
2688300260|
2688300261|
2688300262|
2688300263|
2688300288|
2688300289|
2688300290|
2688300291|
2688300292|
2688300293|
2688300294|
2688300295|
2688300320|
2688300321|
2688300322|
2688300323|
2688300324|
2688300325|
2688300326|
2688300327|
2688300352|
2688300353|
2688300354|
2688300355|
2688300356|
2688300357|
2688300358|
2688300359|
2688300384|
2688300385|
2688300386|
2688300387|
2688300388|
2688300389|
2688300390|
2688300391|
2688300416|
2688300417|
2688300418|
2688300419|
2688300420|
2688300421|
2688300422|
2688300423|
2688300448|
2688300449|
2688300450|
2688300451|
2688300452|
2688300453|
2688300454|
2688300455|
2688300480|
2688300481|
2688300482|
2688300483|
2688300484|
2688300485|
2688300486|
2688300487|
2688300512|
2688300513|
2688300514|
2688300515|
2688300516|
2688300517|
2688300518|
2688300519|
