2686680099|
2686680100|
2686680101|
2686680102|
2686680103|
2686680128|
2686680129|
2686680130|
2686680131|
2686680132|
2686680133|
2686680134|
2686680135|
2686680160|
2686680161|
2686680162|
2686680163|
2686680164|
2686680165|
2686680166|
2686680167|
2686680192|
2686680193|
2686680194|
2686680195|
2686680196|
2686680197|
2686680198|
2686680199|
2686680224|
2686680225|
2686680226|
2686680227|
2686680228|
2686680229|
2686680230|
2686680231|
2686680256|
2686680257|
2686680258|
2686680259|
2686680260|
2686680261|
2686680262|
2686680263|
2686680288|
2686680289|
2686680290|
2686680291|
2686680292|
2686680293|
2686680294|
2686680295|
2686680320|
2686680321|
2686680322|
2686680323|
2686680324|
2686680325|
2686680326|
2686680327|
2686680352|
2686680353|
2686680354|
2686680355|
2686680356|
2686680357|
2686680358|
2686680359|
2686680384|
2686680385|
2686680386|
2686680387|
2686680388|
2686680389|
2686680390|
2686680391|
2686680416|
2686680417|
2686680418|
2686680419|
2686680420|
2686680421|
2686680422|
2686680423|
2686680448|
2686680449|
2686680450|
2686680451|
2686680452|
2686680453|
2686680454|
2686680455|
2686680480|
2686680481|
2686680482|
2686680483|
2686680484|
2686680485|
2686680486|
