2683980036|
2683980037|
2683980038|
2683980039|
2683980064|
2683980065|
2683980066|
2683980067|
2683980068|
2683980069|
2683980070|
2683980071|
2683980096|
2683980097|
2683980098|
2683980099|
2683980100|
2683980101|
2683980102|
2683980103|
2683980128|
2683980129|
2683980130|
2683980131|
2683980132|
2683980133|
2683980134|
2683980135|
2683980160|
2683980161|
2683980162|
2683980163|
2683980164|
2683980165|
2683980166|
2683980167|
2683980192|
2683980193|
2683980194|
2683980195|
2683980196|
2683980197|
2683980198|
2683980199|
2683980224|
2683980225|
2683980226|
2683980227|
2683980228|
2683980229|
2683980230|
2683980231|
2683980256|
2683980257|
2683980258|
2683980259|
2683980260|
2683980261|
2683980262|
2683980263|
2683980288|
2683980289|
2683980290|
2683980291|
2683980292|
2683980293|
2683980294|
2683980295|
2683980320|
2683980321|
2683980322|
2683980323|
2683980324|
2683980325|
2683980326|
2683980327|
2683980352|
2683980353|
2683980354|
2683980355|
2683980356|
2683980357|
2683980358|
2683980359|
2683980384|
2683980385|
2683980386|
2683980387|
2683980388|
2683980389|
2683980390|
2683980391|
2683980416|
2683980417|
2683980418|
2683980419|
2683980420|
2683980421|
2683980422|
2683980423|
