16380356|
16380357|
16380358|
16380359|
16380384|
16380385|
16380386|
16380387|
16380388|
16380389|
16380390|
16380391|
16380416|
16380417|
16380418|
16380419|
16380420|
16380421|
16380422|
16380423|
16380448|
16380449|
16380450|
16380451|
16380452|
16380453|
16380454|
16380455|
16380480|
16380481|
16380482|
16380483|
16380484|
16380485|
16380486|
16380487|
16380512|
16380513|
16380514|
16380515|
16380516|
16380517|
16380518|
16380519|
16380544|
16380545|
16380546|
16380547|
16380548|
16380549|
16380550|
16380551|
16380576|
16380577|
16380578|
16380579|
16380580|
16380581|
16380582|
16380583|
16380608|
16380609|
16380610|
16380611|
16380612|
16380613|
16380614|
16380615|
16380640|
16380641|
16380642|
16380643|
16380644|
16380645|
16380646|
16380647|
16380672|
16380673|
16380674|
16380675|
16380676|
16380677|
16380678|
16380679|
16380704|
16380705|
16380706|
16380707|
16380708|
16380709|
16380710|
16380711|
16380736|
16380737|
16380738|
16380739|
16380740|
16380741|
16380742|
16380743|
