2699640387|
2699640388|
2699640389|
2699640390|
2699640391|
2699640416|
2699640417|
2699640418|
2699640419|
2699640420|
2699640421|
2699640422|
2699640423|
2699640448|
2699640449|
2699640450|
2699640451|
2699640452|
2699640453|
2699640454|
2699640455|
2699640480|
2699640481|
2699640482|
2699640483|
2699640484|
2699640485|
2699640486|
2699640487|
2699640512|
2699640513|
2699640514|
2699640515|
2699640516|
2699640517|
2699640518|
2699640519|
2699640544|
2699640545|
2699640546|
2699640547|
2699640548|
2699640549|
2699640550|
2699640551|
2699640576|
2699640577|
2699640578|
2699640579|
2699640580|
2699640581|
2699640582|
2699640583|
2699640608|
2699640609|
2699640610|
2699640611|
2699640612|
2699640613|
2699640614|
2699640615|
2699640640|
2699640641|
2699640642|
2699640643|
2699640644|
2699640645|
2699640646|
2699640647|
2699640672|
2699640673|
2699640674|
2699640675|
2699640676|
2699640677|
2699640678|
2699640679|
2699640704|
2699640705|
2699640706|
2699640707|
2699640708|
2699640709|
2699640710|
2699640711|
2699640736|
2699640737|
2699640738|
2699640739|
2699640740|
2699640741|
2699640742|
2699640743|
2699640768|
2699640769|
2699640770|
2699640771|
2699640772|
2699640773|
2699640774|
