2694960289|
2694960290|
2694960291|
2694960292|
2694960293|
2694960294|
2694960295|
2694960320|
2694960321|
2694960322|
2694960323|
2694960324|
2694960325|
2694960326|
2694960327|
2694960352|
2694960353|
2694960354|
2694960355|
2694960356|
2694960357|
2694960358|
2694960359|
2694960384|
2694960385|
2694960386|
2694960387|
2694960388|
2694960389|
2694960390|
2694960391|
2694960416|
2694960417|
2694960418|
2694960419|
2694960420|
2694960421|
2694960422|
2694960423|
2694960448|
2694960449|
2694960450|
2694960451|
2694960452|
2694960453|
2694960454|
2694960455|
2694960480|
2694960481|
2694960482|
2694960483|
2694960484|
2694960485|
2694960486|
2694960487|
2694960512|
2694960513|
2694960514|
2694960515|
2694960516|
2694960517|
2694960518|
2694960519|
2694960544|
2694960545|
2694960546|
2694960547|
2694960548|
2694960549|
2694960550|
2694960551|
2694960576|
2694960577|
2694960578|
2694960579|
2694960580|
2694960581|
2694960582|
2694960583|
2694960608|
2694960609|
2694960610|
2694960611|
2694960612|
2694960613|
2694960614|
2694960615|
2694960640|
2694960641|
2694960642|
2694960643|
2694960644|
2694960645|
2694960646|
2694960647|
2694960672|
2694960673|
2694960674|
2694960675|
2694960676|
