1344420262|
1344420263|
1344420288|
1344420289|
1344420290|
1344420291|
1344420292|
1344420293|
1344420294|
1344420295|
1344420320|
1344420321|
1344420322|
1344420323|
1344420324|
1344420325|
1344420326|
1344420327|
1344420352|
1344420353|
1344420354|
1344420355|
1344420356|
1344420357|
1344420358|
1344420359|
1344420384|
1344420385|
1344420386|
1344420387|
1344420388|
1344420389|
1344420390|
1344420391|
1344420416|
1344420417|
1344420418|
1344420419|
1344420420|
1344420421|
1344420422|
1344420423|
1344420448|
1344420449|
1344420450|
1344420451|
1344420452|
1344420453|
1344420454|
1344420455|
1344420480|
1344420481|
1344420482|
1344420483|
1344420484|
1344420485|
1344420486|
1344420487|
1344420512|
1344420513|
1344420514|
1344420515|
1344420516|
1344420517|
1344420518|
1344420519|
1344420544|
1344420545|
1344420546|
1344420547|
1344420548|
1344420549|
1344420550|
1344420551|
1344420576|
1344420577|
1344420578|
1344420579|
1344420580|
1344420581|
1344420582|
1344420583|
1344420608|
1344420609|
1344420610|
1344420611|
1344420612|
1344420613|
1344420614|
1344420615|
1344420640|
1344420641|
1344420642|
1344420643|
1344420644|
1344420645|
1344420646|
1344420647|
1344420672|
1344420673|
