1346220320|
1346220321|
1346220322|
1346220323|
1346220324|
1346220325|
1346220326|
1346220327|
1346220352|
1346220353|
1346220354|
1346220355|
1346220356|
1346220357|
1346220358|
1346220359|
1346220384|
1346220385|
1346220386|
1346220387|
1346220388|
1346220389|
1346220390|
1346220391|
1346220416|
1346220417|
1346220418|
1346220419|
1346220420|
1346220421|
1346220422|
1346220423|
1346220448|
1346220449|
1346220450|
1346220451|
1346220452|
1346220453|
1346220454|
1346220455|
1346220480|
1346220481|
1346220482|
1346220483|
1346220484|
1346220485|
1346220486|
1346220487|
1346220512|
1346220513|
1346220514|
1346220515|
1346220516|
1346220517|
1346220518|
1346220519|
1346220544|
1346220545|
1346220546|
1346220547|
1346220548|
1346220549|
1346220550|
1346220551|
1346220576|
1346220577|
1346220578|
1346220579|
1346220580|
1346220581|
1346220582|
1346220583|
1346220608|
1346220609|
1346220610|
1346220611|
1346220612|
1346220613|
1346220614|
1346220615|
1346220640|
1346220641|
1346220642|
1346220643|
1346220644|
1346220645|
1346220646|
1346220647|
1346220672|
1346220673|
1346220674|
1346220675|
1346220676|
1346220677|
1346220678|
1346220679|
1346220704|
1346220705|
1346220706|
1346220707|
