9540198|
9540199|
9540224|
9540225|
9540226|
9540227|
9540228|
9540229|
9540230|
9540231|
9540256|
9540257|
9540258|
9540259|
9540260|
9540261|
9540262|
9540263|
9540288|
9540289|
9540290|
9540291|
9540292|
9540293|
9540294|
9540295|
9540320|
9540321|
9540322|
9540323|
9540324|
9540325|
9540326|
9540327|
9540352|
9540353|
9540354|
9540355|
9540356|
9540357|
9540358|
9540359|
9540384|
9540385|
9540386|
9540387|
9540388|
9540389|
9540390|
9540391|
9540416|
9540417|
9540418|
9540419|
9540420|
9540421|
9540422|
9540423|
9540448|
9540449|
9540450|
9540451|
9540452|
9540453|
9540454|
9540455|
9540480|
9540481|
9540482|
9540483|
9540484|
9540485|
9540486|
9540487|
9540512|
9540513|
9540514|
9540515|
9540516|
9540517|
9540518|
9540519|
9540544|
9540545|
9540546|
9540547|
9540548|
9540549|
9540550|
9540551|
9540576|
9540577|
9540578|
9540579|
9540580|
9540581|
9540582|
9540583|
9540608|
9540609|
