14580322|
14580323|
14580324|
14580325|
14580326|
14580327|
14580352|
14580353|
14580354|
14580355|
14580356|
14580357|
14580358|
14580359|
14580384|
14580385|
14580386|
14580387|
14580388|
14580389|
14580390|
14580391|
14580416|
14580417|
14580418|
14580419|
14580420|
14580421|
14580422|
14580423|
14580448|
14580449|
14580450|
14580451|
14580452|
14580453|
14580454|
14580455|
14580480|
14580481|
14580482|
14580483|
14580484|
14580485|
14580486|
14580487|
14580512|
14580513|
14580514|
14580515|
14580516|
14580517|
14580518|
14580519|
14580544|
14580545|
14580546|
14580547|
14580548|
14580549|
14580550|
14580551|
14580576|
14580577|
14580578|
14580579|
14580580|
14580581|
14580582|
14580583|
14580608|
14580609|
14580610|
14580611|
14580612|
14580613|
14580614|
14580615|
14580640|
14580641|
14580642|
14580643|
14580644|
14580645|
14580646|
14580647|
14580672|
14580673|
14580674|
14580675|
14580676|
14580677|
14580678|
14580679|
14580704|
14580705|
14580706|
14580707|
14580708|
14580709|
