2684700064|
2684700065|
2684700066|
2684700067|
2684700068|
2684700069|
2684700070|
2684700071|
2684700096|
2684700097|
2684700098|
2684700099|
2684700100|
2684700101|
2684700102|
2684700103|
2684700128|
2684700129|
2684700130|
2684700131|
2684700132|
2684700133|
2684700134|
2684700135|
2684700160|
2684700161|
2684700162|
2684700163|
2684700164|
2684700165|
2684700166|
2684700167|
2684700192|
2684700193|
2684700194|
2684700195|
2684700196|
2684700197|
2684700198|
2684700199|
2684700224|
2684700225|
2684700226|
2684700227|
2684700228|
2684700229|
2684700230|
2684700231|
2684700256|
2684700257|
2684700258|
2684700259|
2684700260|
2684700261|
2684700262|
2684700263|
2684700288|
2684700289|
2684700290|
2684700291|
2684700292|
2684700293|
2684700294|
2684700295|
2684700320|
2684700321|
2684700322|
2684700323|
2684700324|
2684700325|
2684700326|
2684700327|
2684700352|
2684700353|
2684700354|
2684700355|
2684700356|
2684700357|
2684700358|
2684700359|
2684700384|
2684700385|
2684700386|
2684700387|
2684700388|
2684700389|
2684700390|
2684700391|
2684700416|
2684700417|
2684700418|
2684700419|
2684700420|
2684700421|
2684700422|
2684700423|
2684700448|
2684700449|
2684700450|
2684700451|
