2694060260|
2694060261|
2694060262|
2694060263|
2694060288|
2694060289|
2694060290|
2694060291|
2694060292|
2694060293|
2694060294|
2694060295|
2694060320|
2694060321|
2694060322|
2694060323|
2694060324|
2694060325|
2694060326|
2694060327|
2694060352|
2694060353|
2694060354|
2694060355|
2694060356|
2694060357|
2694060358|
2694060359|
2694060384|
2694060385|
2694060386|
2694060387|
2694060388|
2694060389|
2694060390|
2694060391|
2694060416|
2694060417|
2694060418|
2694060419|
2694060420|
2694060421|
2694060422|
2694060423|
2694060448|
2694060449|
2694060450|
2694060451|
2694060452|
2694060453|
2694060454|
2694060455|
2694060480|
2694060481|
2694060482|
2694060483|
2694060484|
2694060485|
2694060486|
2694060487|
2694060512|
2694060513|
2694060514|
2694060515|
2694060516|
2694060517|
2694060518|
2694060519|
2694060544|
2694060545|
2694060546|
2694060547|
2694060548|
2694060549|
2694060550|
2694060551|
2694060576|
2694060577|
2694060578|
2694060579|
2694060580|
2694060581|
2694060582|
2694060583|
2694060608|
2694060609|
2694060610|
2694060611|
2694060612|
2694060613|
2694060614|
2694060615|
2694060640|
2694060641|
2694060642|
2694060643|
2694060644|
2694060645|
2694060646|
2694060647|
