11340256|
11340257|
11340258|
11340259|
11340260|
11340261|
11340262|
11340263|
11340288|
11340289|
11340290|
11340291|
11340292|
11340293|
11340294|
11340295|
11340320|
11340321|
11340322|
11340323|
11340324|
11340325|
11340326|
11340327|
11340352|
11340353|
11340354|
11340355|
11340356|
11340357|
11340358|
11340359|
11340384|
11340385|
11340386|
11340387|
11340388|
11340389|
11340390|
11340391|
11340416|
11340417|
11340418|
11340419|
11340420|
11340421|
11340422|
11340423|
11340448|
11340449|
11340450|
11340451|
11340452|
11340453|
11340454|
11340455|
11340480|
11340481|
11340482|
11340483|
11340484|
11340485|
11340486|
11340487|
11340512|
11340513|
11340514|
11340515|
11340516|
11340517|
11340518|
11340519|
11340544|
11340545|
11340546|
11340547|
11340548|
11340549|
11340550|
11340551|
11340576|
11340577|
11340578|
11340579|
11340580|
11340581|
11340582|
11340583|
11340608|
11340609|
11340610|
11340611|
11340612|
11340613|
11340614|
11340615|
11340640|
11340641|
11340642|
11340643|
