5940130|
5940131|
5940132|
5940133|
5940134|
5940135|
5940160|
5940161|
5940162|
5940163|
5940164|
5940165|
5940166|
5940167|
5940192|
5940193|
5940194|
5940195|
5940196|
5940197|
5940198|
5940199|
5940224|
5940225|
5940226|
5940227|
5940228|
5940229|
5940230|
5940231|
5940256|
5940257|
5940258|
5940259|
5940260|
5940261|
5940262|
5940263|
5940288|
5940289|
5940290|
5940291|
5940292|
5940293|
5940294|
5940295|
5940320|
5940321|
5940322|
5940323|
5940324|
5940325|
5940326|
5940327|
5940352|
5940353|
5940354|
5940355|
5940356|
5940357|
5940358|
5940359|
5940384|
5940385|
5940386|
5940387|
5940388|
5940389|
5940390|
5940391|
5940416|
5940417|
5940418|
5940419|
5940420|
5940421|
5940422|
5940423|
5940448|
5940449|
5940450|
5940451|
5940452|
5940453|
5940454|
5940455|
5940480|
5940481|
5940482|
5940483|
5940484|
5940485|
5940486|
5940487|
5940512|
5940513|
5940514|
5940515|
5940516|
5940517|
