11520257|
11520258|
11520259|
11520260|
11520261|
11520262|
11520263|
11520288|
11520289|
11520290|
11520291|
11520292|
11520293|
11520294|
11520295|
11520320|
11520321|
11520322|
11520323|
11520324|
11520325|
11520326|
11520327|
11520352|
11520353|
11520354|
11520355|
11520356|
11520357|
11520358|
11520359|
11520384|
11520385|
11520386|
11520387|
11520388|
11520389|
11520390|
11520391|
11520416|
11520417|
11520418|
11520419|
11520420|
11520421|
11520422|
11520423|
11520448|
11520449|
11520450|
11520451|
11520452|
11520453|
11520454|
11520455|
11520480|
11520481|
11520482|
11520483|
11520484|
11520485|
11520486|
11520487|
11520512|
11520513|
11520514|
11520515|
11520516|
11520517|
11520518|
11520519|
11520544|
11520545|
11520546|
11520547|
11520548|
11520549|
11520550|
11520551|
11520576|
11520577|
11520578|
11520579|
11520580|
11520581|
11520582|
11520583|
11520608|
11520609|
11520610|
11520611|
11520612|
11520613|
11520614|
11520615|
11520640|
11520641|
11520642|
11520643|
11520644|
