1347480327|
1347480352|
1347480353|
1347480354|
1347480355|
1347480356|
1347480357|
1347480358|
1347480359|
1347480384|
1347480385|
1347480386|
1347480387|
1347480388|
1347480389|
1347480390|
1347480391|
1347480416|
1347480417|
1347480418|
1347480419|
1347480420|
1347480421|
1347480422|
1347480423|
1347480448|
1347480449|
1347480450|
1347480451|
1347480452|
1347480453|
1347480454|
1347480455|
1347480480|
1347480481|
1347480482|
1347480483|
1347480484|
1347480485|
1347480486|
1347480487|
1347480512|
1347480513|
1347480514|
1347480515|
1347480516|
1347480517|
1347480518|
1347480519|
1347480544|
1347480545|
1347480546|
1347480547|
1347480548|
1347480549|
1347480550|
1347480551|
1347480576|
1347480577|
1347480578|
1347480579|
1347480580|
1347480581|
1347480582|
1347480583|
1347480608|
1347480609|
1347480610|
1347480611|
1347480612|
1347480613|
1347480614|
1347480615|
1347480640|
1347480641|
1347480642|
1347480643|
1347480644|
1347480645|
1347480646|
1347480647|
1347480672|
1347480673|
1347480674|
1347480675|
1347480676|
1347480677|
1347480678|
1347480679|
1347480704|
1347480705|
1347480706|
1347480707|
1347480708|
1347480709|
1347480710|
1347480711|
1347480736|
1347480737|
1347480738|
