2687940130|
2687940131|
2687940132|
2687940133|
2687940134|
2687940135|
2687940160|
2687940161|
2687940162|
2687940163|
2687940164|
2687940165|
2687940166|
2687940167|
2687940192|
2687940193|
2687940194|
2687940195|
2687940196|
2687940197|
2687940198|
2687940199|
2687940224|
2687940225|
2687940226|
2687940227|
2687940228|
2687940229|
2687940230|
2687940231|
2687940256|
2687940257|
2687940258|
2687940259|
2687940260|
2687940261|
2687940262|
2687940263|
2687940288|
2687940289|
2687940290|
2687940291|
2687940292|
2687940293|
2687940294|
2687940295|
2687940320|
2687940321|
2687940322|
2687940323|
2687940324|
2687940325|
2687940326|
2687940327|
2687940352|
2687940353|
2687940354|
2687940355|
2687940356|
2687940357|
2687940358|
2687940359|
2687940384|
2687940385|
2687940386|
2687940387|
2687940388|
2687940389|
2687940390|
2687940391|
2687940416|
2687940417|
2687940418|
2687940419|
2687940420|
2687940421|
2687940422|
2687940423|
2687940448|
2687940449|
2687940450|
2687940451|
2687940452|
2687940453|
2687940454|
2687940455|
2687940480|
2687940481|
2687940482|
2687940483|
2687940484|
2687940485|
2687940486|
2687940487|
2687940512|
2687940513|
2687940514|
2687940515|
2687940516|
2687940517|
