6120131|
6120132|
6120133|
6120134|
6120135|
6120160|
6120161|
6120162|
6120163|
6120164|
6120165|
6120166|
6120167|
6120192|
6120193|
6120194|
6120195|
6120196|
6120197|
6120198|
6120199|
6120224|
6120225|
6120226|
6120227|
6120228|
6120229|
6120230|
6120231|
6120256|
6120257|
6120258|
6120259|
6120260|
6120261|
6120262|
6120263|
6120288|
6120289|
6120290|
6120291|
6120292|
6120293|
6120294|
6120295|
6120320|
6120321|
6120322|
6120323|
6120324|
6120325|
6120326|
6120327|
6120352|
6120353|
6120354|
6120355|
6120356|
6120357|
6120358|
6120359|
6120384|
6120385|
6120386|
6120387|
6120388|
6120389|
6120390|
6120391|
6120416|
6120417|
6120418|
6120419|
6120420|
6120421|
6120422|
6120423|
6120448|
6120449|
6120450|
6120451|
6120452|
6120453|
6120454|
6120455|
6120480|
6120481|
6120482|
6120483|
6120484|
6120485|
6120486|
6120487|
6120512|
6120513|
6120514|
6120515|
6120516|
6120517|
6120518|
