2694420262|
2694420263|
2694420288|
2694420289|
2694420290|
2694420291|
2694420292|
2694420293|
2694420294|
2694420295|
2694420320|
2694420321|
2694420322|
2694420323|
2694420324|
2694420325|
2694420326|
2694420327|
2694420352|
2694420353|
2694420354|
2694420355|
2694420356|
2694420357|
2694420358|
2694420359|
2694420384|
2694420385|
2694420386|
2694420387|
2694420388|
2694420389|
2694420390|
2694420391|
2694420416|
2694420417|
2694420418|
2694420419|
2694420420|
2694420421|
2694420422|
2694420423|
2694420448|
2694420449|
2694420450|
2694420451|
2694420452|
2694420453|
2694420454|
2694420455|
2694420480|
2694420481|
2694420482|
2694420483|
2694420484|
2694420485|
2694420486|
2694420487|
2694420512|
2694420513|
2694420514|
2694420515|
2694420516|
2694420517|
2694420518|
2694420519|
2694420544|
2694420545|
2694420546|
2694420547|
2694420548|
2694420549|
2694420550|
2694420551|
2694420576|
2694420577|
2694420578|
2694420579|
2694420580|
2694420581|
2694420582|
2694420583|
2694420608|
2694420609|
2694420610|
2694420611|
2694420612|
2694420613|
2694420614|
2694420615|
2694420640|
2694420641|
2694420642|
2694420643|
2694420644|
2694420645|
2694420646|
2694420647|
2694420672|
2694420673|
