2688120131|
2688120132|
2688120133|
2688120134|
2688120135|
2688120160|
2688120161|
2688120162|
2688120163|
2688120164|
2688120165|
2688120166|
2688120167|
2688120192|
2688120193|
2688120194|
2688120195|
2688120196|
2688120197|
2688120198|
2688120199|
2688120224|
2688120225|
2688120226|
2688120227|
2688120228|
2688120229|
2688120230|
2688120231|
2688120256|
2688120257|
2688120258|
2688120259|
2688120260|
2688120261|
2688120262|
2688120263|
2688120288|
2688120289|
2688120290|
2688120291|
2688120292|
2688120293|
2688120294|
2688120295|
2688120320|
2688120321|
2688120322|
2688120323|
2688120324|
2688120325|
2688120326|
2688120327|
2688120352|
2688120353|
2688120354|
2688120355|
2688120356|
2688120357|
2688120358|
2688120359|
2688120384|
2688120385|
2688120386|
2688120387|
2688120388|
2688120389|
2688120390|
2688120391|
2688120416|
2688120417|
2688120418|
2688120419|
2688120420|
2688120421|
2688120422|
2688120423|
2688120448|
2688120449|
2688120450|
2688120451|
2688120452|
2688120453|
2688120454|
2688120455|
2688120480|
2688120481|
2688120482|
2688120483|
2688120484|
2688120485|
2688120486|
2688120487|
2688120512|
2688120513|
2688120514|
2688120515|
2688120516|
2688120517|
2688120518|
