1342800229|
1342800230|
1342800231|
1342800256|
1342800257|
1342800258|
1342800259|
1342800260|
1342800261|
1342800262|
1342800263|
1342800288|
1342800289|
1342800290|
1342800291|
1342800292|
1342800293|
1342800294|
1342800295|
1342800320|
1342800321|
1342800322|
1342800323|
1342800324|
1342800325|
1342800326|
1342800327|
1342800352|
1342800353|
1342800354|
1342800355|
1342800356|
1342800357|
1342800358|
1342800359|
1342800384|
1342800385|
1342800386|
1342800387|
1342800388|
1342800389|
1342800390|
1342800391|
1342800416|
1342800417|
1342800418|
1342800419|
1342800420|
1342800421|
1342800422|
1342800423|
1342800448|
1342800449|
1342800450|
1342800451|
1342800452|
1342800453|
1342800454|
1342800455|
1342800480|
1342800481|
1342800482|
1342800483|
1342800484|
1342800485|
1342800486|
1342800487|
1342800512|
1342800513|
1342800514|
1342800515|
1342800516|
1342800517|
1342800518|
1342800519|
1342800544|
1342800545|
1342800546|
1342800547|
1342800548|
1342800549|
1342800550|
1342800551|
1342800576|
1342800577|
1342800578|
1342800579|
1342800580|
1342800581|
1342800582|
1342800583|
1342800608|
1342800609|
1342800610|
1342800611|
1342800612|
1342800613|
1342800614|
1342800615|
1342800640|
