2698740358|
2698740359|
2698740384|
2698740385|
2698740386|
2698740387|
2698740388|
2698740389|
2698740390|
2698740391|
2698740416|
2698740417|
2698740418|
2698740419|
2698740420|
2698740421|
2698740422|
2698740423|
2698740448|
2698740449|
2698740450|
2698740451|
2698740452|
2698740453|
2698740454|
2698740455|
2698740480|
2698740481|
2698740482|
2698740483|
2698740484|
2698740485|
2698740486|
2698740487|
2698740512|
2698740513|
2698740514|
2698740515|
2698740516|
2698740517|
2698740518|
2698740519|
2698740544|
2698740545|
2698740546|
2698740547|
2698740548|
2698740549|
2698740550|
2698740551|
2698740576|
2698740577|
2698740578|
2698740579|
2698740580|
2698740581|
2698740582|
2698740583|
2698740608|
2698740609|
2698740610|
2698740611|
2698740612|
2698740613|
2698740614|
2698740615|
2698740640|
2698740641|
2698740642|
2698740643|
2698740644|
2698740645|
2698740646|
2698740647|
2698740672|
2698740673|
2698740674|
2698740675|
2698740676|
2698740677|
2698740678|
2698740679|
2698740704|
2698740705|
2698740706|
2698740707|
2698740708|
2698740709|
2698740710|
2698740711|
2698740736|
2698740737|
2698740738|
2698740739|
2698740740|
2698740741|
2698740742|
2698740743|
2698740768|
2698740769|
