2687400103|
2687400128|
2687400129|
2687400130|
2687400131|
2687400132|
2687400133|
2687400134|
2687400135|
2687400160|
2687400161|
2687400162|
2687400163|
2687400164|
2687400165|
2687400166|
2687400167|
2687400192|
2687400193|
2687400194|
2687400195|
2687400196|
2687400197|
2687400198|
2687400199|
2687400224|
2687400225|
2687400226|
2687400227|
2687400228|
2687400229|
2687400230|
2687400231|
2687400256|
2687400257|
2687400258|
2687400259|
2687400260|
2687400261|
2687400262|
2687400263|
2687400288|
2687400289|
2687400290|
2687400291|
2687400292|
2687400293|
2687400294|
2687400295|
2687400320|
2687400321|
2687400322|
2687400323|
2687400324|
2687400325|
2687400326|
2687400327|
2687400352|
2687400353|
2687400354|
2687400355|
2687400356|
2687400357|
2687400358|
2687400359|
2687400384|
2687400385|
2687400386|
2687400387|
2687400388|
2687400389|
2687400390|
2687400391|
2687400416|
2687400417|
2687400418|
2687400419|
2687400420|
2687400421|
2687400422|
2687400423|
2687400448|
2687400449|
2687400450|
2687400451|
2687400452|
2687400453|
2687400454|
2687400455|
2687400480|
2687400481|
2687400482|
2687400483|
2687400484|
2687400485|
2687400486|
2687400487|
2687400512|
2687400513|
2687400514|
