2688840135|
2688840160|
2688840161|
2688840162|
2688840163|
2688840164|
2688840165|
2688840166|
2688840167|
2688840192|
2688840193|
2688840194|
2688840195|
2688840196|
2688840197|
2688840198|
2688840199|
2688840224|
2688840225|
2688840226|
2688840227|
2688840228|
2688840229|
2688840230|
2688840231|
2688840256|
2688840257|
2688840258|
2688840259|
2688840260|
2688840261|
2688840262|
2688840263|
2688840288|
2688840289|
2688840290|
2688840291|
2688840292|
2688840293|
2688840294|
2688840295|
2688840320|
2688840321|
2688840322|
2688840323|
2688840324|
2688840325|
2688840326|
2688840327|
2688840352|
2688840353|
2688840354|
2688840355|
2688840356|
2688840357|
2688840358|
2688840359|
2688840384|
2688840385|
2688840386|
2688840387|
2688840388|
2688840389|
2688840390|
2688840391|
2688840416|
2688840417|
2688840418|
2688840419|
2688840420|
2688840421|
2688840422|
2688840423|
2688840448|
2688840449|
2688840450|
2688840451|
2688840452|
2688840453|
2688840454|
2688840455|
2688840480|
2688840481|
2688840482|
2688840483|
2688840484|
2688840485|
2688840486|
2688840487|
2688840512|
2688840513|
2688840514|
2688840515|
2688840516|
2688840517|
2688840518|
2688840519|
2688840544|
2688840545|
2688840546|
