17460386|
17460387|
17460388|
17460389|
17460390|
17460391|
17460416|
17460417|
17460418|
17460419|
17460420|
17460421|
17460422|
17460423|
17460448|
17460449|
17460450|
17460451|
17460452|
17460453|
17460454|
17460455|
17460480|
17460481|
17460482|
17460483|
17460484|
17460485|
17460486|
17460487|
17460512|
17460513|
17460514|
17460515|
17460516|
17460517|
17460518|
17460519|
17460544|
17460545|
17460546|
17460547|
17460548|
17460549|
17460550|
17460551|
17460576|
17460577|
17460578|
17460579|
17460580|
17460581|
17460582|
17460583|
17460608|
17460609|
17460610|
17460611|
17460612|
17460613|
17460614|
17460615|
17460640|
17460641|
17460642|
17460643|
17460644|
17460645|
17460646|
17460647|
17460672|
17460673|
17460674|
17460675|
17460676|
17460677|
17460678|
17460679|
17460704|
17460705|
17460706|
17460707|
17460708|
17460709|
17460710|
17460711|
17460736|
17460737|
17460738|
17460739|
17460740|
17460741|
17460742|
17460743|
17460768|
17460769|
17460770|
17460771|
17460772|
17460773|
