2692440227|
2692440228|
2692440229|
2692440230|
2692440231|
2692440256|
2692440257|
2692440258|
2692440259|
2692440260|
2692440261|
2692440262|
2692440263|
2692440288|
2692440289|
2692440290|
2692440291|
2692440292|
2692440293|
2692440294|
2692440295|
2692440320|
2692440321|
2692440322|
2692440323|
2692440324|
2692440325|
2692440326|
2692440327|
2692440352|
2692440353|
2692440354|
2692440355|
2692440356|
2692440357|
2692440358|
2692440359|
2692440384|
2692440385|
2692440386|
2692440387|
2692440388|
2692440389|
2692440390|
2692440391|
2692440416|
2692440417|
2692440418|
2692440419|
2692440420|
2692440421|
2692440422|
2692440423|
2692440448|
2692440449|
2692440450|
2692440451|
2692440452|
2692440453|
2692440454|
2692440455|
2692440480|
2692440481|
2692440482|
2692440483|
2692440484|
2692440485|
2692440486|
2692440487|
2692440512|
2692440513|
2692440514|
2692440515|
2692440516|
2692440517|
2692440518|
2692440519|
2692440544|
2692440545|
2692440546|
2692440547|
2692440548|
2692440549|
2692440550|
2692440551|
2692440576|
2692440577|
2692440578|
2692440579|
2692440580|
2692440581|
2692440582|
2692440583|
2692440608|
2692440609|
2692440610|
2692440611|
2692440612|
2692440613|
2692440614|
