1347660352|
1347660353|
1347660354|
1347660355|
1347660356|
1347660357|
1347660358|
1347660359|
1347660384|
1347660385|
1347660386|
1347660387|
1347660388|
1347660389|
1347660390|
1347660391|
1347660416|
1347660417|
1347660418|
1347660419|
1347660420|
1347660421|
1347660422|
1347660423|
1347660448|
1347660449|
1347660450|
1347660451|
1347660452|
1347660453|
1347660454|
1347660455|
1347660480|
1347660481|
1347660482|
1347660483|
1347660484|
1347660485|
1347660486|
1347660487|
1347660512|
1347660513|
1347660514|
1347660515|
1347660516|
1347660517|
1347660518|
1347660519|
1347660544|
1347660545|
1347660546|
1347660547|
1347660548|
1347660549|
1347660550|
1347660551|
1347660576|
1347660577|
1347660578|
1347660579|
1347660580|
1347660581|
1347660582|
1347660583|
1347660608|
1347660609|
1347660610|
1347660611|
1347660612|
1347660613|
1347660614|
1347660615|
1347660640|
1347660641|
1347660642|
1347660643|
1347660644|
1347660645|
1347660646|
1347660647|
1347660672|
1347660673|
1347660674|
1347660675|
1347660676|
1347660677|
1347660678|
1347660679|
1347660704|
1347660705|
1347660706|
1347660707|
1347660708|
1347660709|
1347660710|
1347660711|
1347660736|
1347660737|
1347660738|
1347660739|
