1348380356|
1348380357|
1348380358|
1348380359|
1348380384|
1348380385|
1348380386|
1348380387|
1348380388|
1348380389|
1348380390|
1348380391|
1348380416|
1348380417|
1348380418|
1348380419|
1348380420|
1348380421|
1348380422|
1348380423|
1348380448|
1348380449|
1348380450|
1348380451|
1348380452|
1348380453|
1348380454|
1348380455|
1348380480|
1348380481|
1348380482|
1348380483|
1348380484|
1348380485|
1348380486|
1348380487|
1348380512|
1348380513|
1348380514|
1348380515|
1348380516|
1348380517|
1348380518|
1348380519|
1348380544|
1348380545|
1348380546|
1348380547|
1348380548|
1348380549|
1348380550|
1348380551|
1348380576|
1348380577|
1348380578|
1348380579|
1348380580|
1348380581|
1348380582|
1348380583|
1348380608|
1348380609|
1348380610|
1348380611|
1348380612|
1348380613|
1348380614|
1348380615|
1348380640|
1348380641|
1348380642|
1348380643|
1348380644|
1348380645|
1348380646|
1348380647|
1348380672|
1348380673|
1348380674|
1348380675|
1348380676|
1348380677|
1348380678|
1348380679|
1348380704|
1348380705|
1348380706|
1348380707|
1348380708|
1348380709|
1348380710|
1348380711|
1348380736|
1348380737|
1348380738|
1348380739|
1348380740|
1348380741|
1348380742|
1348380743|
