1341000195|
1341000196|
1341000197|
1341000198|
1341000199|
1341000224|
1341000225|
1341000226|
1341000227|
1341000228|
1341000229|
1341000230|
1341000231|
1341000256|
1341000257|
1341000258|
1341000259|
1341000260|
1341000261|
1341000262|
1341000263|
1341000288|
1341000289|
1341000290|
1341000291|
1341000292|
1341000293|
1341000294|
1341000295|
1341000320|
1341000321|
1341000322|
1341000323|
1341000324|
1341000325|
1341000326|
1341000327|
1341000352|
1341000353|
1341000354|
1341000355|
1341000356|
1341000357|
1341000358|
1341000359|
1341000384|
1341000385|
1341000386|
1341000387|
1341000388|
1341000389|
1341000390|
1341000391|
1341000416|
1341000417|
1341000418|
1341000419|
1341000420|
1341000421|
1341000422|
1341000423|
1341000448|
1341000449|
1341000450|
1341000451|
1341000452|
1341000453|
1341000454|
1341000455|
1341000480|
1341000481|
1341000482|
1341000483|
1341000484|
1341000485|
1341000486|
1341000487|
1341000512|
1341000513|
1341000514|
1341000515|
1341000516|
1341000517|
1341000518|
1341000519|
1341000544|
1341000545|
1341000546|
1341000547|
1341000548|
1341000549|
1341000550|
1341000551|
1341000576|
1341000577|
1341000578|
1341000579|
1341000580|
1341000581|
1341000582|
