2694240261|
2694240262|
2694240263|
2694240288|
2694240289|
2694240290|
2694240291|
2694240292|
2694240293|
2694240294|
2694240295|
2694240320|
2694240321|
2694240322|
2694240323|
2694240324|
2694240325|
2694240326|
2694240327|
2694240352|
2694240353|
2694240354|
2694240355|
2694240356|
2694240357|
2694240358|
2694240359|
2694240384|
2694240385|
2694240386|
2694240387|
2694240388|
2694240389|
2694240390|
2694240391|
2694240416|
2694240417|
2694240418|
2694240419|
2694240420|
2694240421|
2694240422|
2694240423|
2694240448|
2694240449|
2694240450|
2694240451|
2694240452|
2694240453|
2694240454|
2694240455|
2694240480|
2694240481|
2694240482|
2694240483|
2694240484|
2694240485|
2694240486|
2694240487|
2694240512|
2694240513|
2694240514|
2694240515|
2694240516|
2694240517|
2694240518|
2694240519|
2694240544|
2694240545|
2694240546|
2694240547|
2694240548|
2694240549|
2694240550|
2694240551|
2694240576|
2694240577|
2694240578|
2694240579|
2694240580|
2694240581|
2694240582|
2694240583|
2694240608|
2694240609|
2694240610|
2694240611|
2694240612|
2694240613|
2694240614|
2694240615|
2694240640|
2694240641|
2694240642|
2694240643|
2694240644|
2694240645|
2694240646|
2694240647|
2694240672|
