13860294|
13860295|
13860320|
13860321|
13860322|
13860323|
13860324|
13860325|
13860326|
13860327|
13860352|
13860353|
13860354|
13860355|
13860356|
13860357|
13860358|
13860359|
13860384|
13860385|
13860386|
13860387|
13860388|
13860389|
13860390|
13860391|
13860416|
13860417|
13860418|
13860419|
13860420|
13860421|
13860422|
13860423|
13860448|
13860449|
13860450|
13860451|
13860452|
13860453|
13860454|
13860455|
13860480|
13860481|
13860482|
13860483|
13860484|
13860485|
13860486|
13860487|
13860512|
13860513|
13860514|
13860515|
13860516|
13860517|
13860518|
13860519|
13860544|
13860545|
13860546|
13860547|
13860548|
13860549|
13860550|
13860551|
13860576|
13860577|
13860578|
13860579|
13860580|
13860581|
13860582|
13860583|
13860608|
13860609|
13860610|
13860611|
13860612|
13860613|
13860614|
13860615|
13860640|
13860641|
13860642|
13860643|
13860644|
13860645|
13860646|
13860647|
13860672|
13860673|
13860674|
13860675|
13860676|
13860677|
13860678|
13860679|
13860704|
13860705|
