2696940324|
2696940325|
2696940326|
2696940327|
2696940352|
2696940353|
2696940354|
2696940355|
2696940356|
2696940357|
2696940358|
2696940359|
2696940384|
2696940385|
2696940386|
2696940387|
2696940388|
2696940389|
2696940390|
2696940391|
2696940416|
2696940417|
2696940418|
2696940419|
2696940420|
2696940421|
2696940422|
2696940423|
2696940448|
2696940449|
2696940450|
2696940451|
2696940452|
2696940453|
2696940454|
2696940455|
2696940480|
2696940481|
2696940482|
2696940483|
2696940484|
2696940485|
2696940486|
2696940487|
2696940512|
2696940513|
2696940514|
2696940515|
2696940516|
2696940517|
2696940518|
2696940519|
2696940544|
2696940545|
2696940546|
2696940547|
2696940548|
2696940549|
2696940550|
2696940551|
2696940576|
2696940577|
2696940578|
2696940579|
2696940580|
2696940581|
2696940582|
2696940583|
2696940608|
2696940609|
2696940610|
2696940611|
2696940612|
2696940613|
2696940614|
2696940615|
2696940640|
2696940641|
2696940642|
2696940643|
2696940644|
2696940645|
2696940646|
2696940647|
2696940672|
2696940673|
2696940674|
2696940675|
2696940676|
2696940677|
2696940678|
2696940679|
2696940704|
2696940705|
2696940706|
2696940707|
2696940708|
2696940709|
2696940710|
2696940711|
