1344060260|
1344060261|
1344060262|
1344060263|
1344060288|
1344060289|
1344060290|
1344060291|
1344060292|
1344060293|
1344060294|
1344060295|
1344060320|
1344060321|
1344060322|
1344060323|
1344060324|
1344060325|
1344060326|
1344060327|
1344060352|
1344060353|
1344060354|
1344060355|
1344060356|
1344060357|
1344060358|
1344060359|
1344060384|
1344060385|
1344060386|
1344060387|
1344060388|
1344060389|
1344060390|
1344060391|
1344060416|
1344060417|
1344060418|
1344060419|
1344060420|
1344060421|
1344060422|
1344060423|
1344060448|
1344060449|
1344060450|
1344060451|
1344060452|
1344060453|
1344060454|
1344060455|
1344060480|
1344060481|
1344060482|
1344060483|
1344060484|
1344060485|
1344060486|
1344060487|
1344060512|
1344060513|
1344060514|
1344060515|
1344060516|
1344060517|
1344060518|
1344060519|
1344060544|
1344060545|
1344060546|
1344060547|
1344060548|
1344060549|
1344060550|
1344060551|
1344060576|
1344060577|
1344060578|
1344060579|
1344060580|
1344060581|
1344060582|
1344060583|
1344060608|
1344060609|
1344060610|
1344060611|
1344060612|
1344060613|
1344060614|
1344060615|
1344060640|
1344060641|
1344060642|
1344060643|
1344060644|
1344060645|
1344060646|
1344060647|
