7920165|
7920166|
7920167|
7920192|
7920193|
7920194|
7920195|
7920196|
7920197|
7920198|
7920199|
7920224|
7920225|
7920226|
7920227|
7920228|
7920229|
7920230|
7920231|
7920256|
7920257|
7920258|
7920259|
7920260|
7920261|
7920262|
7920263|
7920288|
7920289|
7920290|
7920291|
7920292|
7920293|
7920294|
7920295|
7920320|
7920321|
7920322|
7920323|
7920324|
7920325|
7920326|
7920327|
7920352|
7920353|
7920354|
7920355|
7920356|
7920357|
7920358|
7920359|
7920384|
7920385|
7920386|
7920387|
7920388|
7920389|
7920390|
7920391|
7920416|
7920417|
7920418|
7920419|
7920420|
7920421|
7920422|
7920423|
7920448|
7920449|
7920450|
7920451|
7920452|
7920453|
7920454|
7920455|
7920480|
7920481|
7920482|
7920483|
7920484|
7920485|
7920486|
7920487|
7920512|
7920513|
7920514|
7920515|
7920516|
7920517|
7920518|
7920519|
7920544|
7920545|
7920546|
7920547|
7920548|
7920549|
7920550|
7920551|
7920576|
