2690100166|
2690100167|
2690100192|
2690100193|
2690100194|
2690100195|
2690100196|
2690100197|
2690100198|
2690100199|
2690100224|
2690100225|
2690100226|
2690100227|
2690100228|
2690100229|
2690100230|
2690100231|
2690100256|
2690100257|
2690100258|
2690100259|
2690100260|
2690100261|
2690100262|
2690100263|
2690100288|
2690100289|
2690100290|
2690100291|
2690100292|
2690100293|
2690100294|
2690100295|
2690100320|
2690100321|
2690100322|
2690100323|
2690100324|
2690100325|
2690100326|
2690100327|
2690100352|
2690100353|
2690100354|
2690100355|
2690100356|
2690100357|
2690100358|
2690100359|
2690100384|
2690100385|
2690100386|
2690100387|
2690100388|
2690100389|
2690100390|
2690100391|
2690100416|
2690100417|
2690100418|
2690100419|
2690100420|
2690100421|
2690100422|
2690100423|
2690100448|
2690100449|
2690100450|
2690100451|
2690100452|
2690100453|
2690100454|
2690100455|
2690100480|
2690100481|
2690100482|
2690100483|
2690100484|
2690100485|
2690100486|
2690100487|
2690100512|
2690100513|
2690100514|
2690100515|
2690100516|
2690100517|
2690100518|
2690100519|
2690100544|
2690100545|
2690100546|
2690100547|
2690100548|
2690100549|
2690100550|
2690100551|
2690100576|
2690100577|
