5580128|
5580129|
5580130|
5580131|
5580132|
5580133|
5580134|
5580135|
5580160|
5580161|
5580162|
5580163|
5580164|
5580165|
5580166|
5580167|
5580192|
5580193|
5580194|
5580195|
5580196|
5580197|
5580198|
5580199|
5580224|
5580225|
5580226|
5580227|
5580228|
5580229|
5580230|
5580231|
5580256|
5580257|
5580258|
5580259|
5580260|
5580261|
5580262|
5580263|
5580288|
5580289|
5580290|
5580291|
5580292|
5580293|
5580294|
5580295|
5580320|
5580321|
5580322|
5580323|
5580324|
5580325|
5580326|
5580327|
5580352|
5580353|
5580354|
5580355|
5580356|
5580357|
5580358|
5580359|
5580384|
5580385|
5580386|
5580387|
5580388|
5580389|
5580390|
5580391|
5580416|
5580417|
5580418|
5580419|
5580420|
5580421|
5580422|
5580423|
5580448|
5580449|
5580450|
5580451|
5580452|
5580453|
5580454|
5580455|
5580480|
5580481|
5580482|
5580483|
5580484|
5580485|
5580486|
5580487|
5580512|
5580513|
5580514|
5580515|
