1800035|
1800036|
1800037|
1800038|
1800039|
1800064|
1800065|
1800066|
1800067|
1800068|
1800069|
1800070|
1800071|
1800096|
1800097|
1800098|
1800099|
1800100|
1800101|
1800102|
1800103|
1800128|
1800129|
1800130|
1800131|
1800132|
1800133|
1800134|
1800135|
1800160|
1800161|
1800162|
1800163|
1800164|
1800165|
1800166|
1800167|
1800192|
1800193|
1800194|
1800195|
1800196|
1800197|
1800198|
1800199|
1800224|
1800225|
1800226|
1800227|
1800228|
1800229|
1800230|
1800231|
1800256|
1800257|
1800258|
1800259|
1800260|
1800261|
1800262|
1800263|
1800288|
1800289|
1800290|
1800291|
1800292|
1800293|
1800294|
1800295|
1800320|
1800321|
1800322|
1800323|
1800324|
1800325|
1800326|
1800327|
1800352|
1800353|
1800354|
1800355|
1800356|
1800357|
1800358|
1800359|
1800384|
1800385|
1800386|
1800387|
1800388|
1800389|
1800390|
1800391|
1800416|
1800417|
1800418|
1800419|
1800420|
1800421|
1800422|
