1349100384|
1349100385|
1349100386|
1349100387|
1349100388|
1349100389|
1349100390|
1349100391|
1349100416|
1349100417|
1349100418|
1349100419|
1349100420|
1349100421|
1349100422|
1349100423|
1349100448|
1349100449|
1349100450|
1349100451|
1349100452|
1349100453|
1349100454|
1349100455|
1349100480|
1349100481|
1349100482|
1349100483|
1349100484|
1349100485|
1349100486|
1349100487|
1349100512|
1349100513|
1349100514|
1349100515|
1349100516|
1349100517|
1349100518|
1349100519|
1349100544|
1349100545|
1349100546|
1349100547|
1349100548|
1349100549|
1349100550|
1349100551|
1349100576|
1349100577|
1349100578|
1349100579|
1349100580|
1349100581|
1349100582|
1349100583|
1349100608|
1349100609|
1349100610|
1349100611|
1349100612|
1349100613|
1349100614|
1349100615|
1349100640|
1349100641|
1349100642|
1349100643|
1349100644|
1349100645|
1349100646|
1349100647|
1349100672|
1349100673|
1349100674|
1349100675|
1349100676|
1349100677|
1349100678|
1349100679|
1349100704|
1349100705|
1349100706|
1349100707|
1349100708|
1349100709|
1349100710|
1349100711|
1349100736|
1349100737|
1349100738|
1349100739|
1349100740|
1349100741|
1349100742|
1349100743|
1349100768|
1349100769|
1349100770|
1349100771|
