1340280167|
1340280192|
1340280193|
1340280194|
1340280195|
1340280196|
1340280197|
1340280198|
1340280199|
1340280224|
1340280225|
1340280226|
1340280227|
1340280228|
1340280229|
1340280230|
1340280231|
1340280256|
1340280257|
1340280258|
1340280259|
1340280260|
1340280261|
1340280262|
1340280263|
1340280288|
1340280289|
1340280290|
1340280291|
1340280292|
1340280293|
1340280294|
1340280295|
1340280320|
1340280321|
1340280322|
1340280323|
1340280324|
1340280325|
1340280326|
1340280327|
1340280352|
1340280353|
1340280354|
1340280355|
1340280356|
1340280357|
1340280358|
1340280359|
1340280384|
1340280385|
1340280386|
1340280387|
1340280388|
1340280389|
1340280390|
1340280391|
1340280416|
1340280417|
1340280418|
1340280419|
1340280420|
1340280421|
1340280422|
1340280423|
1340280448|
1340280449|
1340280450|
1340280451|
1340280452|
1340280453|
1340280454|
1340280455|
1340280480|
1340280481|
1340280482|
1340280483|
1340280484|
1340280485|
1340280486|
1340280487|
1340280512|
1340280513|
1340280514|
1340280515|
1340280516|
1340280517|
1340280518|
1340280519|
1340280544|
1340280545|
1340280546|
1340280547|
1340280548|
1340280549|
1340280550|
1340280551|
1340280576|
1340280577|
1340280578|
