2683800035|
2683800036|
2683800037|
2683800038|
2683800039|
2683800064|
2683800065|
2683800066|
2683800067|
2683800068|
2683800069|
2683800070|
2683800071|
2683800096|
2683800097|
2683800098|
2683800099|
2683800100|
2683800101|
2683800102|
2683800103|
2683800128|
2683800129|
2683800130|
2683800131|
2683800132|
2683800133|
2683800134|
2683800135|
2683800160|
2683800161|
2683800162|
2683800163|
2683800164|
2683800165|
2683800166|
2683800167|
2683800192|
2683800193|
2683800194|
2683800195|
2683800196|
2683800197|
2683800198|
2683800199|
2683800224|
2683800225|
2683800226|
2683800227|
2683800228|
2683800229|
2683800230|
2683800231|
2683800256|
2683800257|
2683800258|
2683800259|
2683800260|
2683800261|
2683800262|
2683800263|
2683800288|
2683800289|
2683800290|
2683800291|
2683800292|
2683800293|
2683800294|
2683800295|
2683800320|
2683800321|
2683800322|
2683800323|
2683800324|
2683800325|
2683800326|
2683800327|
2683800352|
2683800353|
2683800354|
2683800355|
2683800356|
2683800357|
2683800358|
2683800359|
2683800384|
2683800385|
2683800386|
2683800387|
2683800388|
2683800389|
2683800390|
2683800391|
2683800416|
2683800417|
2683800418|
2683800419|
2683800420|
2683800421|
2683800422|
