15480327|
15480352|
15480353|
15480354|
15480355|
15480356|
15480357|
15480358|
15480359|
15480384|
15480385|
15480386|
15480387|
15480388|
15480389|
15480390|
15480391|
15480416|
15480417|
15480418|
15480419|
15480420|
15480421|
15480422|
15480423|
15480448|
15480449|
15480450|
15480451|
15480452|
15480453|
15480454|
15480455|
15480480|
15480481|
15480482|
15480483|
15480484|
15480485|
15480486|
15480487|
15480512|
15480513|
15480514|
15480515|
15480516|
15480517|
15480518|
15480519|
15480544|
15480545|
15480546|
15480547|
15480548|
15480549|
15480550|
15480551|
15480576|
15480577|
15480578|
15480579|
15480580|
15480581|
15480582|
15480583|
15480608|
15480609|
15480610|
15480611|
15480612|
15480613|
15480614|
15480615|
15480640|
15480641|
15480642|
15480643|
15480644|
15480645|
15480646|
15480647|
15480672|
15480673|
15480674|
15480675|
15480676|
15480677|
15480678|
15480679|
15480704|
15480705|
15480706|
15480707|
15480708|
15480709|
15480710|
15480711|
15480736|
15480737|
15480738|
