2697660352|
2697660353|
2697660354|
2697660355|
2697660356|
2697660357|
2697660358|
2697660359|
2697660384|
2697660385|
2697660386|
2697660387|
2697660388|
2697660389|
2697660390|
2697660391|
2697660416|
2697660417|
2697660418|
2697660419|
2697660420|
2697660421|
2697660422|
2697660423|
2697660448|
2697660449|
2697660450|
2697660451|
2697660452|
2697660453|
2697660454|
2697660455|
2697660480|
2697660481|
2697660482|
2697660483|
2697660484|
2697660485|
2697660486|
2697660487|
2697660512|
2697660513|
2697660514|
2697660515|
2697660516|
2697660517|
2697660518|
2697660519|
2697660544|
2697660545|
2697660546|
2697660547|
2697660548|
2697660549|
2697660550|
2697660551|
2697660576|
2697660577|
2697660578|
2697660579|
2697660580|
2697660581|
2697660582|
2697660583|
2697660608|
2697660609|
2697660610|
2697660611|
2697660612|
2697660613|
2697660614|
2697660615|
2697660640|
2697660641|
2697660642|
2697660643|
2697660644|
2697660645|
2697660646|
2697660647|
2697660672|
2697660673|
2697660674|
2697660675|
2697660676|
2697660677|
2697660678|
2697660679|
2697660704|
2697660705|
2697660706|
2697660707|
2697660708|
2697660709|
2697660710|
2697660711|
2697660736|
2697660737|
2697660738|
2697660739|
