8460192|
8460193|
8460194|
8460195|
8460196|
8460197|
8460198|
8460199|
8460224|
8460225|
8460226|
8460227|
8460228|
8460229|
8460230|
8460231|
8460256|
8460257|
8460258|
8460259|
8460260|
8460261|
8460262|
8460263|
8460288|
8460289|
8460290|
8460291|
8460292|
8460293|
8460294|
8460295|
8460320|
8460321|
8460322|
8460323|
8460324|
8460325|
8460326|
8460327|
8460352|
8460353|
8460354|
8460355|
8460356|
8460357|
8460358|
8460359|
8460384|
8460385|
8460386|
8460387|
8460388|
8460389|
8460390|
8460391|
8460416|
8460417|
8460418|
8460419|
8460420|
8460421|
8460422|
8460423|
8460448|
8460449|
8460450|
8460451|
8460452|
8460453|
8460454|
8460455|
8460480|
8460481|
8460482|
8460483|
8460484|
8460485|
8460486|
8460487|
8460512|
8460513|
8460514|
8460515|
8460516|
8460517|
8460518|
8460519|
8460544|
8460545|
8460546|
8460547|
8460548|
8460549|
8460550|
8460551|
8460576|
8460577|
8460578|
8460579|
