3240067|
3240068|
3240069|
3240070|
3240071|
3240096|
3240097|
3240098|
3240099|
3240100|
3240101|
3240102|
3240103|
3240128|
3240129|
3240130|
3240131|
3240132|
3240133|
3240134|
3240135|
3240160|
3240161|
3240162|
3240163|
3240164|
3240165|
3240166|
3240167|
3240192|
3240193|
3240194|
3240195|
3240196|
3240197|
3240198|
3240199|
3240224|
3240225|
3240226|
3240227|
3240228|
3240229|
3240230|
3240231|
3240256|
3240257|
3240258|
3240259|
3240260|
3240261|
3240262|
3240263|
3240288|
3240289|
3240290|
3240291|
3240292|
3240293|
3240294|
3240295|
3240320|
3240321|
3240322|
3240323|
3240324|
3240325|
3240326|
3240327|
3240352|
3240353|
3240354|
3240355|
3240356|
3240357|
3240358|
3240359|
3240384|
3240385|
3240386|
3240387|
3240388|
3240389|
3240390|
3240391|
3240416|
3240417|
3240418|
3240419|
3240420|
3240421|
3240422|
3240423|
3240448|
3240449|
3240450|
3240451|
3240452|
3240453|
3240454|
