1340820194|
1340820195|
1340820196|
1340820197|
1340820198|
1340820199|
1340820224|
1340820225|
1340820226|
1340820227|
1340820228|
1340820229|
1340820230|
1340820231|
1340820256|
1340820257|
1340820258|
1340820259|
1340820260|
1340820261|
1340820262|
1340820263|
1340820288|
1340820289|
1340820290|
1340820291|
1340820292|
1340820293|
1340820294|
1340820295|
1340820320|
1340820321|
1340820322|
1340820323|
1340820324|
1340820325|
1340820326|
1340820327|
1340820352|
1340820353|
1340820354|
1340820355|
1340820356|
1340820357|
1340820358|
1340820359|
1340820384|
1340820385|
1340820386|
1340820387|
1340820388|
1340820389|
1340820390|
1340820391|
1340820416|
1340820417|
1340820418|
1340820419|
1340820420|
1340820421|
1340820422|
1340820423|
1340820448|
1340820449|
1340820450|
1340820451|
1340820452|
1340820453|
1340820454|
1340820455|
1340820480|
1340820481|
1340820482|
1340820483|
1340820484|
1340820485|
1340820486|
1340820487|
1340820512|
1340820513|
1340820514|
1340820515|
1340820516|
1340820517|
1340820518|
1340820519|
1340820544|
1340820545|
1340820546|
1340820547|
1340820548|
1340820549|
1340820550|
1340820551|
1340820576|
1340820577|
1340820578|
1340820579|
1340820580|
1340820581|
