2684880065|
2684880066|
2684880067|
2684880068|
2684880069|
2684880070|
2684880071|
2684880096|
2684880097|
2684880098|
2684880099|
2684880100|
2684880101|
2684880102|
2684880103|
2684880128|
2684880129|
2684880130|
2684880131|
2684880132|
2684880133|
2684880134|
2684880135|
2684880160|
2684880161|
2684880162|
2684880163|
2684880164|
2684880165|
2684880166|
2684880167|
2684880192|
2684880193|
2684880194|
2684880195|
2684880196|
2684880197|
2684880198|
2684880199|
2684880224|
2684880225|
2684880226|
2684880227|
2684880228|
2684880229|
2684880230|
2684880231|
2684880256|
2684880257|
2684880258|
2684880259|
2684880260|
2684880261|
2684880262|
2684880263|
2684880288|
2684880289|
2684880290|
2684880291|
2684880292|
2684880293|
2684880294|
2684880295|
2684880320|
2684880321|
2684880322|
2684880323|
2684880324|
2684880325|
2684880326|
2684880327|
2684880352|
2684880353|
2684880354|
2684880355|
2684880356|
2684880357|
2684880358|
2684880359|
2684880384|
2684880385|
2684880386|
2684880387|
2684880388|
2684880389|
2684880390|
2684880391|
2684880416|
2684880417|
2684880418|
2684880419|
2684880420|
2684880421|
2684880422|
2684880423|
2684880448|
2684880449|
2684880450|
2684880451|
2684880452|
