1349460386|
1349460387|
1349460388|
1349460389|
1349460390|
1349460391|
1349460416|
1349460417|
1349460418|
1349460419|
1349460420|
1349460421|
1349460422|
1349460423|
1349460448|
1349460449|
1349460450|
1349460451|
1349460452|
1349460453|
1349460454|
1349460455|
1349460480|
1349460481|
1349460482|
1349460483|
1349460484|
1349460485|
1349460486|
1349460487|
1349460512|
1349460513|
1349460514|
1349460515|
1349460516|
1349460517|
1349460518|
1349460519|
1349460544|
1349460545|
1349460546|
1349460547|
1349460548|
1349460549|
1349460550|
1349460551|
1349460576|
1349460577|
1349460578|
1349460579|
1349460580|
1349460581|
1349460582|
1349460583|
1349460608|
1349460609|
1349460610|
1349460611|
1349460612|
1349460613|
1349460614|
1349460615|
1349460640|
1349460641|
1349460642|
1349460643|
1349460644|
1349460645|
1349460646|
1349460647|
1349460672|
1349460673|
1349460674|
1349460675|
1349460676|
1349460677|
1349460678|
1349460679|
1349460704|
1349460705|
1349460706|
1349460707|
1349460708|
1349460709|
1349460710|
1349460711|
1349460736|
1349460737|
1349460738|
1349460739|
1349460740|
1349460741|
1349460742|
1349460743|
1349460768|
1349460769|
1349460770|
1349460771|
1349460772|
1349460773|
