4500098|
4500099|
4500100|
4500101|
4500102|
4500103|
4500128|
4500129|
4500130|
4500131|
4500132|
4500133|
4500134|
4500135|
4500160|
4500161|
4500162|
4500163|
4500164|
4500165|
4500166|
4500167|
4500192|
4500193|
4500194|
4500195|
4500196|
4500197|
4500198|
4500199|
4500224|
4500225|
4500226|
4500227|
4500228|
4500229|
4500230|
4500231|
4500256|
4500257|
4500258|
4500259|
4500260|
4500261|
4500262|
4500263|
4500288|
4500289|
4500290|
4500291|
4500292|
4500293|
4500294|
4500295|
4500320|
4500321|
4500322|
4500323|
4500324|
4500325|
4500326|
4500327|
4500352|
4500353|
4500354|
4500355|
4500356|
4500357|
4500358|
4500359|
4500384|
4500385|
4500386|
4500387|
4500388|
4500389|
4500390|
4500391|
4500416|
4500417|
4500418|
4500419|
4500420|
4500421|
4500422|
4500423|
4500448|
4500449|
4500450|
4500451|
4500452|
4500453|
4500454|
4500455|
4500480|
4500481|
4500482|
4500483|
4500484|
4500485|
