2693880259|
2693880260|
2693880261|
2693880262|
2693880263|
2693880288|
2693880289|
2693880290|
2693880291|
2693880292|
2693880293|
2693880294|
2693880295|
2693880320|
2693880321|
2693880322|
2693880323|
2693880324|
2693880325|
2693880326|
2693880327|
2693880352|
2693880353|
2693880354|
2693880355|
2693880356|
2693880357|
2693880358|
2693880359|
2693880384|
2693880385|
2693880386|
2693880387|
2693880388|
2693880389|
2693880390|
2693880391|
2693880416|
2693880417|
2693880418|
2693880419|
2693880420|
2693880421|
2693880422|
2693880423|
2693880448|
2693880449|
2693880450|
2693880451|
2693880452|
2693880453|
2693880454|
2693880455|
2693880480|
2693880481|
2693880482|
2693880483|
2693880484|
2693880485|
2693880486|
2693880487|
2693880512|
2693880513|
2693880514|
2693880515|
2693880516|
2693880517|
2693880518|
2693880519|
2693880544|
2693880545|
2693880546|
2693880547|
2693880548|
2693880549|
2693880550|
2693880551|
2693880576|
2693880577|
2693880578|
2693880579|
2693880580|
2693880581|
2693880582|
2693880583|
2693880608|
2693880609|
2693880610|
2693880611|
2693880612|
2693880613|
2693880614|
2693880615|
2693880640|
2693880641|
2693880642|
2693880643|
2693880644|
2693880645|
2693880646|
