2698020354|
2698020355|
2698020356|
2698020357|
2698020358|
2698020359|
2698020384|
2698020385|
2698020386|
2698020387|
2698020388|
2698020389|
2698020390|
2698020391|
2698020416|
2698020417|
2698020418|
2698020419|
2698020420|
2698020421|
2698020422|
2698020423|
2698020448|
2698020449|
2698020450|
2698020451|
2698020452|
2698020453|
2698020454|
2698020455|
2698020480|
2698020481|
2698020482|
2698020483|
2698020484|
2698020485|
2698020486|
2698020487|
2698020512|
2698020513|
2698020514|
2698020515|
2698020516|
2698020517|
2698020518|
2698020519|
2698020544|
2698020545|
2698020546|
2698020547|
2698020548|
2698020549|
2698020550|
2698020551|
2698020576|
2698020577|
2698020578|
2698020579|
2698020580|
2698020581|
2698020582|
2698020583|
2698020608|
2698020609|
2698020610|
2698020611|
2698020612|
2698020613|
2698020614|
2698020615|
2698020640|
2698020641|
2698020642|
2698020643|
2698020644|
2698020645|
2698020646|
2698020647|
2698020672|
2698020673|
2698020674|
2698020675|
2698020676|
2698020677|
2698020678|
2698020679|
2698020704|
2698020705|
2698020706|
2698020707|
2698020708|
2698020709|
2698020710|
2698020711|
2698020736|
2698020737|
2698020738|
2698020739|
2698020740|
2698020741|
