15840353|
15840354|
15840355|
15840356|
15840357|
15840358|
15840359|
15840384|
15840385|
15840386|
15840387|
15840388|
15840389|
15840390|
15840391|
15840416|
15840417|
15840418|
15840419|
15840420|
15840421|
15840422|
15840423|
15840448|
15840449|
15840450|
15840451|
15840452|
15840453|
15840454|
15840455|
15840480|
15840481|
15840482|
15840483|
15840484|
15840485|
15840486|
15840487|
15840512|
15840513|
15840514|
15840515|
15840516|
15840517|
15840518|
15840519|
15840544|
15840545|
15840546|
15840547|
15840548|
15840549|
15840550|
15840551|
15840576|
15840577|
15840578|
15840579|
15840580|
15840581|
15840582|
15840583|
15840608|
15840609|
15840610|
15840611|
15840612|
15840613|
15840614|
15840615|
15840640|
15840641|
15840642|
15840643|
15840644|
15840645|
15840646|
15840647|
15840672|
15840673|
15840674|
15840675|
15840676|
15840677|
15840678|
15840679|
15840704|
15840705|
15840706|
15840707|
15840708|
15840709|
15840710|
15840711|
15840736|
15840737|
15840738|
15840739|
15840740|
