1340640193|
1340640194|
1340640195|
1340640196|
1340640197|
1340640198|
1340640199|
1340640224|
1340640225|
1340640226|
1340640227|
1340640228|
1340640229|
1340640230|
1340640231|
1340640256|
1340640257|
1340640258|
1340640259|
1340640260|
1340640261|
1340640262|
1340640263|
1340640288|
1340640289|
1340640290|
1340640291|
1340640292|
1340640293|
1340640294|
1340640295|
1340640320|
1340640321|
1340640322|
1340640323|
1340640324|
1340640325|
1340640326|
1340640327|
1340640352|
1340640353|
1340640354|
1340640355|
1340640356|
1340640357|
1340640358|
1340640359|
1340640384|
1340640385|
1340640386|
1340640387|
1340640388|
1340640389|
1340640390|
1340640391|
1340640416|
1340640417|
1340640418|
1340640419|
1340640420|
1340640421|
1340640422|
1340640423|
1340640448|
1340640449|
1340640450|
1340640451|
1340640452|
1340640453|
1340640454|
1340640455|
1340640480|
1340640481|
1340640482|
1340640483|
1340640484|
1340640485|
1340640486|
1340640487|
1340640512|
1340640513|
1340640514|
1340640515|
1340640516|
1340640517|
1340640518|
1340640519|
1340640544|
1340640545|
1340640546|
1340640547|
1340640548|
1340640549|
1340640550|
1340640551|
1340640576|
1340640577|
1340640578|
1340640579|
1340640580|
