12060260|
12060261|
12060262|
12060263|
12060288|
12060289|
12060290|
12060291|
12060292|
12060293|
12060294|
12060295|
12060320|
12060321|
12060322|
12060323|
12060324|
12060325|
12060326|
12060327|
12060352|
12060353|
12060354|
12060355|
12060356|
12060357|
12060358|
12060359|
12060384|
12060385|
12060386|
12060387|
12060388|
12060389|
12060390|
12060391|
12060416|
12060417|
12060418|
12060419|
12060420|
12060421|
12060422|
12060423|
12060448|
12060449|
12060450|
12060451|
12060452|
12060453|
12060454|
12060455|
12060480|
12060481|
12060482|
12060483|
12060484|
12060485|
12060486|
12060487|
12060512|
12060513|
12060514|
12060515|
12060516|
12060517|
12060518|
12060519|
12060544|
12060545|
12060546|
12060547|
12060548|
12060549|
12060550|
12060551|
12060576|
12060577|
12060578|
12060579|
12060580|
12060581|
12060582|
12060583|
12060608|
12060609|
12060610|
12060611|
12060612|
12060613|
12060614|
12060615|
12060640|
12060641|
12060642|
12060643|
12060644|
12060645|
12060646|
12060647|
