2695140290|
2695140291|
2695140292|
2695140293|
2695140294|
2695140295|
2695140320|
2695140321|
2695140322|
2695140323|
2695140324|
2695140325|
2695140326|
2695140327|
2695140352|
2695140353|
2695140354|
2695140355|
2695140356|
2695140357|
2695140358|
2695140359|
2695140384|
2695140385|
2695140386|
2695140387|
2695140388|
2695140389|
2695140390|
2695140391|
2695140416|
2695140417|
2695140418|
2695140419|
2695140420|
2695140421|
2695140422|
2695140423|
2695140448|
2695140449|
2695140450|
2695140451|
2695140452|
2695140453|
2695140454|
2695140455|
2695140480|
2695140481|
2695140482|
2695140483|
2695140484|
2695140485|
2695140486|
2695140487|
2695140512|
2695140513|
2695140514|
2695140515|
2695140516|
2695140517|
2695140518|
2695140519|
2695140544|
2695140545|
2695140546|
2695140547|
2695140548|
2695140549|
2695140550|
2695140551|
2695140576|
2695140577|
2695140578|
2695140579|
2695140580|
2695140581|
2695140582|
2695140583|
2695140608|
2695140609|
2695140610|
2695140611|
2695140612|
2695140613|
2695140614|
2695140615|
2695140640|
2695140641|
2695140642|
2695140643|
2695140644|
2695140645|
2695140646|
2695140647|
2695140672|
2695140673|
2695140674|
2695140675|
2695140676|
2695140677|
