1339920165|
1339920166|
1339920167|
1339920192|
1339920193|
1339920194|
1339920195|
1339920196|
1339920197|
1339920198|
1339920199|
1339920224|
1339920225|
1339920226|
1339920227|
1339920228|
1339920229|
1339920230|
1339920231|
1339920256|
1339920257|
1339920258|
1339920259|
1339920260|
1339920261|
1339920262|
1339920263|
1339920288|
1339920289|
1339920290|
1339920291|
1339920292|
1339920293|
1339920294|
1339920295|
1339920320|
1339920321|
1339920322|
1339920323|
1339920324|
1339920325|
1339920326|
1339920327|
1339920352|
1339920353|
1339920354|
1339920355|
1339920356|
1339920357|
1339920358|
1339920359|
1339920384|
1339920385|
1339920386|
1339920387|
1339920388|
1339920389|
1339920390|
1339920391|
1339920416|
1339920417|
1339920418|
1339920419|
1339920420|
1339920421|
1339920422|
1339920423|
1339920448|
1339920449|
1339920450|
1339920451|
1339920452|
1339920453|
1339920454|
1339920455|
1339920480|
1339920481|
1339920482|
1339920483|
1339920484|
1339920485|
1339920486|
1339920487|
1339920512|
1339920513|
1339920514|
1339920515|
1339920516|
1339920517|
1339920518|
1339920519|
1339920544|
1339920545|
1339920546|
1339920547|
1339920548|
1339920549|
1339920550|
1339920551|
1339920576|
