17820388|
17820389|
17820390|
17820391|
17820416|
17820417|
17820418|
17820419|
17820420|
17820421|
17820422|
17820423|
17820448|
17820449|
17820450|
17820451|
17820452|
17820453|
17820454|
17820455|
17820480|
17820481|
17820482|
17820483|
17820484|
17820485|
17820486|
17820487|
17820512|
17820513|
17820514|
17820515|
17820516|
17820517|
17820518|
17820519|
17820544|
17820545|
17820546|
17820547|
17820548|
17820549|
17820550|
17820551|
17820576|
17820577|
17820578|
17820579|
17820580|
17820581|
17820582|
17820583|
17820608|
17820609|
17820610|
17820611|
17820612|
17820613|
17820614|
17820615|
17820640|
17820641|
17820642|
17820643|
17820644|
17820645|
17820646|
17820647|
17820672|
17820673|
17820674|
17820675|
17820676|
17820677|
17820678|
17820679|
17820704|
17820705|
17820706|
17820707|
17820708|
17820709|
17820710|
17820711|
17820736|
17820737|
17820738|
17820739|
17820740|
17820741|
17820742|
17820743|
17820768|
17820769|
17820770|
17820771|
17820772|
17820773|
17820774|
17820775|
