1346400321|
1346400322|
1346400323|
1346400324|
1346400325|
1346400326|
1346400327|
1346400352|
1346400353|
1346400354|
1346400355|
1346400356|
1346400357|
1346400358|
1346400359|
1346400384|
1346400385|
1346400386|
1346400387|
1346400388|
1346400389|
1346400390|
1346400391|
1346400416|
1346400417|
1346400418|
1346400419|
1346400420|
1346400421|
1346400422|
1346400423|
1346400448|
1346400449|
1346400450|
1346400451|
1346400452|
1346400453|
1346400454|
1346400455|
1346400480|
1346400481|
1346400482|
1346400483|
1346400484|
1346400485|
1346400486|
1346400487|
1346400512|
1346400513|
1346400514|
1346400515|
1346400516|
1346400517|
1346400518|
1346400519|
1346400544|
1346400545|
1346400546|
1346400547|
1346400548|
1346400549|
1346400550|
1346400551|
1346400576|
1346400577|
1346400578|
1346400579|
1346400580|
1346400581|
1346400582|
1346400583|
1346400608|
1346400609|
1346400610|
1346400611|
1346400612|
1346400613|
1346400614|
1346400615|
1346400640|
1346400641|
1346400642|
1346400643|
1346400644|
1346400645|
1346400646|
1346400647|
1346400672|
1346400673|
1346400674|
1346400675|
1346400676|
1346400677|
1346400678|
1346400679|
1346400704|
1346400705|
1346400706|
1346400707|
1346400708|
