10980230|
10980231|
10980256|
10980257|
10980258|
10980259|
10980260|
10980261|
10980262|
10980263|
10980288|
10980289|
10980290|
10980291|
10980292|
10980293|
10980294|
10980295|
10980320|
10980321|
10980322|
10980323|
10980324|
10980325|
10980326|
10980327|
10980352|
10980353|
10980354|
10980355|
10980356|
10980357|
10980358|
10980359|
10980384|
10980385|
10980386|
10980387|
10980388|
10980389|
10980390|
10980391|
10980416|
10980417|
10980418|
10980419|
10980420|
10980421|
10980422|
10980423|
10980448|
10980449|
10980450|
10980451|
10980452|
10980453|
10980454|
10980455|
10980480|
10980481|
10980482|
10980483|
10980484|
10980485|
10980486|
10980487|
10980512|
10980513|
10980514|
10980515|
10980516|
10980517|
10980518|
10980519|
10980544|
10980545|
10980546|
10980547|
10980548|
10980549|
10980550|
10980551|
10980576|
10980577|
10980578|
10980579|
10980580|
10980581|
10980582|
10980583|
10980608|
10980609|
10980610|
10980611|
10980612|
10980613|
10980614|
10980615|
10980640|
10980641|
