1337220102|
1337220103|
1337220128|
1337220129|
1337220130|
1337220131|
1337220132|
1337220133|
1337220134|
1337220135|
1337220160|
1337220161|
1337220162|
1337220163|
1337220164|
1337220165|
1337220166|
1337220167|
1337220192|
1337220193|
1337220194|
1337220195|
1337220196|
1337220197|
1337220198|
1337220199|
1337220224|
1337220225|
1337220226|
1337220227|
1337220228|
1337220229|
1337220230|
1337220231|
1337220256|
1337220257|
1337220258|
1337220259|
1337220260|
1337220261|
1337220262|
1337220263|
1337220288|
1337220289|
1337220290|
1337220291|
1337220292|
1337220293|
1337220294|
1337220295|
1337220320|
1337220321|
1337220322|
1337220323|
1337220324|
1337220325|
1337220326|
1337220327|
1337220352|
1337220353|
1337220354|
1337220355|
1337220356|
1337220357|
1337220358|
1337220359|
1337220384|
1337220385|
1337220386|
1337220387|
1337220388|
1337220389|
1337220390|
1337220391|
1337220416|
1337220417|
1337220418|
1337220419|
1337220420|
1337220421|
1337220422|
1337220423|
1337220448|
1337220449|
1337220450|
1337220451|
1337220452|
1337220453|
1337220454|
1337220455|
1337220480|
1337220481|
1337220482|
1337220483|
1337220484|
1337220485|
1337220486|
1337220487|
1337220512|
1337220513|
