1336860100|
1336860101|
1336860102|
1336860103|
1336860128|
1336860129|
1336860130|
1336860131|
1336860132|
1336860133|
1336860134|
1336860135|
1336860160|
1336860161|
1336860162|
1336860163|
1336860164|
1336860165|
1336860166|
1336860167|
1336860192|
1336860193|
1336860194|
1336860195|
1336860196|
1336860197|
1336860198|
1336860199|
1336860224|
1336860225|
1336860226|
1336860227|
1336860228|
1336860229|
1336860230|
1336860231|
1336860256|
1336860257|
1336860258|
1336860259|
1336860260|
1336860261|
1336860262|
1336860263|
1336860288|
1336860289|
1336860290|
1336860291|
1336860292|
1336860293|
1336860294|
1336860295|
1336860320|
1336860321|
1336860322|
1336860323|
1336860324|
1336860325|
1336860326|
1336860327|
1336860352|
1336860353|
1336860354|
1336860355|
1336860356|
1336860357|
1336860358|
1336860359|
1336860384|
1336860385|
1336860386|
1336860387|
1336860388|
1336860389|
1336860390|
1336860391|
1336860416|
1336860417|
1336860418|
1336860419|
1336860420|
1336860421|
1336860422|
1336860423|
1336860448|
1336860449|
1336860450|
1336860451|
1336860452|
1336860453|
1336860454|
1336860455|
1336860480|
1336860481|
1336860482|
1336860483|
1336860484|
1336860485|
1336860486|
1336860487|
