14760323|
14760324|
14760325|
14760326|
14760327|
14760352|
14760353|
14760354|
14760355|
14760356|
14760357|
14760358|
14760359|
14760384|
14760385|
14760386|
14760387|
14760388|
14760389|
14760390|
14760391|
14760416|
14760417|
14760418|
14760419|
14760420|
14760421|
14760422|
14760423|
14760448|
14760449|
14760450|
14760451|
14760452|
14760453|
14760454|
14760455|
14760480|
14760481|
14760482|
14760483|
14760484|
14760485|
14760486|
14760487|
14760512|
14760513|
14760514|
14760515|
14760516|
14760517|
14760518|
14760519|
14760544|
14760545|
14760546|
14760547|
14760548|
14760549|
14760550|
14760551|
14760576|
14760577|
14760578|
14760579|
14760580|
14760581|
14760582|
14760583|
14760608|
14760609|
14760610|
14760611|
14760612|
14760613|
14760614|
14760615|
14760640|
14760641|
14760642|
14760643|
14760644|
14760645|
14760646|
14760647|
14760672|
14760673|
14760674|
14760675|
14760676|
14760677|
14760678|
14760679|
14760704|
14760705|
14760706|
14760707|
14760708|
14760709|
14760710|
