1337940130|
1337940131|
1337940132|
1337940133|
1337940134|
1337940135|
1337940160|
1337940161|
1337940162|
1337940163|
1337940164|
1337940165|
1337940166|
1337940167|
1337940192|
1337940193|
1337940194|
1337940195|
1337940196|
1337940197|
1337940198|
1337940199|
1337940224|
1337940225|
1337940226|
1337940227|
1337940228|
1337940229|
1337940230|
1337940231|
1337940256|
1337940257|
1337940258|
1337940259|
1337940260|
1337940261|
1337940262|
1337940263|
1337940288|
1337940289|
1337940290|
1337940291|
1337940292|
1337940293|
1337940294|
1337940295|
1337940320|
1337940321|
1337940322|
1337940323|
1337940324|
1337940325|
1337940326|
1337940327|
1337940352|
1337940353|
1337940354|
1337940355|
1337940356|
1337940357|
1337940358|
1337940359|
1337940384|
1337940385|
1337940386|
1337940387|
1337940388|
1337940389|
1337940390|
1337940391|
1337940416|
1337940417|
1337940418|
1337940419|
1337940420|
1337940421|
1337940422|
1337940423|
1337940448|
1337940449|
1337940450|
1337940451|
1337940452|
1337940453|
1337940454|
1337940455|
1337940480|
1337940481|
1337940482|
1337940483|
1337940484|
1337940485|
1337940486|
1337940487|
1337940512|
1337940513|
1337940514|
1337940515|
1337940516|
1337940517|
