2686320097|
2686320098|
2686320099|
2686320100|
2686320101|
2686320102|
2686320103|
2686320128|
2686320129|
2686320130|
2686320131|
2686320132|
2686320133|
2686320134|
2686320135|
2686320160|
2686320161|
2686320162|
2686320163|
2686320164|
2686320165|
2686320166|
2686320167|
2686320192|
2686320193|
2686320194|
2686320195|
2686320196|
2686320197|
2686320198|
2686320199|
2686320224|
2686320225|
2686320226|
2686320227|
2686320228|
2686320229|
2686320230|
2686320231|
2686320256|
2686320257|
2686320258|
2686320259|
2686320260|
2686320261|
2686320262|
2686320263|
2686320288|
2686320289|
2686320290|
2686320291|
2686320292|
2686320293|
2686320294|
2686320295|
2686320320|
2686320321|
2686320322|
2686320323|
2686320324|
2686320325|
2686320326|
2686320327|
2686320352|
2686320353|
2686320354|
2686320355|
2686320356|
2686320357|
2686320358|
2686320359|
2686320384|
2686320385|
2686320386|
2686320387|
2686320388|
2686320389|
2686320390|
2686320391|
2686320416|
2686320417|
2686320418|
2686320419|
2686320420|
2686320421|
2686320422|
2686320423|
2686320448|
2686320449|
2686320450|
2686320451|
2686320452|
2686320453|
2686320454|
2686320455|
2686320480|
2686320481|
2686320482|
2686320483|
2686320484|
