2685960071|
2685960096|
2685960097|
2685960098|
2685960099|
2685960100|
2685960101|
2685960102|
2685960103|
2685960128|
2685960129|
2685960130|
2685960131|
2685960132|
2685960133|
2685960134|
2685960135|
2685960160|
2685960161|
2685960162|
2685960163|
2685960164|
2685960165|
2685960166|
2685960167|
2685960192|
2685960193|
2685960194|
2685960195|
2685960196|
2685960197|
2685960198|
2685960199|
2685960224|
2685960225|
2685960226|
2685960227|
2685960228|
2685960229|
2685960230|
2685960231|
2685960256|
2685960257|
2685960258|
2685960259|
2685960260|
2685960261|
2685960262|
2685960263|
2685960288|
2685960289|
2685960290|
2685960291|
2685960292|
2685960293|
2685960294|
2685960295|
2685960320|
2685960321|
2685960322|
2685960323|
2685960324|
2685960325|
2685960326|
2685960327|
2685960352|
2685960353|
2685960354|
2685960355|
2685960356|
2685960357|
2685960358|
2685960359|
2685960384|
2685960385|
2685960386|
2685960387|
2685960388|
2685960389|
2685960390|
2685960391|
2685960416|
2685960417|
2685960418|
2685960419|
2685960420|
2685960421|
2685960422|
2685960423|
2685960448|
2685960449|
2685960450|
2685960451|
2685960452|
2685960453|
2685960454|
2685960455|
2685960480|
2685960481|
2685960482|
