1338120131|
1338120132|
1338120133|
1338120134|
1338120135|
1338120160|
1338120161|
1338120162|
1338120163|
1338120164|
1338120165|
1338120166|
1338120167|
1338120192|
1338120193|
1338120194|
1338120195|
1338120196|
1338120197|
1338120198|
1338120199|
1338120224|
1338120225|
1338120226|
1338120227|
1338120228|
1338120229|
1338120230|
1338120231|
1338120256|
1338120257|
1338120258|
1338120259|
1338120260|
1338120261|
1338120262|
1338120263|
1338120288|
1338120289|
1338120290|
1338120291|
1338120292|
1338120293|
1338120294|
1338120295|
1338120320|
1338120321|
1338120322|
1338120323|
1338120324|
1338120325|
1338120326|
1338120327|
1338120352|
1338120353|
1338120354|
1338120355|
1338120356|
1338120357|
1338120358|
1338120359|
1338120384|
1338120385|
1338120386|
1338120387|
1338120388|
1338120389|
1338120390|
1338120391|
1338120416|
1338120417|
1338120418|
1338120419|
1338120420|
1338120421|
1338120422|
1338120423|
1338120448|
1338120449|
1338120450|
1338120451|
1338120452|
1338120453|
1338120454|
1338120455|
1338120480|
1338120481|
1338120482|
1338120483|
1338120484|
1338120485|
1338120486|
1338120487|
1338120512|
1338120513|
1338120514|
1338120515|
1338120516|
1338120517|
1338120518|
