11160231|
11160256|
11160257|
11160258|
11160259|
11160260|
11160261|
11160262|
11160263|
11160288|
11160289|
11160290|
11160291|
11160292|
11160293|
11160294|
11160295|
11160320|
11160321|
11160322|
11160323|
11160324|
11160325|
11160326|
11160327|
11160352|
11160353|
11160354|
11160355|
11160356|
11160357|
11160358|
11160359|
11160384|
11160385|
11160386|
11160387|
11160388|
11160389|
11160390|
11160391|
11160416|
11160417|
11160418|
11160419|
11160420|
11160421|
11160422|
11160423|
11160448|
11160449|
11160450|
11160451|
11160452|
11160453|
11160454|
11160455|
11160480|
11160481|
11160482|
11160483|
11160484|
11160485|
11160486|
11160487|
11160512|
11160513|
11160514|
11160515|
11160516|
11160517|
11160518|
11160519|
11160544|
11160545|
11160546|
11160547|
11160548|
11160549|
11160550|
11160551|
11160576|
11160577|
11160578|
11160579|
11160580|
11160581|
11160582|
11160583|
11160608|
11160609|
11160610|
11160611|
11160612|
11160613|
11160614|
11160615|
11160640|
11160641|
11160642|
