2686860100|
2686860101|
2686860102|
2686860103|
2686860128|
2686860129|
2686860130|
2686860131|
2686860132|
2686860133|
2686860134|
2686860135|
2686860160|
2686860161|
2686860162|
2686860163|
2686860164|
2686860165|
2686860166|
2686860167|
2686860192|
2686860193|
2686860194|
2686860195|
2686860196|
2686860197|
2686860198|
2686860199|
2686860224|
2686860225|
2686860226|
2686860227|
2686860228|
2686860229|
2686860230|
2686860231|
2686860256|
2686860257|
2686860258|
2686860259|
2686860260|
2686860261|
2686860262|
2686860263|
2686860288|
2686860289|
2686860290|
2686860291|
2686860292|
2686860293|
2686860294|
2686860295|
2686860320|
2686860321|
2686860322|
2686860323|
2686860324|
2686860325|
2686860326|
2686860327|
2686860352|
2686860353|
2686860354|
2686860355|
2686860356|
2686860357|
2686860358|
2686860359|
2686860384|
2686860385|
2686860386|
2686860387|
2686860388|
2686860389|
2686860390|
2686860391|
2686860416|
2686860417|
2686860418|
2686860419|
2686860420|
2686860421|
2686860422|
2686860423|
2686860448|
2686860449|
2686860450|
2686860451|
2686860452|
2686860453|
2686860454|
2686860455|
2686860480|
2686860481|
2686860482|
2686860483|
2686860484|
2686860485|
2686860486|
2686860487|
