1346760323|
1346760324|
1346760325|
1346760326|
1346760327|
1346760352|
1346760353|
1346760354|
1346760355|
1346760356|
1346760357|
1346760358|
1346760359|
1346760384|
1346760385|
1346760386|
1346760387|
1346760388|
1346760389|
1346760390|
1346760391|
1346760416|
1346760417|
1346760418|
1346760419|
1346760420|
1346760421|
1346760422|
1346760423|
1346760448|
1346760449|
1346760450|
1346760451|
1346760452|
1346760453|
1346760454|
1346760455|
1346760480|
1346760481|
1346760482|
1346760483|
1346760484|
1346760485|
1346760486|
1346760487|
1346760512|
1346760513|
1346760514|
1346760515|
1346760516|
1346760517|
1346760518|
1346760519|
1346760544|
1346760545|
1346760546|
1346760547|
1346760548|
1346760549|
1346760550|
1346760551|
1346760576|
1346760577|
1346760578|
1346760579|
1346760580|
1346760581|
1346760582|
1346760583|
1346760608|
1346760609|
1346760610|
1346760611|
1346760612|
1346760613|
1346760614|
1346760615|
1346760640|
1346760641|
1346760642|
1346760643|
1346760644|
1346760645|
1346760646|
1346760647|
1346760672|
1346760673|
1346760674|
1346760675|
1346760676|
1346760677|
1346760678|
1346760679|
1346760704|
1346760705|
1346760706|
1346760707|
1346760708|
1346760709|
1346760710|
