16020354|
16020355|
16020356|
16020357|
16020358|
16020359|
16020384|
16020385|
16020386|
16020387|
16020388|
16020389|
16020390|
16020391|
16020416|
16020417|
16020418|
16020419|
16020420|
16020421|
16020422|
16020423|
16020448|
16020449|
16020450|
16020451|
16020452|
16020453|
16020454|
16020455|
16020480|
16020481|
16020482|
16020483|
16020484|
16020485|
16020486|
16020487|
16020512|
16020513|
16020514|
16020515|
16020516|
16020517|
16020518|
16020519|
16020544|
16020545|
16020546|
16020547|
16020548|
16020549|
16020550|
16020551|
16020576|
16020577|
16020578|
16020579|
16020580|
16020581|
16020582|
16020583|
16020608|
16020609|
16020610|
16020611|
16020612|
16020613|
16020614|
16020615|
16020640|
16020641|
16020642|
16020643|
16020644|
16020645|
16020646|
16020647|
16020672|
16020673|
16020674|
16020675|
16020676|
16020677|
16020678|
16020679|
16020704|
16020705|
16020706|
16020707|
16020708|
16020709|
16020710|
16020711|
16020736|
16020737|
16020738|
16020739|
16020740|
16020741|
