2687040101|
2687040102|
2687040103|
2687040128|
2687040129|
2687040130|
2687040131|
2687040132|
2687040133|
2687040134|
2687040135|
2687040160|
2687040161|
2687040162|
2687040163|
2687040164|
2687040165|
2687040166|
2687040167|
2687040192|
2687040193|
2687040194|
2687040195|
2687040196|
2687040197|
2687040198|
2687040199|
2687040224|
2687040225|
2687040226|
2687040227|
2687040228|
2687040229|
2687040230|
2687040231|
2687040256|
2687040257|
2687040258|
2687040259|
2687040260|
2687040261|
2687040262|
2687040263|
2687040288|
2687040289|
2687040290|
2687040291|
2687040292|
2687040293|
2687040294|
2687040295|
2687040320|
2687040321|
2687040322|
2687040323|
2687040324|
2687040325|
2687040326|
2687040327|
2687040352|
2687040353|
2687040354|
2687040355|
2687040356|
2687040357|
2687040358|
2687040359|
2687040384|
2687040385|
2687040386|
2687040387|
2687040388|
2687040389|
2687040390|
2687040391|
2687040416|
2687040417|
2687040418|
2687040419|
2687040420|
2687040421|
2687040422|
2687040423|
2687040448|
2687040449|
2687040450|
2687040451|
2687040452|
2687040453|
2687040454|
2687040455|
2687040480|
2687040481|
2687040482|
2687040483|
2687040484|
2687040485|
2687040486|
2687040487|
2687040512|
