4140096|
4140097|
4140098|
4140099|
4140100|
4140101|
4140102|
4140103|
4140128|
4140129|
4140130|
4140131|
4140132|
4140133|
4140134|
4140135|
4140160|
4140161|
4140162|
4140163|
4140164|
4140165|
4140166|
4140167|
4140192|
4140193|
4140194|
4140195|
4140196|
4140197|
4140198|
4140199|
4140224|
4140225|
4140226|
4140227|
4140228|
4140229|
4140230|
4140231|
4140256|
4140257|
4140258|
4140259|
4140260|
4140261|
4140262|
4140263|
4140288|
4140289|
4140290|
4140291|
4140292|
4140293|
4140294|
4140295|
4140320|
4140321|
4140322|
4140323|
4140324|
4140325|
4140326|
4140327|
4140352|
4140353|
4140354|
4140355|
4140356|
4140357|
4140358|
4140359|
4140384|
4140385|
4140386|
4140387|
4140388|
4140389|
4140390|
4140391|
4140416|
4140417|
4140418|
4140419|
4140420|
4140421|
4140422|
4140423|
4140448|
4140449|
4140450|
4140451|
4140452|
4140453|
4140454|
4140455|
4140480|
4140481|
4140482|
4140483|
