1340460192|
1340460193|
1340460194|
1340460195|
1340460196|
1340460197|
1340460198|
1340460199|
1340460224|
1340460225|
1340460226|
1340460227|
1340460228|
1340460229|
1340460230|
1340460231|
1340460256|
1340460257|
1340460258|
1340460259|
1340460260|
1340460261|
1340460262|
1340460263|
1340460288|
1340460289|
1340460290|
1340460291|
1340460292|
1340460293|
1340460294|
1340460295|
1340460320|
1340460321|
1340460322|
1340460323|
1340460324|
1340460325|
1340460326|
1340460327|
1340460352|
1340460353|
1340460354|
1340460355|
1340460356|
1340460357|
1340460358|
1340460359|
1340460384|
1340460385|
1340460386|
1340460387|
1340460388|
1340460389|
1340460390|
1340460391|
1340460416|
1340460417|
1340460418|
1340460419|
1340460420|
1340460421|
1340460422|
1340460423|
1340460448|
1340460449|
1340460450|
1340460451|
1340460452|
1340460453|
1340460454|
1340460455|
1340460480|
1340460481|
1340460482|
1340460483|
1340460484|
1340460485|
1340460486|
1340460487|
1340460512|
1340460513|
1340460514|
1340460515|
1340460516|
1340460517|
1340460518|
1340460519|
1340460544|
1340460545|
1340460546|
1340460547|
1340460548|
1340460549|
1340460550|
1340460551|
1340460576|
1340460577|
1340460578|
1340460579|
