1336500098|
1336500099|
1336500100|
1336500101|
1336500102|
1336500103|
1336500128|
1336500129|
1336500130|
1336500131|
1336500132|
1336500133|
1336500134|
1336500135|
1336500160|
1336500161|
1336500162|
1336500163|
1336500164|
1336500165|
1336500166|
1336500167|
1336500192|
1336500193|
1336500194|
1336500195|
1336500196|
1336500197|
1336500198|
1336500199|
1336500224|
1336500225|
1336500226|
1336500227|
1336500228|
1336500229|
1336500230|
1336500231|
1336500256|
1336500257|
1336500258|
1336500259|
1336500260|
1336500261|
1336500262|
1336500263|
1336500288|
1336500289|
1336500290|
1336500291|
1336500292|
1336500293|
1336500294|
1336500295|
1336500320|
1336500321|
1336500322|
1336500323|
1336500324|
1336500325|
1336500326|
1336500327|
1336500352|
1336500353|
1336500354|
1336500355|
1336500356|
1336500357|
1336500358|
1336500359|
1336500384|
1336500385|
1336500386|
1336500387|
1336500388|
1336500389|
1336500390|
1336500391|
1336500416|
1336500417|
1336500418|
1336500419|
1336500420|
1336500421|
1336500422|
1336500423|
1336500448|
1336500449|
1336500450|
1336500451|
1336500452|
1336500453|
1336500454|
1336500455|
1336500480|
1336500481|
1336500482|
1336500483|
1336500484|
1336500485|
