1347300326|
1347300327|
1347300352|
1347300353|
1347300354|
1347300355|
1347300356|
1347300357|
1347300358|
1347300359|
1347300384|
1347300385|
1347300386|
1347300387|
1347300388|
1347300389|
1347300390|
1347300391|
1347300416|
1347300417|
1347300418|
1347300419|
1347300420|
1347300421|
1347300422|
1347300423|
1347300448|
1347300449|
1347300450|
1347300451|
1347300452|
1347300453|
1347300454|
1347300455|
1347300480|
1347300481|
1347300482|
1347300483|
1347300484|
1347300485|
1347300486|
1347300487|
1347300512|
1347300513|
1347300514|
1347300515|
1347300516|
1347300517|
1347300518|
1347300519|
1347300544|
1347300545|
1347300546|
1347300547|
1347300548|
1347300549|
1347300550|
1347300551|
1347300576|
1347300577|
1347300578|
1347300579|
1347300580|
1347300581|
1347300582|
1347300583|
1347300608|
1347300609|
1347300610|
1347300611|
1347300612|
1347300613|
1347300614|
1347300615|
1347300640|
1347300641|
1347300642|
1347300643|
1347300644|
1347300645|
1347300646|
1347300647|
1347300672|
1347300673|
1347300674|
1347300675|
1347300676|
1347300677|
1347300678|
1347300679|
1347300704|
1347300705|
1347300706|
1347300707|
1347300708|
1347300709|
1347300710|
1347300711|
1347300736|
1347300737|
