2698380356|
2698380357|
2698380358|
2698380359|
2698380384|
2698380385|
2698380386|
2698380387|
2698380388|
2698380389|
2698380390|
2698380391|
2698380416|
2698380417|
2698380418|
2698380419|
2698380420|
2698380421|
2698380422|
2698380423|
2698380448|
2698380449|
2698380450|
2698380451|
2698380452|
2698380453|
2698380454|
2698380455|
2698380480|
2698380481|
2698380482|
2698380483|
2698380484|
2698380485|
2698380486|
2698380487|
2698380512|
2698380513|
2698380514|
2698380515|
2698380516|
2698380517|
2698380518|
2698380519|
2698380544|
2698380545|
2698380546|
2698380547|
2698380548|
2698380549|
2698380550|
2698380551|
2698380576|
2698380577|
2698380578|
2698380579|
2698380580|
2698380581|
2698380582|
2698380583|
2698380608|
2698380609|
2698380610|
2698380611|
2698380612|
2698380613|
2698380614|
2698380615|
2698380640|
2698380641|
2698380642|
2698380643|
2698380644|
2698380645|
2698380646|
2698380647|
2698380672|
2698380673|
2698380674|
2698380675|
2698380676|
2698380677|
2698380678|
2698380679|
2698380704|
2698380705|
2698380706|
2698380707|
2698380708|
2698380709|
2698380710|
2698380711|
2698380736|
2698380737|
2698380738|
2698380739|
2698380740|
2698380741|
2698380742|
2698380743|
