1343520257|
1343520258|
1343520259|
1343520260|
1343520261|
1343520262|
1343520263|
1343520288|
1343520289|
1343520290|
1343520291|
1343520292|
1343520293|
1343520294|
1343520295|
1343520320|
1343520321|
1343520322|
1343520323|
1343520324|
1343520325|
1343520326|
1343520327|
1343520352|
1343520353|
1343520354|
1343520355|
1343520356|
1343520357|
1343520358|
1343520359|
1343520384|
1343520385|
1343520386|
1343520387|
1343520388|
1343520389|
1343520390|
1343520391|
1343520416|
1343520417|
1343520418|
1343520419|
1343520420|
1343520421|
1343520422|
1343520423|
1343520448|
1343520449|
1343520450|
1343520451|
1343520452|
1343520453|
1343520454|
1343520455|
1343520480|
1343520481|
1343520482|
1343520483|
1343520484|
1343520485|
1343520486|
1343520487|
1343520512|
1343520513|
1343520514|
1343520515|
1343520516|
1343520517|
1343520518|
1343520519|
1343520544|
1343520545|
1343520546|
1343520547|
1343520548|
1343520549|
1343520550|
1343520551|
1343520576|
1343520577|
1343520578|
1343520579|
1343520580|
1343520581|
1343520582|
1343520583|
1343520608|
1343520609|
1343520610|
1343520611|
1343520612|
1343520613|
1343520614|
1343520615|
1343520640|
1343520641|
1343520642|
1343520643|
1343520644|
