2160037|
2160038|
2160039|
2160064|
2160065|
2160066|
2160067|
2160068|
2160069|
2160070|
2160071|
2160096|
2160097|
2160098|
2160099|
2160100|
2160101|
2160102|
2160103|
2160128|
2160129|
2160130|
2160131|
2160132|
2160133|
2160134|
2160135|
2160160|
2160161|
2160162|
2160163|
2160164|
2160165|
2160166|
2160167|
2160192|
2160193|
2160194|
2160195|
2160196|
2160197|
2160198|
2160199|
2160224|
2160225|
2160226|
2160227|
2160228|
2160229|
2160230|
2160231|
2160256|
2160257|
2160258|
2160259|
2160260|
2160261|
2160262|
2160263|
2160288|
2160289|
2160290|
2160291|
2160292|
2160293|
2160294|
2160295|
2160320|
2160321|
2160322|
2160323|
2160324|
2160325|
2160326|
2160327|
2160352|
2160353|
2160354|
2160355|
2160356|
2160357|
2160358|
2160359|
2160384|
2160385|
2160386|
2160387|
2160388|
2160389|
2160390|
2160391|
2160416|
2160417|
2160418|
2160419|
2160420|
2160421|
2160422|
2160423|
2160448|
