5760129|
5760130|
5760131|
5760132|
5760133|
5760134|
5760135|
5760160|
5760161|
5760162|
5760163|
5760164|
5760165|
5760166|
5760167|
5760192|
5760193|
5760194|
5760195|
5760196|
5760197|
5760198|
5760199|
5760224|
5760225|
5760226|
5760227|
5760228|
5760229|
5760230|
5760231|
5760256|
5760257|
5760258|
5760259|
5760260|
5760261|
5760262|
5760263|
5760288|
5760289|
5760290|
5760291|
5760292|
5760293|
5760294|
5760295|
5760320|
5760321|
5760322|
5760323|
5760324|
5760325|
5760326|
5760327|
5760352|
5760353|
5760354|
5760355|
5760356|
5760357|
5760358|
5760359|
5760384|
5760385|
5760386|
5760387|
5760388|
5760389|
5760390|
5760391|
5760416|
5760417|
5760418|
5760419|
5760420|
5760421|
5760422|
5760423|
5760448|
5760449|
5760450|
5760451|
5760452|
5760453|
5760454|
5760455|
5760480|
5760481|
5760482|
5760483|
5760484|
5760485|
5760486|
5760487|
5760512|
5760513|
5760514|
5760515|
5760516|
