1620034|
1620035|
1620036|
1620037|
1620038|
1620039|
1620064|
1620065|
1620066|
1620067|
1620068|
1620069|
1620070|
1620071|
1620096|
1620097|
1620098|
1620099|
1620100|
1620101|
1620102|
1620103|
1620128|
1620129|
1620130|
1620131|
1620132|
1620133|
1620134|
1620135|
1620160|
1620161|
1620162|
1620163|
1620164|
1620165|
1620166|
1620167|
1620192|
1620193|
1620194|
1620195|
1620196|
1620197|
1620198|
1620199|
1620224|
1620225|
1620226|
1620227|
1620228|
1620229|
1620230|
1620231|
1620256|
1620257|
1620258|
1620259|
1620260|
1620261|
1620262|
1620263|
1620288|
1620289|
1620290|
1620291|
1620292|
1620293|
1620294|
1620295|
1620320|
1620321|
1620322|
1620323|
1620324|
1620325|
1620326|
1620327|
1620352|
1620353|
1620354|
1620355|
1620356|
1620357|
1620358|
1620359|
1620384|
1620385|
1620386|
1620387|
1620388|
1620389|
1620390|
1620391|
1620416|
1620417|
1620418|
1620419|
1620420|
1620421|
