2696220320|
2696220321|
2696220322|
2696220323|
2696220324|
2696220325|
2696220326|
2696220327|
2696220352|
2696220353|
2696220354|
2696220355|
2696220356|
2696220357|
2696220358|
2696220359|
2696220384|
2696220385|
2696220386|
2696220387|
2696220388|
2696220389|
2696220390|
2696220391|
2696220416|
2696220417|
2696220418|
2696220419|
2696220420|
2696220421|
2696220422|
2696220423|
2696220448|
2696220449|
2696220450|
2696220451|
2696220452|
2696220453|
2696220454|
2696220455|
2696220480|
2696220481|
2696220482|
2696220483|
2696220484|
2696220485|
2696220486|
2696220487|
2696220512|
2696220513|
2696220514|
2696220515|
2696220516|
2696220517|
2696220518|
2696220519|
2696220544|
2696220545|
2696220546|
2696220547|
2696220548|
2696220549|
2696220550|
2696220551|
2696220576|
2696220577|
2696220578|
2696220579|
2696220580|
2696220581|
2696220582|
2696220583|
2696220608|
2696220609|
2696220610|
2696220611|
2696220612|
2696220613|
2696220614|
2696220615|
2696220640|
2696220641|
2696220642|
2696220643|
2696220644|
2696220645|
2696220646|
2696220647|
2696220672|
2696220673|
2696220674|
2696220675|
2696220676|
2696220677|
2696220678|
2696220679|
2696220704|
2696220705|
2696220706|
2696220707|
