1338840135|
1338840160|
1338840161|
1338840162|
1338840163|
1338840164|
1338840165|
1338840166|
1338840167|
1338840192|
1338840193|
1338840194|
1338840195|
1338840196|
1338840197|
1338840198|
1338840199|
1338840224|
1338840225|
1338840226|
1338840227|
1338840228|
1338840229|
1338840230|
1338840231|
1338840256|
1338840257|
1338840258|
1338840259|
1338840260|
1338840261|
1338840262|
1338840263|
1338840288|
1338840289|
1338840290|
1338840291|
1338840292|
1338840293|
1338840294|
1338840295|
1338840320|
1338840321|
1338840322|
1338840323|
1338840324|
1338840325|
1338840326|
1338840327|
1338840352|
1338840353|
1338840354|
1338840355|
1338840356|
1338840357|
1338840358|
1338840359|
1338840384|
1338840385|
1338840386|
1338840387|
1338840388|
1338840389|
1338840390|
1338840391|
1338840416|
1338840417|
1338840418|
1338840419|
1338840420|
1338840421|
1338840422|
1338840423|
1338840448|
1338840449|
1338840450|
1338840451|
1338840452|
1338840453|
1338840454|
1338840455|
1338840480|
1338840481|
1338840482|
1338840483|
1338840484|
1338840485|
1338840486|
1338840487|
1338840512|
1338840513|
1338840514|
1338840515|
1338840516|
1338840517|
1338840518|
1338840519|
1338840544|
1338840545|
1338840546|
