1346040295|
1346040320|
1346040321|
1346040322|
1346040323|
1346040324|
1346040325|
1346040326|
1346040327|
1346040352|
1346040353|
1346040354|
1346040355|
1346040356|
1346040357|
1346040358|
1346040359|
1346040384|
1346040385|
1346040386|
1346040387|
1346040388|
1346040389|
1346040390|
1346040391|
1346040416|
1346040417|
1346040418|
1346040419|
1346040420|
1346040421|
1346040422|
1346040423|
1346040448|
1346040449|
1346040450|
1346040451|
1346040452|
1346040453|
1346040454|
1346040455|
1346040480|
1346040481|
1346040482|
1346040483|
1346040484|
1346040485|
1346040486|
1346040487|
1346040512|
1346040513|
1346040514|
1346040515|
1346040516|
1346040517|
1346040518|
1346040519|
1346040544|
1346040545|
1346040546|
1346040547|
1346040548|
1346040549|
1346040550|
1346040551|
1346040576|
1346040577|
1346040578|
1346040579|
1346040580|
1346040581|
1346040582|
1346040583|
1346040608|
1346040609|
1346040610|
1346040611|
1346040612|
1346040613|
1346040614|
1346040615|
1346040640|
1346040641|
1346040642|
1346040643|
1346040644|
1346040645|
1346040646|
1346040647|
1346040672|
1346040673|
1346040674|
1346040675|
1346040676|
1346040677|
1346040678|
1346040679|
1346040704|
1346040705|
1346040706|
