1335240067|
1335240068|
1335240069|
1335240070|
1335240071|
1335240096|
1335240097|
1335240098|
1335240099|
1335240100|
1335240101|
1335240102|
1335240103|
1335240128|
1335240129|
1335240130|
1335240131|
1335240132|
1335240133|
1335240134|
1335240135|
1335240160|
1335240161|
1335240162|
1335240163|
1335240164|
1335240165|
1335240166|
1335240167|
1335240192|
1335240193|
1335240194|
1335240195|
1335240196|
1335240197|
1335240198|
1335240199|
1335240224|
1335240225|
1335240226|
1335240227|
1335240228|
1335240229|
1335240230|
1335240231|
1335240256|
1335240257|
1335240258|
1335240259|
1335240260|
1335240261|
1335240262|
1335240263|
1335240288|
1335240289|
1335240290|
1335240291|
1335240292|
1335240293|
1335240294|
1335240295|
1335240320|
1335240321|
1335240322|
1335240323|
1335240324|
1335240325|
1335240326|
1335240327|
1335240352|
1335240353|
1335240354|
1335240355|
1335240356|
1335240357|
1335240358|
1335240359|
1335240384|
1335240385|
1335240386|
1335240387|
1335240388|
1335240389|
1335240390|
1335240391|
1335240416|
1335240417|
1335240418|
1335240419|
1335240420|
1335240421|
1335240422|
1335240423|
1335240448|
1335240449|
1335240450|
1335240451|
1335240452|
1335240453|
1335240454|
