7560163|
7560164|
7560165|
7560166|
7560167|
7560192|
7560193|
7560194|
7560195|
7560196|
7560197|
7560198|
7560199|
7560224|
7560225|
7560226|
7560227|
7560228|
7560229|
7560230|
7560231|
7560256|
7560257|
7560258|
7560259|
7560260|
7560261|
7560262|
7560263|
7560288|
7560289|
7560290|
7560291|
7560292|
7560293|
7560294|
7560295|
7560320|
7560321|
7560322|
7560323|
7560324|
7560325|
7560326|
7560327|
7560352|
7560353|
7560354|
7560355|
7560356|
7560357|
7560358|
7560359|
7560384|
7560385|
7560386|
7560387|
7560388|
7560389|
7560390|
7560391|
7560416|
7560417|
7560418|
7560419|
7560420|
7560421|
7560422|
7560423|
7560448|
7560449|
7560450|
7560451|
7560452|
7560453|
7560454|
7560455|
7560480|
7560481|
7560482|
7560483|
7560484|
7560485|
7560486|
7560487|
7560512|
7560513|
7560514|
7560515|
7560516|
7560517|
7560518|
7560519|
7560544|
7560545|
7560546|
7560547|
7560548|
7560549|
7560550|
