14220320|
14220321|
14220322|
14220323|
14220324|
14220325|
14220326|
14220327|
14220352|
14220353|
14220354|
14220355|
14220356|
14220357|
14220358|
14220359|
14220384|
14220385|
14220386|
14220387|
14220388|
14220389|
14220390|
14220391|
14220416|
14220417|
14220418|
14220419|
14220420|
14220421|
14220422|
14220423|
14220448|
14220449|
14220450|
14220451|
14220452|
14220453|
14220454|
14220455|
14220480|
14220481|
14220482|
14220483|
14220484|
14220485|
14220486|
14220487|
14220512|
14220513|
14220514|
14220515|
14220516|
14220517|
14220518|
14220519|
14220544|
14220545|
14220546|
14220547|
14220548|
14220549|
14220550|
14220551|
14220576|
14220577|
14220578|
14220579|
14220580|
14220581|
14220582|
14220583|
14220608|
14220609|
14220610|
14220611|
14220612|
14220613|
14220614|
14220615|
14220640|
14220641|
14220642|
14220643|
14220644|
14220645|
14220646|
14220647|
14220672|
14220673|
14220674|
14220675|
14220676|
14220677|
14220678|
14220679|
14220704|
14220705|
14220706|
14220707|
