2695680293|
2695680294|
2695680295|
2695680320|
2695680321|
2695680322|
2695680323|
2695680324|
2695680325|
2695680326|
2695680327|
2695680352|
2695680353|
2695680354|
2695680355|
2695680356|
2695680357|
2695680358|
2695680359|
2695680384|
2695680385|
2695680386|
2695680387|
2695680388|
2695680389|
2695680390|
2695680391|
2695680416|
2695680417|
2695680418|
2695680419|
2695680420|
2695680421|
2695680422|
2695680423|
2695680448|
2695680449|
2695680450|
2695680451|
2695680452|
2695680453|
2695680454|
2695680455|
2695680480|
2695680481|
2695680482|
2695680483|
2695680484|
2695680485|
2695680486|
2695680487|
2695680512|
2695680513|
2695680514|
2695680515|
2695680516|
2695680517|
2695680518|
2695680519|
2695680544|
2695680545|
2695680546|
2695680547|
2695680548|
2695680549|
2695680550|
2695680551|
2695680576|
2695680577|
2695680578|
2695680579|
2695680580|
2695680581|
2695680582|
2695680583|
2695680608|
2695680609|
2695680610|
2695680611|
2695680612|
2695680613|
2695680614|
2695680615|
2695680640|
2695680641|
2695680642|
2695680643|
2695680644|
2695680645|
2695680646|
2695680647|
2695680672|
2695680673|
2695680674|
2695680675|
2695680676|
2695680677|
2695680678|
2695680679|
2695680704|
