1339740164|
1339740165|
1339740166|
1339740167|
1339740192|
1339740193|
1339740194|
1339740195|
1339740196|
1339740197|
1339740198|
1339740199|
1339740224|
1339740225|
1339740226|
1339740227|
1339740228|
1339740229|
1339740230|
1339740231|
1339740256|
1339740257|
1339740258|
1339740259|
1339740260|
1339740261|
1339740262|
1339740263|
1339740288|
1339740289|
1339740290|
1339740291|
1339740292|
1339740293|
1339740294|
1339740295|
1339740320|
1339740321|
1339740322|
1339740323|
1339740324|
1339740325|
1339740326|
1339740327|
1339740352|
1339740353|
1339740354|
1339740355|
1339740356|
1339740357|
1339740358|
1339740359|
1339740384|
1339740385|
1339740386|
1339740387|
1339740388|
1339740389|
1339740390|
1339740391|
1339740416|
1339740417|
1339740418|
1339740419|
1339740420|
1339740421|
1339740422|
1339740423|
1339740448|
1339740449|
1339740450|
1339740451|
1339740452|
1339740453|
1339740454|
1339740455|
1339740480|
1339740481|
1339740482|
1339740483|
1339740484|
1339740485|
1339740486|
1339740487|
1339740512|
1339740513|
1339740514|
1339740515|
1339740516|
1339740517|
1339740518|
1339740519|
1339740544|
1339740545|
1339740546|
1339740547|
1339740548|
1339740549|
1339740550|
1339740551|
