129600289|
129600290|
129600291|
129600292|
129600293|
129600294|
129600295|
129600320|
129600321|
129600322|
129600323|
129600324|
129600325|
129600326|
129600327|
129600352|
129600353|
129600354|
129600355|
129600356|
129600357|
129600358|
129600359|
129600384|
129600385|
129600386|
129600387|
129600388|
129600389|
129600390|
129600391|
129600416|
129600417|
129600418|
129600419|
129600420|
129600421|
129600422|
129600423|
129600448|
129600449|
129600450|
129600451|
129600452|
129600453|
129600454|
129600455|
129600480|
129600481|
129600482|
129600483|
129600484|
129600485|
129600486|
129600487|
129600512|
129600513|
129600514|
129600515|
129600516|
129600517|
129600518|
129600519|
129600544|
129600545|
129600546|
129600547|
129600548|
129600549|
129600550|
129600551|
129600576|
129600577|
129600578|
129600579|
129600580|
129600581|
129600582|
129600583|
129600608|
129600609|
129600610|
129600611|
129600612|
129600613|
129600614|
129600615|
129600640|
129600641|
129600642|
129600643|
129600644|
129600645|
129600646|
129600647|
129600672|
129600673|
129600674|
129600675|
129600676|
