13442400261|
13442400262|
13442400263|
13442400288|
13442400289|
13442400290|
13442400291|
13442400292|
13442400293|
13442400294|
13442400295|
13442400320|
13442400321|
13442400322|
13442400323|
13442400324|
13442400325|
13442400326|
13442400327|
13442400352|
13442400353|
13442400354|
13442400355|
13442400356|
13442400357|
13442400358|
13442400359|
13442400384|
13442400385|
13442400386|
13442400387|
13442400388|
13442400389|
13442400390|
13442400391|
13442400416|
13442400417|
13442400418|
13442400419|
13442400420|
13442400421|
13442400422|
13442400423|
13442400448|
13442400449|
13442400450|
13442400451|
13442400452|
13442400453|
13442400454|
13442400455|
13442400480|
13442400481|
13442400482|
13442400483|
13442400484|
13442400485|
13442400486|
13442400487|
13442400512|
13442400513|
13442400514|
13442400515|
13442400516|
13442400517|
13442400518|
13442400519|
13442400544|
13442400545|
13442400546|
13442400547|
13442400548|
13442400549|
13442400550|
13442400551|
13442400576|
13442400577|
13442400578|
13442400579|
13442400580|
13442400581|
13442400582|
13442400583|
13442400608|
13442400609|
13442400610|
13442400611|
13442400612|
13442400613|
13442400614|
13442400615|
13442400640|
13442400641|
13442400642|
13442400643|
13442400644|
13442400645|
13442400646|
13442400647|
13442400672|
