26857800070|
26857800071|
26857800096|
26857800097|
26857800098|
26857800099|
26857800100|
26857800101|
26857800102|
26857800103|
26857800128|
26857800129|
26857800130|
26857800131|
26857800132|
26857800133|
26857800134|
26857800135|
26857800160|
26857800161|
26857800162|
26857800163|
26857800164|
26857800165|
26857800166|
26857800167|
26857800192|
26857800193|
26857800194|
26857800195|
26857800196|
26857800197|
26857800198|
26857800199|
26857800224|
26857800225|
26857800226|
26857800227|
26857800228|
26857800229|
26857800230|
26857800231|
26857800256|
26857800257|
26857800258|
26857800259|
26857800260|
26857800261|
26857800262|
26857800263|
26857800288|
26857800289|
26857800290|
26857800291|
26857800292|
26857800293|
26857800294|
26857800295|
26857800320|
26857800321|
26857800322|
26857800323|
26857800324|
26857800325|
26857800326|
26857800327|
26857800352|
26857800353|
26857800354|
26857800355|
26857800356|
26857800357|
26857800358|
26857800359|
26857800384|
26857800385|
26857800386|
26857800387|
26857800388|
26857800389|
26857800390|
26857800391|
26857800416|
26857800417|
26857800418|
26857800419|
26857800420|
26857800421|
26857800422|
26857800423|
26857800448|
26857800449|
26857800450|
26857800451|
26857800452|
26857800453|
26857800454|
26857800455|
26857800480|
26857800481|
