13352400067|
13352400068|
13352400069|
13352400070|
13352400071|
13352400096|
13352400097|
13352400098|
13352400099|
13352400100|
13352400101|
13352400102|
13352400103|
13352400128|
13352400129|
13352400130|
13352400131|
13352400132|
13352400133|
13352400134|
13352400135|
13352400160|
13352400161|
13352400162|
13352400163|
13352400164|
13352400165|
13352400166|
13352400167|
13352400192|
13352400193|
13352400194|
13352400195|
13352400196|
13352400197|
13352400198|
13352400199|
13352400224|
13352400225|
13352400226|
13352400227|
13352400228|
13352400229|
13352400230|
13352400231|
13352400256|
13352400257|
13352400258|
13352400259|
13352400260|
13352400261|
13352400262|
13352400263|
13352400288|
13352400289|
13352400290|
13352400291|
13352400292|
13352400293|
13352400294|
13352400295|
13352400320|
13352400321|
13352400322|
13352400323|
13352400324|
13352400325|
13352400326|
13352400327|
13352400352|
13352400353|
13352400354|
13352400355|
13352400356|
13352400357|
13352400358|
13352400359|
13352400384|
13352400385|
13352400386|
13352400387|
13352400388|
13352400389|
13352400390|
13352400391|
13352400416|
13352400417|
13352400418|
13352400419|
13352400420|
13352400421|
13352400422|
13352400423|
13352400448|
13352400449|
13352400450|
13352400451|
13352400452|
13352400453|
13352400454|
