127800288|
127800289|
127800290|
127800291|
127800292|
127800293|
127800294|
127800295|
127800320|
127800321|
127800322|
127800323|
127800324|
127800325|
127800326|
127800327|
127800352|
127800353|
127800354|
127800355|
127800356|
127800357|
127800358|
127800359|
127800384|
127800385|
127800386|
127800387|
127800388|
127800389|
127800390|
127800391|
127800416|
127800417|
127800418|
127800419|
127800420|
127800421|
127800422|
127800423|
127800448|
127800449|
127800450|
127800451|
127800452|
127800453|
127800454|
127800455|
127800480|
127800481|
127800482|
127800483|
127800484|
127800485|
127800486|
127800487|
127800512|
127800513|
127800514|
127800515|
127800516|
127800517|
127800518|
127800519|
127800544|
127800545|
127800546|
127800547|
127800548|
127800549|
127800550|
127800551|
127800576|
127800577|
127800578|
127800579|
127800580|
127800581|
127800582|
127800583|
127800608|
127800609|
127800610|
127800611|
127800612|
127800613|
127800614|
127800615|
127800640|
127800641|
127800642|
127800643|
127800644|
127800645|
127800646|
127800647|
127800672|
127800673|
127800674|
127800675|
