151200325|
151200326|
151200327|
151200352|
151200353|
151200354|
151200355|
151200356|
151200357|
151200358|
151200359|
151200384|
151200385|
151200386|
151200387|
151200388|
151200389|
151200390|
151200391|
151200416|
151200417|
151200418|
151200419|
151200420|
151200421|
151200422|
151200423|
151200448|
151200449|
151200450|
151200451|
151200452|
151200453|
151200454|
151200455|
151200480|
151200481|
151200482|
151200483|
151200484|
151200485|
151200486|
151200487|
151200512|
151200513|
151200514|
151200515|
151200516|
151200517|
151200518|
151200519|
151200544|
151200545|
151200546|
151200547|
151200548|
151200549|
151200550|
151200551|
151200576|
151200577|
151200578|
151200579|
151200580|
151200581|
151200582|
151200583|
151200608|
151200609|
151200610|
151200611|
151200612|
151200613|
151200614|
151200615|
151200640|
151200641|
151200642|
151200643|
151200644|
151200645|
151200646|
151200647|
151200672|
151200673|
151200674|
151200675|
151200676|
151200677|
151200678|
151200679|
151200704|
151200705|
151200706|
151200707|
151200708|
151200709|
151200710|
151200711|
151200736|
