34200068|
34200069|
34200070|
34200071|
34200096|
34200097|
34200098|
34200099|
34200100|
34200101|
34200102|
34200103|
34200128|
34200129|
34200130|
34200131|
34200132|
34200133|
34200134|
34200135|
34200160|
34200161|
34200162|
34200163|
34200164|
34200165|
34200166|
34200167|
34200192|
34200193|
34200194|
34200195|
34200196|
34200197|
34200198|
34200199|
34200224|
34200225|
34200226|
34200227|
34200228|
34200229|
34200230|
34200231|
34200256|
34200257|
34200258|
34200259|
34200260|
34200261|
34200262|
34200263|
34200288|
34200289|
34200290|
34200291|
34200292|
34200293|
34200294|
34200295|
34200320|
34200321|
34200322|
34200323|
34200324|
34200325|
34200326|
34200327|
34200352|
34200353|
34200354|
34200355|
34200356|
34200357|
34200358|
34200359|
34200384|
34200385|
34200386|
34200387|
34200388|
34200389|
34200390|
34200391|
34200416|
34200417|
34200418|
34200419|
34200420|
34200421|
34200422|
34200423|
34200448|
34200449|
34200450|
34200451|
34200452|
34200453|
34200454|
34200455|
