88200194|
88200195|
88200196|
88200197|
88200198|
88200199|
88200224|
88200225|
88200226|
88200227|
88200228|
88200229|
88200230|
88200231|
88200256|
88200257|
88200258|
88200259|
88200260|
88200261|
88200262|
88200263|
88200288|
88200289|
88200290|
88200291|
88200292|
88200293|
88200294|
88200295|
88200320|
88200321|
88200322|
88200323|
88200324|
88200325|
88200326|
88200327|
88200352|
88200353|
88200354|
88200355|
88200356|
88200357|
88200358|
88200359|
88200384|
88200385|
88200386|
88200387|
88200388|
88200389|
88200390|
88200391|
88200416|
88200417|
88200418|
88200419|
88200420|
88200421|
88200422|
88200423|
88200448|
88200449|
88200450|
88200451|
88200452|
88200453|
88200454|
88200455|
88200480|
88200481|
88200482|
88200483|
88200484|
88200485|
88200486|
88200487|
88200512|
88200513|
88200514|
88200515|
88200516|
88200517|
88200518|
88200519|
88200544|
88200545|
88200546|
88200547|
88200548|
88200549|
88200550|
88200551|
88200576|
88200577|
88200578|
88200579|
88200580|
88200581|
