13444200262|
13444200263|
13444200288|
13444200289|
13444200290|
13444200291|
13444200292|
13444200293|
13444200294|
13444200295|
13444200320|
13444200321|
13444200322|
13444200323|
13444200324|
13444200325|
13444200326|
13444200327|
13444200352|
13444200353|
13444200354|
13444200355|
13444200356|
13444200357|
13444200358|
13444200359|
13444200384|
13444200385|
13444200386|
13444200387|
13444200388|
13444200389|
13444200390|
13444200391|
13444200416|
13444200417|
13444200418|
13444200419|
13444200420|
13444200421|
13444200422|
13444200423|
13444200448|
13444200449|
13444200450|
13444200451|
13444200452|
13444200453|
13444200454|
13444200455|
13444200480|
13444200481|
13444200482|
13444200483|
13444200484|
13444200485|
13444200486|
13444200487|
13444200512|
13444200513|
13444200514|
13444200515|
13444200516|
13444200517|
13444200518|
13444200519|
13444200544|
13444200545|
13444200546|
13444200547|
13444200548|
13444200549|
13444200550|
13444200551|
13444200576|
13444200577|
13444200578|
13444200579|
13444200580|
13444200581|
13444200582|
13444200583|
13444200608|
13444200609|
13444200610|
13444200611|
13444200612|
13444200613|
13444200614|
13444200615|
13444200640|
13444200641|
13444200642|
13444200643|
13444200644|
13444200645|
13444200646|
13444200647|
13444200672|
13444200673|
