174600386|
174600387|
174600388|
174600389|
174600390|
174600391|
174600416|
174600417|
174600418|
174600419|
174600420|
174600421|
174600422|
174600423|
174600448|
174600449|
174600450|
174600451|
174600452|
174600453|
174600454|
174600455|
174600480|
174600481|
174600482|
174600483|
174600484|
174600485|
174600486|
174600487|
174600512|
174600513|
174600514|
174600515|
174600516|
174600517|
174600518|
174600519|
174600544|
174600545|
174600546|
174600547|
174600548|
174600549|
174600550|
174600551|
174600576|
174600577|
174600578|
174600579|
174600580|
174600581|
174600582|
174600583|
174600608|
174600609|
174600610|
174600611|
174600612|
174600613|
174600614|
174600615|
174600640|
174600641|
174600642|
174600643|
174600644|
174600645|
174600646|
174600647|
174600672|
174600673|
174600674|
174600675|
174600676|
174600677|
174600678|
174600679|
174600704|
174600705|
174600706|
174600707|
174600708|
174600709|
174600710|
174600711|
174600736|
174600737|
174600738|
174600739|
174600740|
174600741|
174600742|
174600743|
174600768|
174600769|
174600770|
174600771|
174600772|
174600773|
