26910000195|
26910000196|
26910000197|
26910000198|
26910000199|
26910000224|
26910000225|
26910000226|
26910000227|
26910000228|
26910000229|
26910000230|
26910000231|
26910000256|
26910000257|
26910000258|
26910000259|
26910000260|
26910000261|
26910000262|
26910000263|
26910000288|
26910000289|
26910000290|
26910000291|
26910000292|
26910000293|
26910000294|
26910000295|
26910000320|
26910000321|
26910000322|
26910000323|
26910000324|
26910000325|
26910000326|
26910000327|
26910000352|
26910000353|
26910000354|
26910000355|
26910000356|
26910000357|
26910000358|
26910000359|
26910000384|
26910000385|
26910000386|
26910000387|
26910000388|
26910000389|
26910000390|
26910000391|
26910000416|
26910000417|
26910000418|
26910000419|
26910000420|
26910000421|
26910000422|
26910000423|
26910000448|
26910000449|
26910000450|
26910000451|
26910000452|
26910000453|
26910000454|
26910000455|
26910000480|
26910000481|
26910000482|
26910000483|
26910000484|
26910000485|
26910000486|
26910000487|
26910000512|
26910000513|
26910000514|
26910000515|
26910000516|
26910000517|
26910000518|
26910000519|
26910000544|
26910000545|
26910000546|
26910000547|
26910000548|
26910000549|
26910000550|
26910000551|
26910000576|
26910000577|
26910000578|
26910000579|
26910000580|
26910000581|
26910000582|
