26978400353|
26978400354|
26978400355|
26978400356|
26978400357|
26978400358|
26978400359|
26978400384|
26978400385|
26978400386|
26978400387|
26978400388|
26978400389|
26978400390|
26978400391|
26978400416|
26978400417|
26978400418|
26978400419|
26978400420|
26978400421|
26978400422|
26978400423|
26978400448|
26978400449|
26978400450|
26978400451|
26978400452|
26978400453|
26978400454|
26978400455|
26978400480|
26978400481|
26978400482|
26978400483|
26978400484|
26978400485|
26978400486|
26978400487|
26978400512|
26978400513|
26978400514|
26978400515|
26978400516|
26978400517|
26978400518|
26978400519|
26978400544|
26978400545|
26978400546|
26978400547|
26978400548|
26978400549|
26978400550|
26978400551|
26978400576|
26978400577|
26978400578|
26978400579|
26978400580|
26978400581|
26978400582|
26978400583|
26978400608|
26978400609|
26978400610|
26978400611|
26978400612|
26978400613|
26978400614|
26978400615|
26978400640|
26978400641|
26978400642|
26978400643|
26978400644|
26978400645|
26978400646|
26978400647|
26978400672|
26978400673|
26978400674|
26978400675|
26978400676|
26978400677|
26978400678|
26978400679|
26978400704|
26978400705|
26978400706|
26978400707|
26978400708|
26978400709|
26978400710|
26978400711|
26978400736|
26978400737|
26978400738|
26978400739|
26978400740|
