26883000132|
26883000133|
26883000134|
26883000135|
26883000160|
26883000161|
26883000162|
26883000163|
26883000164|
26883000165|
26883000166|
26883000167|
26883000192|
26883000193|
26883000194|
26883000195|
26883000196|
26883000197|
26883000198|
26883000199|
26883000224|
26883000225|
26883000226|
26883000227|
26883000228|
26883000229|
26883000230|
26883000231|
26883000256|
26883000257|
26883000258|
26883000259|
26883000260|
26883000261|
26883000262|
26883000263|
26883000288|
26883000289|
26883000290|
26883000291|
26883000292|
26883000293|
26883000294|
26883000295|
26883000320|
26883000321|
26883000322|
26883000323|
26883000324|
26883000325|
26883000326|
26883000327|
26883000352|
26883000353|
26883000354|
26883000355|
26883000356|
26883000357|
26883000358|
26883000359|
26883000384|
26883000385|
26883000386|
26883000387|
26883000388|
26883000389|
26883000390|
26883000391|
26883000416|
26883000417|
26883000418|
26883000419|
26883000420|
26883000421|
26883000422|
26883000423|
26883000448|
26883000449|
26883000450|
26883000451|
26883000452|
26883000453|
26883000454|
26883000455|
26883000480|
26883000481|
26883000482|
26883000483|
26883000484|
26883000485|
26883000486|
26883000487|
26883000512|
26883000513|
26883000514|
26883000515|
26883000516|
26883000517|
26883000518|
26883000519|
