13465800322|
13465800323|
13465800324|
13465800325|
13465800326|
13465800327|
13465800352|
13465800353|
13465800354|
13465800355|
13465800356|
13465800357|
13465800358|
13465800359|
13465800384|
13465800385|
13465800386|
13465800387|
13465800388|
13465800389|
13465800390|
13465800391|
13465800416|
13465800417|
13465800418|
13465800419|
13465800420|
13465800421|
13465800422|
13465800423|
13465800448|
13465800449|
13465800450|
13465800451|
13465800452|
13465800453|
13465800454|
13465800455|
13465800480|
13465800481|
13465800482|
13465800483|
13465800484|
13465800485|
13465800486|
13465800487|
13465800512|
13465800513|
13465800514|
13465800515|
13465800516|
13465800517|
13465800518|
13465800519|
13465800544|
13465800545|
13465800546|
13465800547|
13465800548|
13465800549|
13465800550|
13465800551|
13465800576|
13465800577|
13465800578|
13465800579|
13465800580|
13465800581|
13465800582|
13465800583|
13465800608|
13465800609|
13465800610|
13465800611|
13465800612|
13465800613|
13465800614|
13465800615|
13465800640|
13465800641|
13465800642|
13465800643|
13465800644|
13465800645|
13465800646|
13465800647|
13465800672|
13465800673|
13465800674|
13465800675|
13465800676|
13465800677|
13465800678|
13465800679|
13465800704|
13465800705|
13465800706|
13465800707|
13465800708|
13465800709|
