43200097|
43200098|
43200099|
43200100|
43200101|
43200102|
43200103|
43200128|
43200129|
43200130|
43200131|
43200132|
43200133|
43200134|
43200135|
43200160|
43200161|
43200162|
43200163|
43200164|
43200165|
43200166|
43200167|
43200192|
43200193|
43200194|
43200195|
43200196|
43200197|
43200198|
43200199|
43200224|
43200225|
43200226|
43200227|
43200228|
43200229|
43200230|
43200231|
43200256|
43200257|
43200258|
43200259|
43200260|
43200261|
43200262|
43200263|
43200288|
43200289|
43200290|
43200291|
43200292|
43200293|
43200294|
43200295|
43200320|
43200321|
43200322|
43200323|
43200324|
43200325|
43200326|
43200327|
43200352|
43200353|
43200354|
43200355|
43200356|
43200357|
43200358|
43200359|
43200384|
43200385|
43200386|
43200387|
43200388|
43200389|
43200390|
43200391|
43200416|
43200417|
43200418|
43200419|
43200420|
43200421|
43200422|
43200423|
43200448|
43200449|
43200450|
43200451|
43200452|
43200453|
43200454|
43200455|
43200480|
43200481|
43200482|
43200483|
43200484|
