26924400227|
26924400228|
26924400229|
26924400230|
26924400231|
26924400256|
26924400257|
26924400258|
26924400259|
26924400260|
26924400261|
26924400262|
26924400263|
26924400288|
26924400289|
26924400290|
26924400291|
26924400292|
26924400293|
26924400294|
26924400295|
26924400320|
26924400321|
26924400322|
26924400323|
26924400324|
26924400325|
26924400326|
26924400327|
26924400352|
26924400353|
26924400354|
26924400355|
26924400356|
26924400357|
26924400358|
26924400359|
26924400384|
26924400385|
26924400386|
26924400387|
26924400388|
26924400389|
26924400390|
26924400391|
26924400416|
26924400417|
26924400418|
26924400419|
26924400420|
26924400421|
26924400422|
26924400423|
26924400448|
26924400449|
26924400450|
26924400451|
26924400452|
26924400453|
26924400454|
26924400455|
26924400480|
26924400481|
26924400482|
26924400483|
26924400484|
26924400485|
26924400486|
26924400487|
26924400512|
26924400513|
26924400514|
26924400515|
26924400516|
26924400517|
26924400518|
26924400519|
26924400544|
26924400545|
26924400546|
26924400547|
26924400548|
26924400549|
26924400550|
26924400551|
26924400576|
26924400577|
26924400578|
26924400579|
26924400580|
26924400581|
26924400582|
26924400583|
26924400608|
26924400609|
26924400610|
26924400611|
26924400612|
26924400613|
26924400614|
