50400101|
50400102|
50400103|
50400128|
50400129|
50400130|
50400131|
50400132|
50400133|
50400134|
50400135|
50400160|
50400161|
50400162|
50400163|
50400164|
50400165|
50400166|
50400167|
50400192|
50400193|
50400194|
50400195|
50400196|
50400197|
50400198|
50400199|
50400224|
50400225|
50400226|
50400227|
50400228|
50400229|
50400230|
50400231|
50400256|
50400257|
50400258|
50400259|
50400260|
50400261|
50400262|
50400263|
50400288|
50400289|
50400290|
50400291|
50400292|
50400293|
50400294|
50400295|
50400320|
50400321|
50400322|
50400323|
50400324|
50400325|
50400326|
50400327|
50400352|
50400353|
50400354|
50400355|
50400356|
50400357|
50400358|
50400359|
50400384|
50400385|
50400386|
50400387|
50400388|
50400389|
50400390|
50400391|
50400416|
50400417|
50400418|
50400419|
50400420|
50400421|
50400422|
50400423|
50400448|
50400449|
50400450|
50400451|
50400452|
50400453|
50400454|
50400455|
50400480|
50400481|
50400482|
50400483|
50400484|
50400485|
50400486|
50400487|
50400512|
