13417200199|
13417200224|
13417200225|
13417200226|
13417200227|
13417200228|
13417200229|
13417200230|
13417200231|
13417200256|
13417200257|
13417200258|
13417200259|
13417200260|
13417200261|
13417200262|
13417200263|
13417200288|
13417200289|
13417200290|
13417200291|
13417200292|
13417200293|
13417200294|
13417200295|
13417200320|
13417200321|
13417200322|
13417200323|
13417200324|
13417200325|
13417200326|
13417200327|
13417200352|
13417200353|
13417200354|
13417200355|
13417200356|
13417200357|
13417200358|
13417200359|
13417200384|
13417200385|
13417200386|
13417200387|
13417200388|
13417200389|
13417200390|
13417200391|
13417200416|
13417200417|
13417200418|
13417200419|
13417200420|
13417200421|
13417200422|
13417200423|
13417200448|
13417200449|
13417200450|
13417200451|
13417200452|
13417200453|
13417200454|
13417200455|
13417200480|
13417200481|
13417200482|
13417200483|
13417200484|
13417200485|
13417200486|
13417200487|
13417200512|
13417200513|
13417200514|
13417200515|
13417200516|
13417200517|
13417200518|
13417200519|
13417200544|
13417200545|
13417200546|
13417200547|
13417200548|
13417200549|
13417200550|
13417200551|
13417200576|
13417200577|
13417200578|
13417200579|
13417200580|
13417200581|
13417200582|
13417200583|
13417200608|
13417200609|
13417200610|
