64800133|
64800134|
64800135|
64800160|
64800161|
64800162|
64800163|
64800164|
64800165|
64800166|
64800167|
64800192|
64800193|
64800194|
64800195|
64800196|
64800197|
64800198|
64800199|
64800224|
64800225|
64800226|
64800227|
64800228|
64800229|
64800230|
64800231|
64800256|
64800257|
64800258|
64800259|
64800260|
64800261|
64800262|
64800263|
64800288|
64800289|
64800290|
64800291|
64800292|
64800293|
64800294|
64800295|
64800320|
64800321|
64800322|
64800323|
64800324|
64800325|
64800326|
64800327|
64800352|
64800353|
64800354|
64800355|
64800356|
64800357|
64800358|
64800359|
64800384|
64800385|
64800386|
64800387|
64800388|
64800389|
64800390|
64800391|
64800416|
64800417|
64800418|
64800419|
64800420|
64800421|
64800422|
64800423|
64800448|
64800449|
64800450|
64800451|
64800452|
64800453|
64800454|
64800455|
64800480|
64800481|
64800482|
64800483|
64800484|
64800485|
64800486|
64800487|
64800512|
64800513|
64800514|
64800515|
64800516|
64800517|
64800518|
64800519|
64800544|
