26848800065|
26848800066|
26848800067|
26848800068|
26848800069|
26848800070|
26848800071|
26848800096|
26848800097|
26848800098|
26848800099|
26848800100|
26848800101|
26848800102|
26848800103|
26848800128|
26848800129|
26848800130|
26848800131|
26848800132|
26848800133|
26848800134|
26848800135|
26848800160|
26848800161|
26848800162|
26848800163|
26848800164|
26848800165|
26848800166|
26848800167|
26848800192|
26848800193|
26848800194|
26848800195|
26848800196|
26848800197|
26848800198|
26848800199|
26848800224|
26848800225|
26848800226|
26848800227|
26848800228|
26848800229|
26848800230|
26848800231|
26848800256|
26848800257|
26848800258|
26848800259|
26848800260|
26848800261|
26848800262|
26848800263|
26848800288|
26848800289|
26848800290|
26848800291|
26848800292|
26848800293|
26848800294|
26848800295|
26848800320|
26848800321|
26848800322|
26848800323|
26848800324|
26848800325|
26848800326|
26848800327|
26848800352|
26848800353|
26848800354|
26848800355|
26848800356|
26848800357|
26848800358|
26848800359|
26848800384|
26848800385|
26848800386|
26848800387|
26848800388|
26848800389|
26848800390|
26848800391|
26848800416|
26848800417|
26848800418|
26848800419|
26848800420|
26848800421|
26848800422|
26848800423|
26848800448|
26848800449|
26848800450|
26848800451|
26848800452|
