36000069|
36000070|
36000071|
36000096|
36000097|
36000098|
36000099|
36000100|
36000101|
36000102|
36000103|
36000128|
36000129|
36000130|
36000131|
36000132|
36000133|
36000134|
36000135|
36000160|
36000161|
36000162|
36000163|
36000164|
36000165|
36000166|
36000167|
36000192|
36000193|
36000194|
36000195|
36000196|
36000197|
36000198|
36000199|
36000224|
36000225|
36000226|
36000227|
36000228|
36000229|
36000230|
36000231|
36000256|
36000257|
36000258|
36000259|
36000260|
36000261|
36000262|
36000263|
36000288|
36000289|
36000290|
36000291|
36000292|
36000293|
36000294|
36000295|
36000320|
36000321|
36000322|
36000323|
36000324|
36000325|
36000326|
36000327|
36000352|
36000353|
36000354|
36000355|
36000356|
36000357|
36000358|
36000359|
36000384|
36000385|
36000386|
36000387|
36000388|
36000389|
36000390|
36000391|
36000416|
36000417|
36000418|
36000419|
36000420|
36000421|
36000422|
36000423|
36000448|
36000449|
36000450|
36000451|
36000452|
36000453|
36000454|
36000455|
36000480|
