140400295|
140400320|
140400321|
140400322|
140400323|
140400324|
140400325|
140400326|
140400327|
140400352|
140400353|
140400354|
140400355|
140400356|
140400357|
140400358|
140400359|
140400384|
140400385|
140400386|
140400387|
140400388|
140400389|
140400390|
140400391|
140400416|
140400417|
140400418|
140400419|
140400420|
140400421|
140400422|
140400423|
140400448|
140400449|
140400450|
140400451|
140400452|
140400453|
140400454|
140400455|
140400480|
140400481|
140400482|
140400483|
140400484|
140400485|
140400486|
140400487|
140400512|
140400513|
140400514|
140400515|
140400516|
140400517|
140400518|
140400519|
140400544|
140400545|
140400546|
140400547|
140400548|
140400549|
140400550|
140400551|
140400576|
140400577|
140400578|
140400579|
140400580|
140400581|
140400582|
140400583|
140400608|
140400609|
140400610|
140400611|
140400612|
140400613|
140400614|
140400615|
140400640|
140400641|
140400642|
140400643|
140400644|
140400645|
140400646|
140400647|
140400672|
140400673|
140400674|
140400675|
140400676|
140400677|
140400678|
140400679|
140400704|
140400705|
140400706|
