26982000355|
26982000356|
26982000357|
26982000358|
26982000359|
26982000384|
26982000385|
26982000386|
26982000387|
26982000388|
26982000389|
26982000390|
26982000391|
26982000416|
26982000417|
26982000418|
26982000419|
26982000420|
26982000421|
26982000422|
26982000423|
26982000448|
26982000449|
26982000450|
26982000451|
26982000452|
26982000453|
26982000454|
26982000455|
26982000480|
26982000481|
26982000482|
26982000483|
26982000484|
26982000485|
26982000486|
26982000487|
26982000512|
26982000513|
26982000514|
26982000515|
26982000516|
26982000517|
26982000518|
26982000519|
26982000544|
26982000545|
26982000546|
26982000547|
26982000548|
26982000549|
26982000550|
26982000551|
26982000576|
26982000577|
26982000578|
26982000579|
26982000580|
26982000581|
26982000582|
26982000583|
26982000608|
26982000609|
26982000610|
26982000611|
26982000612|
26982000613|
26982000614|
26982000615|
26982000640|
26982000641|
26982000642|
26982000643|
26982000644|
26982000645|
26982000646|
26982000647|
26982000672|
26982000673|
26982000674|
26982000675|
26982000676|
26982000677|
26982000678|
26982000679|
26982000704|
26982000705|
26982000706|
26982000707|
26982000708|
26982000709|
26982000710|
26982000711|
26982000736|
26982000737|
26982000738|
26982000739|
26982000740|
26982000741|
26982000742|
