26881200131|
26881200132|
26881200133|
26881200134|
26881200135|
26881200160|
26881200161|
26881200162|
26881200163|
26881200164|
26881200165|
26881200166|
26881200167|
26881200192|
26881200193|
26881200194|
26881200195|
26881200196|
26881200197|
26881200198|
26881200199|
26881200224|
26881200225|
26881200226|
26881200227|
26881200228|
26881200229|
26881200230|
26881200231|
26881200256|
26881200257|
26881200258|
26881200259|
26881200260|
26881200261|
26881200262|
26881200263|
26881200288|
26881200289|
26881200290|
26881200291|
26881200292|
26881200293|
26881200294|
26881200295|
26881200320|
26881200321|
26881200322|
26881200323|
26881200324|
26881200325|
26881200326|
26881200327|
26881200352|
26881200353|
26881200354|
26881200355|
26881200356|
26881200357|
26881200358|
26881200359|
26881200384|
26881200385|
26881200386|
26881200387|
26881200388|
26881200389|
26881200390|
26881200391|
26881200416|
26881200417|
26881200418|
26881200419|
26881200420|
26881200421|
26881200422|
26881200423|
26881200448|
26881200449|
26881200450|
26881200451|
26881200452|
26881200453|
26881200454|
26881200455|
26881200480|
26881200481|
26881200482|
26881200483|
26881200484|
26881200485|
26881200486|
26881200487|
26881200512|
26881200513|
26881200514|
26881200515|
26881200516|
26881200517|
26881200518|
