30600066|
30600067|
30600068|
30600069|
30600070|
30600071|
30600096|
30600097|
30600098|
30600099|
30600100|
30600101|
30600102|
30600103|
30600128|
30600129|
30600130|
30600131|
30600132|
30600133|
30600134|
30600135|
30600160|
30600161|
30600162|
30600163|
30600164|
30600165|
30600166|
30600167|
30600192|
30600193|
30600194|
30600195|
30600196|
30600197|
30600198|
30600199|
30600224|
30600225|
30600226|
30600227|
30600228|
30600229|
30600230|
30600231|
30600256|
30600257|
30600258|
30600259|
30600260|
30600261|
30600262|
30600263|
30600288|
30600289|
30600290|
30600291|
30600292|
30600293|
30600294|
30600295|
30600320|
30600321|
30600322|
30600323|
30600324|
30600325|
30600326|
30600327|
30600352|
30600353|
30600354|
30600355|
30600356|
30600357|
30600358|
30600359|
30600384|
30600385|
30600386|
30600387|
30600388|
30600389|
30600390|
30600391|
30600416|
30600417|
30600418|
30600419|
30600420|
30600421|
30600422|
30600423|
30600448|
30600449|
30600450|
30600451|
30600452|
30600453|
