163800356|
163800357|
163800358|
163800359|
163800384|
163800385|
163800386|
163800387|
163800388|
163800389|
163800390|
163800391|
163800416|
163800417|
163800418|
163800419|
163800420|
163800421|
163800422|
163800423|
163800448|
163800449|
163800450|
163800451|
163800452|
163800453|
163800454|
163800455|
163800480|
163800481|
163800482|
163800483|
163800484|
163800485|
163800486|
163800487|
163800512|
163800513|
163800514|
163800515|
163800516|
163800517|
163800518|
163800519|
163800544|
163800545|
163800546|
163800547|
163800548|
163800549|
163800550|
163800551|
163800576|
163800577|
163800578|
163800579|
163800580|
163800581|
163800582|
163800583|
163800608|
163800609|
163800610|
163800611|
163800612|
163800613|
163800614|
163800615|
163800640|
163800641|
163800642|
163800643|
163800644|
163800645|
163800646|
163800647|
163800672|
163800673|
163800674|
163800675|
163800676|
163800677|
163800678|
163800679|
163800704|
163800705|
163800706|
163800707|
163800708|
163800709|
163800710|
163800711|
163800736|
163800737|
163800738|
163800739|
163800740|
163800741|
163800742|
163800743|
