26967600323|
26967600324|
26967600325|
26967600326|
26967600327|
26967600352|
26967600353|
26967600354|
26967600355|
26967600356|
26967600357|
26967600358|
26967600359|
26967600384|
26967600385|
26967600386|
26967600387|
26967600388|
26967600389|
26967600390|
26967600391|
26967600416|
26967600417|
26967600418|
26967600419|
26967600420|
26967600421|
26967600422|
26967600423|
26967600448|
26967600449|
26967600450|
26967600451|
26967600452|
26967600453|
26967600454|
26967600455|
26967600480|
26967600481|
26967600482|
26967600483|
26967600484|
26967600485|
26967600486|
26967600487|
26967600512|
26967600513|
26967600514|
26967600515|
26967600516|
26967600517|
26967600518|
26967600519|
26967600544|
26967600545|
26967600546|
26967600547|
26967600548|
26967600549|
26967600550|
26967600551|
26967600576|
26967600577|
26967600578|
26967600579|
26967600580|
26967600581|
26967600582|
26967600583|
26967600608|
26967600609|
26967600610|
26967600611|
26967600612|
26967600613|
26967600614|
26967600615|
26967600640|
26967600641|
26967600642|
26967600643|
26967600644|
26967600645|
26967600646|
26967600647|
26967600672|
26967600673|
26967600674|
26967600675|
26967600676|
26967600677|
26967600678|
26967600679|
26967600704|
26967600705|
26967600706|
26967600707|
26967600708|
26967600709|
26967600710|
