13462200320|
13462200321|
13462200322|
13462200323|
13462200324|
13462200325|
13462200326|
13462200327|
13462200352|
13462200353|
13462200354|
13462200355|
13462200356|
13462200357|
13462200358|
13462200359|
13462200384|
13462200385|
13462200386|
13462200387|
13462200388|
13462200389|
13462200390|
13462200391|
13462200416|
13462200417|
13462200418|
13462200419|
13462200420|
13462200421|
13462200422|
13462200423|
13462200448|
13462200449|
13462200450|
13462200451|
13462200452|
13462200453|
13462200454|
13462200455|
13462200480|
13462200481|
13462200482|
13462200483|
13462200484|
13462200485|
13462200486|
13462200487|
13462200512|
13462200513|
13462200514|
13462200515|
13462200516|
13462200517|
13462200518|
13462200519|
13462200544|
13462200545|
13462200546|
13462200547|
13462200548|
13462200549|
13462200550|
13462200551|
13462200576|
13462200577|
13462200578|
13462200579|
13462200580|
13462200581|
13462200582|
13462200583|
13462200608|
13462200609|
13462200610|
13462200611|
13462200612|
13462200613|
13462200614|
13462200615|
13462200640|
13462200641|
13462200642|
13462200643|
13462200644|
13462200645|
13462200646|
13462200647|
13462200672|
13462200673|
13462200674|
13462200675|
13462200676|
13462200677|
13462200678|
13462200679|
13462200704|
13462200705|
13462200706|
13462200707|
