138600294|
138600295|
138600320|
138600321|
138600322|
138600323|
138600324|
138600325|
138600326|
138600327|
138600352|
138600353|
138600354|
138600355|
138600356|
138600357|
138600358|
138600359|
138600384|
138600385|
138600386|
138600387|
138600388|
138600389|
138600390|
138600391|
138600416|
138600417|
138600418|
138600419|
138600420|
138600421|
138600422|
138600423|
138600448|
138600449|
138600450|
138600451|
138600452|
138600453|
138600454|
138600455|
138600480|
138600481|
138600482|
138600483|
138600484|
138600485|
138600486|
138600487|
138600512|
138600513|
138600514|
138600515|
138600516|
138600517|
138600518|
138600519|
138600544|
138600545|
138600546|
138600547|
138600548|
138600549|
138600550|
138600551|
138600576|
138600577|
138600578|
138600579|
138600580|
138600581|
138600582|
138600583|
138600608|
138600609|
138600610|
138600611|
138600612|
138600613|
138600614|
138600615|
138600640|
138600641|
138600642|
138600643|
138600644|
138600645|
138600646|
138600647|
138600672|
138600673|
138600674|
138600675|
138600676|
138600677|
138600678|
138600679|
138600704|
138600705|
