13437000258|
13437000259|
13437000260|
13437000261|
13437000262|
13437000263|
13437000288|
13437000289|
13437000290|
13437000291|
13437000292|
13437000293|
13437000294|
13437000295|
13437000320|
13437000321|
13437000322|
13437000323|
13437000324|
13437000325|
13437000326|
13437000327|
13437000352|
13437000353|
13437000354|
13437000355|
13437000356|
13437000357|
13437000358|
13437000359|
13437000384|
13437000385|
13437000386|
13437000387|
13437000388|
13437000389|
13437000390|
13437000391|
13437000416|
13437000417|
13437000418|
13437000419|
13437000420|
13437000421|
13437000422|
13437000423|
13437000448|
13437000449|
13437000450|
13437000451|
13437000452|
13437000453|
13437000454|
13437000455|
13437000480|
13437000481|
13437000482|
13437000483|
13437000484|
13437000485|
13437000486|
13437000487|
13437000512|
13437000513|
13437000514|
13437000515|
13437000516|
13437000517|
13437000518|
13437000519|
13437000544|
13437000545|
13437000546|
13437000547|
13437000548|
13437000549|
13437000550|
13437000551|
13437000576|
13437000577|
13437000578|
13437000579|
13437000580|
13437000581|
13437000582|
13437000583|
13437000608|
13437000609|
13437000610|
13437000611|
13437000612|
13437000613|
13437000614|
13437000615|
13437000640|
13437000641|
13437000642|
13437000643|
13437000644|
13437000645|
