26951400290|
26951400291|
26951400292|
26951400293|
26951400294|
26951400295|
26951400320|
26951400321|
26951400322|
26951400323|
26951400324|
26951400325|
26951400326|
26951400327|
26951400352|
26951400353|
26951400354|
26951400355|
26951400356|
26951400357|
26951400358|
26951400359|
26951400384|
26951400385|
26951400386|
26951400387|
26951400388|
26951400389|
26951400390|
26951400391|
26951400416|
26951400417|
26951400418|
26951400419|
26951400420|
26951400421|
26951400422|
26951400423|
26951400448|
26951400449|
26951400450|
26951400451|
26951400452|
26951400453|
26951400454|
26951400455|
26951400480|
26951400481|
26951400482|
26951400483|
26951400484|
26951400485|
26951400486|
26951400487|
26951400512|
26951400513|
26951400514|
26951400515|
26951400516|
26951400517|
26951400518|
26951400519|
26951400544|
26951400545|
26951400546|
26951400547|
26951400548|
26951400549|
26951400550|
26951400551|
26951400576|
26951400577|
26951400578|
26951400579|
26951400580|
26951400581|
26951400582|
26951400583|
26951400608|
26951400609|
26951400610|
26951400611|
26951400612|
26951400613|
26951400614|
26951400615|
26951400640|
26951400641|
26951400642|
26951400643|
26951400644|
26951400645|
26951400646|
26951400647|
26951400672|
26951400673|
26951400674|
26951400675|
26951400676|
26951400677|
