59400130|
59400131|
59400132|
59400133|
59400134|
59400135|
59400160|
59400161|
59400162|
59400163|
59400164|
59400165|
59400166|
59400167|
59400192|
59400193|
59400194|
59400195|
59400196|
59400197|
59400198|
59400199|
59400224|
59400225|
59400226|
59400227|
59400228|
59400229|
59400230|
59400231|
59400256|
59400257|
59400258|
59400259|
59400260|
59400261|
59400262|
59400263|
59400288|
59400289|
59400290|
59400291|
59400292|
59400293|
59400294|
59400295|
59400320|
59400321|
59400322|
59400323|
59400324|
59400325|
59400326|
59400327|
59400352|
59400353|
59400354|
59400355|
59400356|
59400357|
59400358|
59400359|
59400384|
59400385|
59400386|
59400387|
59400388|
59400389|
59400390|
59400391|
59400416|
59400417|
59400418|
59400419|
59400420|
59400421|
59400422|
59400423|
59400448|
59400449|
59400450|
59400451|
59400452|
59400453|
59400454|
59400455|
59400480|
59400481|
59400482|
59400483|
59400484|
59400485|
59400486|
59400487|
59400512|
59400513|
59400514|
59400515|
59400516|
59400517|
