13383000132|
13383000133|
13383000134|
13383000135|
13383000160|
13383000161|
13383000162|
13383000163|
13383000164|
13383000165|
13383000166|
13383000167|
13383000192|
13383000193|
13383000194|
13383000195|
13383000196|
13383000197|
13383000198|
13383000199|
13383000224|
13383000225|
13383000226|
13383000227|
13383000228|
13383000229|
13383000230|
13383000231|
13383000256|
13383000257|
13383000258|
13383000259|
13383000260|
13383000261|
13383000262|
13383000263|
13383000288|
13383000289|
13383000290|
13383000291|
13383000292|
13383000293|
13383000294|
13383000295|
13383000320|
13383000321|
13383000322|
13383000323|
13383000324|
13383000325|
13383000326|
13383000327|
13383000352|
13383000353|
13383000354|
13383000355|
13383000356|
13383000357|
13383000358|
13383000359|
13383000384|
13383000385|
13383000386|
13383000387|
13383000388|
13383000389|
13383000390|
13383000391|
13383000416|
13383000417|
13383000418|
13383000419|
13383000420|
13383000421|
13383000422|
13383000423|
13383000448|
13383000449|
13383000450|
13383000451|
13383000452|
13383000453|
13383000454|
13383000455|
13383000480|
13383000481|
13383000482|
13383000483|
13383000484|
13383000485|
13383000486|
13383000487|
13383000512|
13383000513|
13383000514|
13383000515|
13383000516|
13383000517|
13383000518|
13383000519|
