13487400358|
13487400359|
13487400384|
13487400385|
13487400386|
13487400387|
13487400388|
13487400389|
13487400390|
13487400391|
13487400416|
13487400417|
13487400418|
13487400419|
13487400420|
13487400421|
13487400422|
13487400423|
13487400448|
13487400449|
13487400450|
13487400451|
13487400452|
13487400453|
13487400454|
13487400455|
13487400480|
13487400481|
13487400482|
13487400483|
13487400484|
13487400485|
13487400486|
13487400487|
13487400512|
13487400513|
13487400514|
13487400515|
13487400516|
13487400517|
13487400518|
13487400519|
13487400544|
13487400545|
13487400546|
13487400547|
13487400548|
13487400549|
13487400550|
13487400551|
13487400576|
13487400577|
13487400578|
13487400579|
13487400580|
13487400581|
13487400582|
13487400583|
13487400608|
13487400609|
13487400610|
13487400611|
13487400612|
13487400613|
13487400614|
13487400615|
13487400640|
13487400641|
13487400642|
13487400643|
13487400644|
13487400645|
13487400646|
13487400647|
13487400672|
13487400673|
13487400674|
13487400675|
13487400676|
13487400677|
13487400678|
13487400679|
13487400704|
13487400705|
13487400706|
13487400707|
13487400708|
13487400709|
13487400710|
13487400711|
13487400736|
13487400737|
13487400738|
13487400739|
13487400740|
13487400741|
13487400742|
13487400743|
13487400768|
13487400769|
