86400193|
86400194|
86400195|
86400196|
86400197|
86400198|
86400199|
86400224|
86400225|
86400226|
86400227|
86400228|
86400229|
86400230|
86400231|
86400256|
86400257|
86400258|
86400259|
86400260|
86400261|
86400262|
86400263|
86400288|
86400289|
86400290|
86400291|
86400292|
86400293|
86400294|
86400295|
86400320|
86400321|
86400322|
86400323|
86400324|
86400325|
86400326|
86400327|
86400352|
86400353|
86400354|
86400355|
86400356|
86400357|
86400358|
86400359|
86400384|
86400385|
86400386|
86400387|
86400388|
86400389|
86400390|
86400391|
86400416|
86400417|
86400418|
86400419|
86400420|
86400421|
86400422|
86400423|
86400448|
86400449|
86400450|
86400451|
86400452|
86400453|
86400454|
86400455|
86400480|
86400481|
86400482|
86400483|
86400484|
86400485|
86400486|
86400487|
86400512|
86400513|
86400514|
86400515|
86400516|
86400517|
86400518|
86400519|
86400544|
86400545|
86400546|
86400547|
86400548|
86400549|
86400550|
86400551|
86400576|
86400577|
86400578|
86400579|
86400580|
