13420800225|
13420800226|
13420800227|
13420800228|
13420800229|
13420800230|
13420800231|
13420800256|
13420800257|
13420800258|
13420800259|
13420800260|
13420800261|
13420800262|
13420800263|
13420800288|
13420800289|
13420800290|
13420800291|
13420800292|
13420800293|
13420800294|
13420800295|
13420800320|
13420800321|
13420800322|
13420800323|
13420800324|
13420800325|
13420800326|
13420800327|
13420800352|
13420800353|
13420800354|
13420800355|
13420800356|
13420800357|
13420800358|
13420800359|
13420800384|
13420800385|
13420800386|
13420800387|
13420800388|
13420800389|
13420800390|
13420800391|
13420800416|
13420800417|
13420800418|
13420800419|
13420800420|
13420800421|
13420800422|
13420800423|
13420800448|
13420800449|
13420800450|
13420800451|
13420800452|
13420800453|
13420800454|
13420800455|
13420800480|
13420800481|
13420800482|
13420800483|
13420800484|
13420800485|
13420800486|
13420800487|
13420800512|
13420800513|
13420800514|
13420800515|
13420800516|
13420800517|
13420800518|
13420800519|
13420800544|
13420800545|
13420800546|
13420800547|
13420800548|
13420800549|
13420800550|
13420800551|
13420800576|
13420800577|
13420800578|
13420800579|
13420800580|
13420800581|
13420800582|
13420800583|
13420800608|
13420800609|
13420800610|
13420800611|
13420800612|
