13374000103|
13374000128|
13374000129|
13374000130|
13374000131|
13374000132|
13374000133|
13374000134|
13374000135|
13374000160|
13374000161|
13374000162|
13374000163|
13374000164|
13374000165|
13374000166|
13374000167|
13374000192|
13374000193|
13374000194|
13374000195|
13374000196|
13374000197|
13374000198|
13374000199|
13374000224|
13374000225|
13374000226|
13374000227|
13374000228|
13374000229|
13374000230|
13374000231|
13374000256|
13374000257|
13374000258|
13374000259|
13374000260|
13374000261|
13374000262|
13374000263|
13374000288|
13374000289|
13374000290|
13374000291|
13374000292|
13374000293|
13374000294|
13374000295|
13374000320|
13374000321|
13374000322|
13374000323|
13374000324|
13374000325|
13374000326|
13374000327|
13374000352|
13374000353|
13374000354|
13374000355|
13374000356|
13374000357|
13374000358|
13374000359|
13374000384|
13374000385|
13374000386|
13374000387|
13374000388|
13374000389|
13374000390|
13374000391|
13374000416|
13374000417|
13374000418|
13374000419|
13374000420|
13374000421|
13374000422|
13374000423|
13374000448|
13374000449|
13374000450|
13374000451|
13374000452|
13374000453|
13374000454|
13374000455|
13374000480|
13374000481|
13374000482|
13374000483|
13374000484|
13374000485|
13374000486|
13374000487|
13374000512|
13374000513|
13374000514|
