13480200354|
13480200355|
13480200356|
13480200357|
13480200358|
13480200359|
13480200384|
13480200385|
13480200386|
13480200387|
13480200388|
13480200389|
13480200390|
13480200391|
13480200416|
13480200417|
13480200418|
13480200419|
13480200420|
13480200421|
13480200422|
13480200423|
13480200448|
13480200449|
13480200450|
13480200451|
13480200452|
13480200453|
13480200454|
13480200455|
13480200480|
13480200481|
13480200482|
13480200483|
13480200484|
13480200485|
13480200486|
13480200487|
13480200512|
13480200513|
13480200514|
13480200515|
13480200516|
13480200517|
13480200518|
13480200519|
13480200544|
13480200545|
13480200546|
13480200547|
13480200548|
13480200549|
13480200550|
13480200551|
13480200576|
13480200577|
13480200578|
13480200579|
13480200580|
13480200581|
13480200582|
13480200583|
13480200608|
13480200609|
13480200610|
13480200611|
13480200612|
13480200613|
13480200614|
13480200615|
13480200640|
13480200641|
13480200642|
13480200643|
13480200644|
13480200645|
13480200646|
13480200647|
13480200672|
13480200673|
13480200674|
13480200675|
13480200676|
13480200677|
13480200678|
13480200679|
13480200704|
13480200705|
13480200706|
13480200707|
13480200708|
13480200709|
13480200710|
13480200711|
13480200736|
13480200737|
13480200738|
13480200739|
13480200740|
13480200741|
