13451400290|
13451400291|
13451400292|
13451400293|
13451400294|
13451400295|
13451400320|
13451400321|
13451400322|
13451400323|
13451400324|
13451400325|
13451400326|
13451400327|
13451400352|
13451400353|
13451400354|
13451400355|
13451400356|
13451400357|
13451400358|
13451400359|
13451400384|
13451400385|
13451400386|
13451400387|
13451400388|
13451400389|
13451400390|
13451400391|
13451400416|
13451400417|
13451400418|
13451400419|
13451400420|
13451400421|
13451400422|
13451400423|
13451400448|
13451400449|
13451400450|
13451400451|
13451400452|
13451400453|
13451400454|
13451400455|
13451400480|
13451400481|
13451400482|
13451400483|
13451400484|
13451400485|
13451400486|
13451400487|
13451400512|
13451400513|
13451400514|
13451400515|
13451400516|
13451400517|
13451400518|
13451400519|
13451400544|
13451400545|
13451400546|
13451400547|
13451400548|
13451400549|
13451400550|
13451400551|
13451400576|
13451400577|
13451400578|
13451400579|
13451400580|
13451400581|
13451400582|
13451400583|
13451400608|
13451400609|
13451400610|
13451400611|
13451400612|
13451400613|
13451400614|
13451400615|
13451400640|
13451400641|
13451400642|
13451400643|
13451400644|
13451400645|
13451400646|
13451400647|
13451400672|
13451400673|
13451400674|
13451400675|
13451400676|
13451400677|
