26852400067|
26852400068|
26852400069|
26852400070|
26852400071|
26852400096|
26852400097|
26852400098|
26852400099|
26852400100|
26852400101|
26852400102|
26852400103|
26852400128|
26852400129|
26852400130|
26852400131|
26852400132|
26852400133|
26852400134|
26852400135|
26852400160|
26852400161|
26852400162|
26852400163|
26852400164|
26852400165|
26852400166|
26852400167|
26852400192|
26852400193|
26852400194|
26852400195|
26852400196|
26852400197|
26852400198|
26852400199|
26852400224|
26852400225|
26852400226|
26852400227|
26852400228|
26852400229|
26852400230|
26852400231|
26852400256|
26852400257|
26852400258|
26852400259|
26852400260|
26852400261|
26852400262|
26852400263|
26852400288|
26852400289|
26852400290|
26852400291|
26852400292|
26852400293|
26852400294|
26852400295|
26852400320|
26852400321|
26852400322|
26852400323|
26852400324|
26852400325|
26852400326|
26852400327|
26852400352|
26852400353|
26852400354|
26852400355|
26852400356|
26852400357|
26852400358|
26852400359|
26852400384|
26852400385|
26852400386|
26852400387|
26852400388|
26852400389|
26852400390|
26852400391|
26852400416|
26852400417|
26852400418|
26852400419|
26852400420|
26852400421|
26852400422|
26852400423|
26852400448|
26852400449|
26852400450|
26852400451|
26852400452|
26852400453|
26852400454|
