13365000098|
13365000099|
13365000100|
13365000101|
13365000102|
13365000103|
13365000128|
13365000129|
13365000130|
13365000131|
13365000132|
13365000133|
13365000134|
13365000135|
13365000160|
13365000161|
13365000162|
13365000163|
13365000164|
13365000165|
13365000166|
13365000167|
13365000192|
13365000193|
13365000194|
13365000195|
13365000196|
13365000197|
13365000198|
13365000199|
13365000224|
13365000225|
13365000226|
13365000227|
13365000228|
13365000229|
13365000230|
13365000231|
13365000256|
13365000257|
13365000258|
13365000259|
13365000260|
13365000261|
13365000262|
13365000263|
13365000288|
13365000289|
13365000290|
13365000291|
13365000292|
13365000293|
13365000294|
13365000295|
13365000320|
13365000321|
13365000322|
13365000323|
13365000324|
13365000325|
13365000326|
13365000327|
13365000352|
13365000353|
13365000354|
13365000355|
13365000356|
13365000357|
13365000358|
13365000359|
13365000384|
13365000385|
13365000386|
13365000387|
13365000388|
13365000389|
13365000390|
13365000391|
13365000416|
13365000417|
13365000418|
13365000419|
13365000420|
13365000421|
13365000422|
13365000423|
13365000448|
13365000449|
13365000450|
13365000451|
13365000452|
13365000453|
13365000454|
13365000455|
13365000480|
13365000481|
13365000482|
13365000483|
13365000484|
13365000485|
