13447800288|
13447800289|
13447800290|
13447800291|
13447800292|
13447800293|
13447800294|
13447800295|
13447800320|
13447800321|
13447800322|
13447800323|
13447800324|
13447800325|
13447800326|
13447800327|
13447800352|
13447800353|
13447800354|
13447800355|
13447800356|
13447800357|
13447800358|
13447800359|
13447800384|
13447800385|
13447800386|
13447800387|
13447800388|
13447800389|
13447800390|
13447800391|
13447800416|
13447800417|
13447800418|
13447800419|
13447800420|
13447800421|
13447800422|
13447800423|
13447800448|
13447800449|
13447800450|
13447800451|
13447800452|
13447800453|
13447800454|
13447800455|
13447800480|
13447800481|
13447800482|
13447800483|
13447800484|
13447800485|
13447800486|
13447800487|
13447800512|
13447800513|
13447800514|
13447800515|
13447800516|
13447800517|
13447800518|
13447800519|
13447800544|
13447800545|
13447800546|
13447800547|
13447800548|
13447800549|
13447800550|
13447800551|
13447800576|
13447800577|
13447800578|
13447800579|
13447800580|
13447800581|
13447800582|
13447800583|
13447800608|
13447800609|
13447800610|
13447800611|
13447800612|
13447800613|
13447800614|
13447800615|
13447800640|
13447800641|
13447800642|
13447800643|
13447800644|
13447800645|
13447800646|
13447800647|
13447800672|
13447800673|
13447800674|
13447800675|
