13428000229|
13428000230|
13428000231|
13428000256|
13428000257|
13428000258|
13428000259|
13428000260|
13428000261|
13428000262|
13428000263|
13428000288|
13428000289|
13428000290|
13428000291|
13428000292|
13428000293|
13428000294|
13428000295|
13428000320|
13428000321|
13428000322|
13428000323|
13428000324|
13428000325|
13428000326|
13428000327|
13428000352|
13428000353|
13428000354|
13428000355|
13428000356|
13428000357|
13428000358|
13428000359|
13428000384|
13428000385|
13428000386|
13428000387|
13428000388|
13428000389|
13428000390|
13428000391|
13428000416|
13428000417|
13428000418|
13428000419|
13428000420|
13428000421|
13428000422|
13428000423|
13428000448|
13428000449|
13428000450|
13428000451|
13428000452|
13428000453|
13428000454|
13428000455|
13428000480|
13428000481|
13428000482|
13428000483|
13428000484|
13428000485|
13428000486|
13428000487|
13428000512|
13428000513|
13428000514|
13428000515|
13428000516|
13428000517|
13428000518|
13428000519|
13428000544|
13428000545|
13428000546|
13428000547|
13428000548|
13428000549|
13428000550|
13428000551|
13428000576|
13428000577|
13428000578|
13428000579|
13428000580|
13428000581|
13428000582|
13428000583|
13428000608|
13428000609|
13428000610|
13428000611|
13428000612|
13428000613|
13428000614|
13428000615|
13428000640|
