13453200291|
13453200292|
13453200293|
13453200294|
13453200295|
13453200320|
13453200321|
13453200322|
13453200323|
13453200324|
13453200325|
13453200326|
13453200327|
13453200352|
13453200353|
13453200354|
13453200355|
13453200356|
13453200357|
13453200358|
13453200359|
13453200384|
13453200385|
13453200386|
13453200387|
13453200388|
13453200389|
13453200390|
13453200391|
13453200416|
13453200417|
13453200418|
13453200419|
13453200420|
13453200421|
13453200422|
13453200423|
13453200448|
13453200449|
13453200450|
13453200451|
13453200452|
13453200453|
13453200454|
13453200455|
13453200480|
13453200481|
13453200482|
13453200483|
13453200484|
13453200485|
13453200486|
13453200487|
13453200512|
13453200513|
13453200514|
13453200515|
13453200516|
13453200517|
13453200518|
13453200519|
13453200544|
13453200545|
13453200546|
13453200547|
13453200548|
13453200549|
13453200550|
13453200551|
13453200576|
13453200577|
13453200578|
13453200579|
13453200580|
13453200581|
13453200582|
13453200583|
13453200608|
13453200609|
13453200610|
13453200611|
13453200612|
13453200613|
13453200614|
13453200615|
13453200640|
13453200641|
13453200642|
13453200643|
13453200644|
13453200645|
13453200646|
13453200647|
13453200672|
13453200673|
13453200674|
13453200675|
13453200676|
13453200677|
13453200678|
