26946000263|
26946000288|
26946000289|
26946000290|
26946000291|
26946000292|
26946000293|
26946000294|
26946000295|
26946000320|
26946000321|
26946000322|
26946000323|
26946000324|
26946000325|
26946000326|
26946000327|
26946000352|
26946000353|
26946000354|
26946000355|
26946000356|
26946000357|
26946000358|
26946000359|
26946000384|
26946000385|
26946000386|
26946000387|
26946000388|
26946000389|
26946000390|
26946000391|
26946000416|
26946000417|
26946000418|
26946000419|
26946000420|
26946000421|
26946000422|
26946000423|
26946000448|
26946000449|
26946000450|
26946000451|
26946000452|
26946000453|
26946000454|
26946000455|
26946000480|
26946000481|
26946000482|
26946000483|
26946000484|
26946000485|
26946000486|
26946000487|
26946000512|
26946000513|
26946000514|
26946000515|
26946000516|
26946000517|
26946000518|
26946000519|
26946000544|
26946000545|
26946000546|
26946000547|
26946000548|
26946000549|
26946000550|
26946000551|
26946000576|
26946000577|
26946000578|
26946000579|
26946000580|
26946000581|
26946000582|
26946000583|
26946000608|
26946000609|
26946000610|
26946000611|
26946000612|
26946000613|
26946000614|
26946000615|
26946000640|
26946000641|
26946000642|
26946000643|
26946000644|
26946000645|
26946000646|
26946000647|
26946000672|
26946000673|
26946000674|
