75600163|
75600164|
75600165|
75600166|
75600167|
75600192|
75600193|
75600194|
75600195|
75600196|
75600197|
75600198|
75600199|
75600224|
75600225|
75600226|
75600227|
75600228|
75600229|
75600230|
75600231|
75600256|
75600257|
75600258|
75600259|
75600260|
75600261|
75600262|
75600263|
75600288|
75600289|
75600290|
75600291|
75600292|
75600293|
75600294|
75600295|
75600320|
75600321|
75600322|
75600323|
75600324|
75600325|
75600326|
75600327|
75600352|
75600353|
75600354|
75600355|
75600356|
75600357|
75600358|
75600359|
75600384|
75600385|
75600386|
75600387|
75600388|
75600389|
75600390|
75600391|
75600416|
75600417|
75600418|
75600419|
75600420|
75600421|
75600422|
75600423|
75600448|
75600449|
75600450|
75600451|
75600452|
75600453|
75600454|
75600455|
75600480|
75600481|
75600482|
75600483|
75600484|
75600485|
75600486|
75600487|
75600512|
75600513|
75600514|
75600515|
75600516|
75600517|
75600518|
75600519|
75600544|
75600545|
75600546|
75600547|
75600548|
75600549|
75600550|
