13377600129|
13377600130|
13377600131|
13377600132|
13377600133|
13377600134|
13377600135|
13377600160|
13377600161|
13377600162|
13377600163|
13377600164|
13377600165|
13377600166|
13377600167|
13377600192|
13377600193|
13377600194|
13377600195|
13377600196|
13377600197|
13377600198|
13377600199|
13377600224|
13377600225|
13377600226|
13377600227|
13377600228|
13377600229|
13377600230|
13377600231|
13377600256|
13377600257|
13377600258|
13377600259|
13377600260|
13377600261|
13377600262|
13377600263|
13377600288|
13377600289|
13377600290|
13377600291|
13377600292|
13377600293|
13377600294|
13377600295|
13377600320|
13377600321|
13377600322|
13377600323|
13377600324|
13377600325|
13377600326|
13377600327|
13377600352|
13377600353|
13377600354|
13377600355|
13377600356|
13377600357|
13377600358|
13377600359|
13377600384|
13377600385|
13377600386|
13377600387|
13377600388|
13377600389|
13377600390|
13377600391|
13377600416|
13377600417|
13377600418|
13377600419|
13377600420|
13377600421|
13377600422|
13377600423|
13377600448|
13377600449|
13377600450|
13377600451|
13377600452|
13377600453|
13377600454|
13377600455|
13377600480|
13377600481|
13377600482|
13377600483|
13377600484|
13377600485|
13377600486|
13377600487|
13377600512|
13377600513|
13377600514|
13377600515|
13377600516|
