26969400324|
26969400325|
26969400326|
26969400327|
26969400352|
26969400353|
26969400354|
26969400355|
26969400356|
26969400357|
26969400358|
26969400359|
26969400384|
26969400385|
26969400386|
26969400387|
26969400388|
26969400389|
26969400390|
26969400391|
26969400416|
26969400417|
26969400418|
26969400419|
26969400420|
26969400421|
26969400422|
26969400423|
26969400448|
26969400449|
26969400450|
26969400451|
26969400452|
26969400453|
26969400454|
26969400455|
26969400480|
26969400481|
26969400482|
26969400483|
26969400484|
26969400485|
26969400486|
26969400487|
26969400512|
26969400513|
26969400514|
26969400515|
26969400516|
26969400517|
26969400518|
26969400519|
26969400544|
26969400545|
26969400546|
26969400547|
26969400548|
26969400549|
26969400550|
26969400551|
26969400576|
26969400577|
26969400578|
26969400579|
26969400580|
26969400581|
26969400582|
26969400583|
26969400608|
26969400609|
26969400610|
26969400611|
26969400612|
26969400613|
26969400614|
26969400615|
26969400640|
26969400641|
26969400642|
26969400643|
26969400644|
26969400645|
26969400646|
26969400647|
26969400672|
26969400673|
26969400674|
26969400675|
26969400676|
26969400677|
26969400678|
26969400679|
26969400704|
26969400705|
26969400706|
26969400707|
26969400708|
26969400709|
26969400710|
26969400711|
