26884800133|
26884800134|
26884800135|
26884800160|
26884800161|
26884800162|
26884800163|
26884800164|
26884800165|
26884800166|
26884800167|
26884800192|
26884800193|
26884800194|
26884800195|
26884800196|
26884800197|
26884800198|
26884800199|
26884800224|
26884800225|
26884800226|
26884800227|
26884800228|
26884800229|
26884800230|
26884800231|
26884800256|
26884800257|
26884800258|
26884800259|
26884800260|
26884800261|
26884800262|
26884800263|
26884800288|
26884800289|
26884800290|
26884800291|
26884800292|
26884800293|
26884800294|
26884800295|
26884800320|
26884800321|
26884800322|
26884800323|
26884800324|
26884800325|
26884800326|
26884800327|
26884800352|
26884800353|
26884800354|
26884800355|
26884800356|
26884800357|
26884800358|
26884800359|
26884800384|
26884800385|
26884800386|
26884800387|
26884800388|
26884800389|
26884800390|
26884800391|
26884800416|
26884800417|
26884800418|
26884800419|
26884800420|
26884800421|
26884800422|
26884800423|
26884800448|
26884800449|
26884800450|
26884800451|
26884800452|
26884800453|
26884800454|
26884800455|
26884800480|
26884800481|
26884800482|
26884800483|
26884800484|
26884800485|
26884800486|
26884800487|
26884800512|
26884800513|
26884800514|
26884800515|
26884800516|
26884800517|
26884800518|
26884800519|
26884800544|
