26902800167|
26902800192|
26902800193|
26902800194|
26902800195|
26902800196|
26902800197|
26902800198|
26902800199|
26902800224|
26902800225|
26902800226|
26902800227|
26902800228|
26902800229|
26902800230|
26902800231|
26902800256|
26902800257|
26902800258|
26902800259|
26902800260|
26902800261|
26902800262|
26902800263|
26902800288|
26902800289|
26902800290|
26902800291|
26902800292|
26902800293|
26902800294|
26902800295|
26902800320|
26902800321|
26902800322|
26902800323|
26902800324|
26902800325|
26902800326|
26902800327|
26902800352|
26902800353|
26902800354|
26902800355|
26902800356|
26902800357|
26902800358|
26902800359|
26902800384|
26902800385|
26902800386|
26902800387|
26902800388|
26902800389|
26902800390|
26902800391|
26902800416|
26902800417|
26902800418|
26902800419|
26902800420|
26902800421|
26902800422|
26902800423|
26902800448|
26902800449|
26902800450|
26902800451|
26902800452|
26902800453|
26902800454|
26902800455|
26902800480|
26902800481|
26902800482|
26902800483|
26902800484|
26902800485|
26902800486|
26902800487|
26902800512|
26902800513|
26902800514|
26902800515|
26902800516|
26902800517|
26902800518|
26902800519|
26902800544|
26902800545|
26902800546|
26902800547|
26902800548|
26902800549|
26902800550|
26902800551|
26902800576|
26902800577|
26902800578|
