153000326|
153000327|
153000352|
153000353|
153000354|
153000355|
153000356|
153000357|
153000358|
153000359|
153000384|
153000385|
153000386|
153000387|
153000388|
153000389|
153000390|
153000391|
153000416|
153000417|
153000418|
153000419|
153000420|
153000421|
153000422|
153000423|
153000448|
153000449|
153000450|
153000451|
153000452|
153000453|
153000454|
153000455|
153000480|
153000481|
153000482|
153000483|
153000484|
153000485|
153000486|
153000487|
153000512|
153000513|
153000514|
153000515|
153000516|
153000517|
153000518|
153000519|
153000544|
153000545|
153000546|
153000547|
153000548|
153000549|
153000550|
153000551|
153000576|
153000577|
153000578|
153000579|
153000580|
153000581|
153000582|
153000583|
153000608|
153000609|
153000610|
153000611|
153000612|
153000613|
153000614|
153000615|
153000640|
153000641|
153000642|
153000643|
153000644|
153000645|
153000646|
153000647|
153000672|
153000673|
153000674|
153000675|
153000676|
153000677|
153000678|
153000679|
153000704|
153000705|
153000706|
153000707|
153000708|
153000709|
153000710|
153000711|
153000736|
153000737|
