135000292|
135000293|
135000294|
135000295|
135000320|
135000321|
135000322|
135000323|
135000324|
135000325|
135000326|
135000327|
135000352|
135000353|
135000354|
135000355|
135000356|
135000357|
135000358|
135000359|
135000384|
135000385|
135000386|
135000387|
135000388|
135000389|
135000390|
135000391|
135000416|
135000417|
135000418|
135000419|
135000420|
135000421|
135000422|
135000423|
135000448|
135000449|
135000450|
135000451|
135000452|
135000453|
135000454|
135000455|
135000480|
135000481|
135000482|
135000483|
135000484|
135000485|
135000486|
135000487|
135000512|
135000513|
135000514|
135000515|
135000516|
135000517|
135000518|
135000519|
135000544|
135000545|
135000546|
135000547|
135000548|
135000549|
135000550|
135000551|
135000576|
135000577|
135000578|
135000579|
135000580|
135000581|
135000582|
135000583|
135000608|
135000609|
135000610|
135000611|
135000612|
135000613|
135000614|
135000615|
135000640|
135000641|
135000642|
135000643|
135000644|
135000645|
135000646|
135000647|
135000672|
135000673|
135000674|
135000675|
135000676|
135000677|
135000678|
135000679|
