26994600386|
26994600387|
26994600388|
26994600389|
26994600390|
26994600391|
26994600416|
26994600417|
26994600418|
26994600419|
26994600420|
26994600421|
26994600422|
26994600423|
26994600448|
26994600449|
26994600450|
26994600451|
26994600452|
26994600453|
26994600454|
26994600455|
26994600480|
26994600481|
26994600482|
26994600483|
26994600484|
26994600485|
26994600486|
26994600487|
26994600512|
26994600513|
26994600514|
26994600515|
26994600516|
26994600517|
26994600518|
26994600519|
26994600544|
26994600545|
26994600546|
26994600547|
26994600548|
26994600549|
26994600550|
26994600551|
26994600576|
26994600577|
26994600578|
26994600579|
26994600580|
26994600581|
26994600582|
26994600583|
26994600608|
26994600609|
26994600610|
26994600611|
26994600612|
26994600613|
26994600614|
26994600615|
26994600640|
26994600641|
26994600642|
26994600643|
26994600644|
26994600645|
26994600646|
26994600647|
26994600672|
26994600673|
26994600674|
26994600675|
26994600676|
26994600677|
26994600678|
26994600679|
26994600704|
26994600705|
26994600706|
26994600707|
26994600708|
26994600709|
26994600710|
26994600711|
26994600736|
26994600737|
26994600738|
26994600739|
26994600740|
26994600741|
26994600742|
26994600743|
26994600768|
26994600769|
26994600770|
26994600771|
26994600772|
26994600773|
