13339800036|
13339800037|
13339800038|
13339800039|
13339800064|
13339800065|
13339800066|
13339800067|
13339800068|
13339800069|
13339800070|
13339800071|
13339800096|
13339800097|
13339800098|
13339800099|
13339800100|
13339800101|
13339800102|
13339800103|
13339800128|
13339800129|
13339800130|
13339800131|
13339800132|
13339800133|
13339800134|
13339800135|
13339800160|
13339800161|
13339800162|
13339800163|
13339800164|
13339800165|
13339800166|
13339800167|
13339800192|
13339800193|
13339800194|
13339800195|
13339800196|
13339800197|
13339800198|
13339800199|
13339800224|
13339800225|
13339800226|
13339800227|
13339800228|
13339800229|
13339800230|
13339800231|
13339800256|
13339800257|
13339800258|
13339800259|
13339800260|
13339800261|
13339800262|
13339800263|
13339800288|
13339800289|
13339800290|
13339800291|
13339800292|
13339800293|
13339800294|
13339800295|
13339800320|
13339800321|
13339800322|
13339800323|
13339800324|
13339800325|
13339800326|
13339800327|
13339800352|
13339800353|
13339800354|
13339800355|
13339800356|
13339800357|
13339800358|
13339800359|
13339800384|
13339800385|
13339800386|
13339800387|
13339800388|
13339800389|
13339800390|
13339800391|
13339800416|
13339800417|
13339800418|
13339800419|
13339800420|
13339800421|
13339800422|
13339800423|
