26933400256|
26933400257|
26933400258|
26933400259|
26933400260|
26933400261|
26933400262|
26933400263|
26933400288|
26933400289|
26933400290|
26933400291|
26933400292|
26933400293|
26933400294|
26933400295|
26933400320|
26933400321|
26933400322|
26933400323|
26933400324|
26933400325|
26933400326|
26933400327|
26933400352|
26933400353|
26933400354|
26933400355|
26933400356|
26933400357|
26933400358|
26933400359|
26933400384|
26933400385|
26933400386|
26933400387|
26933400388|
26933400389|
26933400390|
26933400391|
26933400416|
26933400417|
26933400418|
26933400419|
26933400420|
26933400421|
26933400422|
26933400423|
26933400448|
26933400449|
26933400450|
26933400451|
26933400452|
26933400453|
26933400454|
26933400455|
26933400480|
26933400481|
26933400482|
26933400483|
26933400484|
26933400485|
26933400486|
26933400487|
26933400512|
26933400513|
26933400514|
26933400515|
26933400516|
26933400517|
26933400518|
26933400519|
26933400544|
26933400545|
26933400546|
26933400547|
26933400548|
26933400549|
26933400550|
26933400551|
26933400576|
26933400577|
26933400578|
26933400579|
26933400580|
26933400581|
26933400582|
26933400583|
26933400608|
26933400609|
26933400610|
26933400611|
26933400612|
26933400613|
26933400614|
26933400615|
26933400640|
26933400641|
26933400642|
26933400643|
