13492800385|
13492800386|
13492800387|
13492800388|
13492800389|
13492800390|
13492800391|
13492800416|
13492800417|
13492800418|
13492800419|
13492800420|
13492800421|
13492800422|
13492800423|
13492800448|
13492800449|
13492800450|
13492800451|
13492800452|
13492800453|
13492800454|
13492800455|
13492800480|
13492800481|
13492800482|
13492800483|
13492800484|
13492800485|
13492800486|
13492800487|
13492800512|
13492800513|
13492800514|
13492800515|
13492800516|
13492800517|
13492800518|
13492800519|
13492800544|
13492800545|
13492800546|
13492800547|
13492800548|
13492800549|
13492800550|
13492800551|
13492800576|
13492800577|
13492800578|
13492800579|
13492800580|
13492800581|
13492800582|
13492800583|
13492800608|
13492800609|
13492800610|
13492800611|
13492800612|
13492800613|
13492800614|
13492800615|
13492800640|
13492800641|
13492800642|
13492800643|
13492800644|
13492800645|
13492800646|
13492800647|
13492800672|
13492800673|
13492800674|
13492800675|
13492800676|
13492800677|
13492800678|
13492800679|
13492800704|
13492800705|
13492800706|
13492800707|
13492800708|
13492800709|
13492800710|
13492800711|
13492800736|
13492800737|
13492800738|
13492800739|
13492800740|
13492800741|
13492800742|
13492800743|
13492800768|
13492800769|
13492800770|
13492800771|
13492800772|
