13496400387|
13496400388|
13496400389|
13496400390|
13496400391|
13496400416|
13496400417|
13496400418|
13496400419|
13496400420|
13496400421|
13496400422|
13496400423|
13496400448|
13496400449|
13496400450|
13496400451|
13496400452|
13496400453|
13496400454|
13496400455|
13496400480|
13496400481|
13496400482|
13496400483|
13496400484|
13496400485|
13496400486|
13496400487|
13496400512|
13496400513|
13496400514|
13496400515|
13496400516|
13496400517|
13496400518|
13496400519|
13496400544|
13496400545|
13496400546|
13496400547|
13496400548|
13496400549|
13496400550|
13496400551|
13496400576|
13496400577|
13496400578|
13496400579|
13496400580|
13496400581|
13496400582|
13496400583|
13496400608|
13496400609|
13496400610|
13496400611|
13496400612|
13496400613|
13496400614|
13496400615|
13496400640|
13496400641|
13496400642|
13496400643|
13496400644|
13496400645|
13496400646|
13496400647|
13496400672|
13496400673|
13496400674|
13496400675|
13496400676|
13496400677|
13496400678|
13496400679|
13496400704|
13496400705|
13496400706|
13496400707|
13496400708|
13496400709|
13496400710|
13496400711|
13496400736|
13496400737|
13496400738|
13496400739|
13496400740|
13496400741|
13496400742|
13496400743|
13496400768|
13496400769|
13496400770|
13496400771|
13496400772|
13496400773|
13496400774|
