73800162|
73800163|
73800164|
73800165|
73800166|
73800167|
73800192|
73800193|
73800194|
73800195|
73800196|
73800197|
73800198|
73800199|
73800224|
73800225|
73800226|
73800227|
73800228|
73800229|
73800230|
73800231|
73800256|
73800257|
73800258|
73800259|
73800260|
73800261|
73800262|
73800263|
73800288|
73800289|
73800290|
73800291|
73800292|
73800293|
73800294|
73800295|
73800320|
73800321|
73800322|
73800323|
73800324|
73800325|
73800326|
73800327|
73800352|
73800353|
73800354|
73800355|
73800356|
73800357|
73800358|
73800359|
73800384|
73800385|
73800386|
73800387|
73800388|
73800389|
73800390|
73800391|
73800416|
73800417|
73800418|
73800419|
73800420|
73800421|
73800422|
73800423|
73800448|
73800449|
73800450|
73800451|
73800452|
73800453|
73800454|
73800455|
73800480|
73800481|
73800482|
73800483|
73800484|
73800485|
73800486|
73800487|
73800512|
73800513|
73800514|
73800515|
73800516|
73800517|
73800518|
73800519|
73800544|
73800545|
73800546|
73800547|
73800548|
73800549|
