26845200039|
26845200064|
26845200065|
26845200066|
26845200067|
26845200068|
26845200069|
26845200070|
26845200071|
26845200096|
26845200097|
26845200098|
26845200099|
26845200100|
26845200101|
26845200102|
26845200103|
26845200128|
26845200129|
26845200130|
26845200131|
26845200132|
26845200133|
26845200134|
26845200135|
26845200160|
26845200161|
26845200162|
26845200163|
26845200164|
26845200165|
26845200166|
26845200167|
26845200192|
26845200193|
26845200194|
26845200195|
26845200196|
26845200197|
26845200198|
26845200199|
26845200224|
26845200225|
26845200226|
26845200227|
26845200228|
26845200229|
26845200230|
26845200231|
26845200256|
26845200257|
26845200258|
26845200259|
26845200260|
26845200261|
26845200262|
26845200263|
26845200288|
26845200289|
26845200290|
26845200291|
26845200292|
26845200293|
26845200294|
26845200295|
26845200320|
26845200321|
26845200322|
26845200323|
26845200324|
26845200325|
26845200326|
26845200327|
26845200352|
26845200353|
26845200354|
26845200355|
26845200356|
26845200357|
26845200358|
26845200359|
26845200384|
26845200385|
26845200386|
26845200387|
26845200388|
26845200389|
26845200390|
26845200391|
26845200416|
26845200417|
26845200418|
26845200419|
26845200420|
26845200421|
26845200422|
26845200423|
26845200448|
26845200449|
26845200450|
