13368600100|
13368600101|
13368600102|
13368600103|
13368600128|
13368600129|
13368600130|
13368600131|
13368600132|
13368600133|
13368600134|
13368600135|
13368600160|
13368600161|
13368600162|
13368600163|
13368600164|
13368600165|
13368600166|
13368600167|
13368600192|
13368600193|
13368600194|
13368600195|
13368600196|
13368600197|
13368600198|
13368600199|
13368600224|
13368600225|
13368600226|
13368600227|
13368600228|
13368600229|
13368600230|
13368600231|
13368600256|
13368600257|
13368600258|
13368600259|
13368600260|
13368600261|
13368600262|
13368600263|
13368600288|
13368600289|
13368600290|
13368600291|
13368600292|
13368600293|
13368600294|
13368600295|
13368600320|
13368600321|
13368600322|
13368600323|
13368600324|
13368600325|
13368600326|
13368600327|
13368600352|
13368600353|
13368600354|
13368600355|
13368600356|
13368600357|
13368600358|
13368600359|
13368600384|
13368600385|
13368600386|
13368600387|
13368600388|
13368600389|
13368600390|
13368600391|
13368600416|
13368600417|
13368600418|
13368600419|
13368600420|
13368600421|
13368600422|
13368600423|
13368600448|
13368600449|
13368600450|
13368600451|
13368600452|
13368600453|
13368600454|
13368600455|
13368600480|
13368600481|
13368600482|
13368600483|
13368600484|
13368600485|
13368600486|
13368600487|
