26868600100|
26868600101|
26868600102|
26868600103|
26868600128|
26868600129|
26868600130|
26868600131|
26868600132|
26868600133|
26868600134|
26868600135|
26868600160|
26868600161|
26868600162|
26868600163|
26868600164|
26868600165|
26868600166|
26868600167|
26868600192|
26868600193|
26868600194|
26868600195|
26868600196|
26868600197|
26868600198|
26868600199|
26868600224|
26868600225|
26868600226|
26868600227|
26868600228|
26868600229|
26868600230|
26868600231|
26868600256|
26868600257|
26868600258|
26868600259|
26868600260|
26868600261|
26868600262|
26868600263|
26868600288|
26868600289|
26868600290|
26868600291|
26868600292|
26868600293|
26868600294|
26868600295|
26868600320|
26868600321|
26868600322|
26868600323|
26868600324|
26868600325|
26868600326|
26868600327|
26868600352|
26868600353|
26868600354|
26868600355|
26868600356|
26868600357|
26868600358|
26868600359|
26868600384|
26868600385|
26868600386|
26868600387|
26868600388|
26868600389|
26868600390|
26868600391|
26868600416|
26868600417|
26868600418|
26868600419|
26868600420|
26868600421|
26868600422|
26868600423|
26868600448|
26868600449|
26868600450|
26868600451|
26868600452|
26868600453|
26868600454|
26868600455|
26868600480|
26868600481|
26868600482|
26868600483|
26868600484|
26868600485|
26868600486|
26868600487|
