26985600357|
26985600358|
26985600359|
26985600384|
26985600385|
26985600386|
26985600387|
26985600388|
26985600389|
26985600390|
26985600391|
26985600416|
26985600417|
26985600418|
26985600419|
26985600420|
26985600421|
26985600422|
26985600423|
26985600448|
26985600449|
26985600450|
26985600451|
26985600452|
26985600453|
26985600454|
26985600455|
26985600480|
26985600481|
26985600482|
26985600483|
26985600484|
26985600485|
26985600486|
26985600487|
26985600512|
26985600513|
26985600514|
26985600515|
26985600516|
26985600517|
26985600518|
26985600519|
26985600544|
26985600545|
26985600546|
26985600547|
26985600548|
26985600549|
26985600550|
26985600551|
26985600576|
26985600577|
26985600578|
26985600579|
26985600580|
26985600581|
26985600582|
26985600583|
26985600608|
26985600609|
26985600610|
26985600611|
26985600612|
26985600613|
26985600614|
26985600615|
26985600640|
26985600641|
26985600642|
26985600643|
26985600644|
26985600645|
26985600646|
26985600647|
26985600672|
26985600673|
26985600674|
26985600675|
26985600676|
26985600677|
26985600678|
26985600679|
26985600704|
26985600705|
26985600706|
26985600707|
26985600708|
26985600709|
26985600710|
26985600711|
26985600736|
26985600737|
26985600738|
26985600739|
26985600740|
26985600741|
26985600742|
26985600743|
26985600768|
