61200131|
61200132|
61200133|
61200134|
61200135|
61200160|
61200161|
61200162|
61200163|
61200164|
61200165|
61200166|
61200167|
61200192|
61200193|
61200194|
61200195|
61200196|
61200197|
61200198|
61200199|
61200224|
61200225|
61200226|
61200227|
61200228|
61200229|
61200230|
61200231|
61200256|
61200257|
61200258|
61200259|
61200260|
61200261|
61200262|
61200263|
61200288|
61200289|
61200290|
61200291|
61200292|
61200293|
61200294|
61200295|
61200320|
61200321|
61200322|
61200323|
61200324|
61200325|
61200326|
61200327|
61200352|
61200353|
61200354|
61200355|
61200356|
61200357|
61200358|
61200359|
61200384|
61200385|
61200386|
61200387|
61200388|
61200389|
61200390|
61200391|
61200416|
61200417|
61200418|
61200419|
61200420|
61200421|
61200422|
61200423|
61200448|
61200449|
61200450|
61200451|
61200452|
61200453|
61200454|
61200455|
61200480|
61200481|
61200482|
61200483|
61200484|
61200485|
61200486|
61200487|
61200512|
61200513|
61200514|
61200515|
61200516|
61200517|
61200518|
