18000035|
18000036|
18000037|
18000038|
18000039|
18000064|
18000065|
18000066|
18000067|
18000068|
18000069|
18000070|
18000071|
18000096|
18000097|
18000098|
18000099|
18000100|
18000101|
18000102|
18000103|
18000128|
18000129|
18000130|
18000131|
18000132|
18000133|
18000134|
18000135|
18000160|
18000161|
18000162|
18000163|
18000164|
18000165|
18000166|
18000167|
18000192|
18000193|
18000194|
18000195|
18000196|
18000197|
18000198|
18000199|
18000224|
18000225|
18000226|
18000227|
18000228|
18000229|
18000230|
18000231|
18000256|
18000257|
18000258|
18000259|
18000260|
18000261|
18000262|
18000263|
18000288|
18000289|
18000290|
18000291|
18000292|
18000293|
18000294|
18000295|
18000320|
18000321|
18000322|
18000323|
18000324|
18000325|
18000326|
18000327|
18000352|
18000353|
18000354|
18000355|
18000356|
18000357|
18000358|
18000359|
18000384|
18000385|
18000386|
18000387|
18000388|
18000389|
18000390|
18000391|
18000416|
18000417|
18000418|
18000419|
18000420|
18000421|
18000422|
