13336200034|
13336200035|
13336200036|
13336200037|
13336200038|
13336200039|
13336200064|
13336200065|
13336200066|
13336200067|
13336200068|
13336200069|
13336200070|
13336200071|
13336200096|
13336200097|
13336200098|
13336200099|
13336200100|
13336200101|
13336200102|
13336200103|
13336200128|
13336200129|
13336200130|
13336200131|
13336200132|
13336200133|
13336200134|
13336200135|
13336200160|
13336200161|
13336200162|
13336200163|
13336200164|
13336200165|
13336200166|
13336200167|
13336200192|
13336200193|
13336200194|
13336200195|
13336200196|
13336200197|
13336200198|
13336200199|
13336200224|
13336200225|
13336200226|
13336200227|
13336200228|
13336200229|
13336200230|
13336200231|
13336200256|
13336200257|
13336200258|
13336200259|
13336200260|
13336200261|
13336200262|
13336200263|
13336200288|
13336200289|
13336200290|
13336200291|
13336200292|
13336200293|
13336200294|
13336200295|
13336200320|
13336200321|
13336200322|
13336200323|
13336200324|
13336200325|
13336200326|
13336200327|
13336200352|
13336200353|
13336200354|
13336200355|
13336200356|
13336200357|
13336200358|
13336200359|
13336200384|
13336200385|
13336200386|
13336200387|
13336200388|
13336200389|
13336200390|
13336200391|
13336200416|
13336200417|
13336200418|
13336200419|
13336200420|
13336200421|
