26955000292|
26955000293|
26955000294|
26955000295|
26955000320|
26955000321|
26955000322|
26955000323|
26955000324|
26955000325|
26955000326|
26955000327|
26955000352|
26955000353|
26955000354|
26955000355|
26955000356|
26955000357|
26955000358|
26955000359|
26955000384|
26955000385|
26955000386|
26955000387|
26955000388|
26955000389|
26955000390|
26955000391|
26955000416|
26955000417|
26955000418|
26955000419|
26955000420|
26955000421|
26955000422|
26955000423|
26955000448|
26955000449|
26955000450|
26955000451|
26955000452|
26955000453|
26955000454|
26955000455|
26955000480|
26955000481|
26955000482|
26955000483|
26955000484|
26955000485|
26955000486|
26955000487|
26955000512|
26955000513|
26955000514|
26955000515|
26955000516|
26955000517|
26955000518|
26955000519|
26955000544|
26955000545|
26955000546|
26955000547|
26955000548|
26955000549|
26955000550|
26955000551|
26955000576|
26955000577|
26955000578|
26955000579|
26955000580|
26955000581|
26955000582|
26955000583|
26955000608|
26955000609|
26955000610|
26955000611|
26955000612|
26955000613|
26955000614|
26955000615|
26955000640|
26955000641|
26955000642|
26955000643|
26955000644|
26955000645|
26955000646|
26955000647|
26955000672|
26955000673|
26955000674|
26955000675|
26955000676|
26955000677|
26955000678|
26955000679|
