26920800225|
26920800226|
26920800227|
26920800228|
26920800229|
26920800230|
26920800231|
26920800256|
26920800257|
26920800258|
26920800259|
26920800260|
26920800261|
26920800262|
26920800263|
26920800288|
26920800289|
26920800290|
26920800291|
26920800292|
26920800293|
26920800294|
26920800295|
26920800320|
26920800321|
26920800322|
26920800323|
26920800324|
26920800325|
26920800326|
26920800327|
26920800352|
26920800353|
26920800354|
26920800355|
26920800356|
26920800357|
26920800358|
26920800359|
26920800384|
26920800385|
26920800386|
26920800387|
26920800388|
26920800389|
26920800390|
26920800391|
26920800416|
26920800417|
26920800418|
26920800419|
26920800420|
26920800421|
26920800422|
26920800423|
26920800448|
26920800449|
26920800450|
26920800451|
26920800452|
26920800453|
26920800454|
26920800455|
26920800480|
26920800481|
26920800482|
26920800483|
26920800484|
26920800485|
26920800486|
26920800487|
26920800512|
26920800513|
26920800514|
26920800515|
26920800516|
26920800517|
26920800518|
26920800519|
26920800544|
26920800545|
26920800546|
26920800547|
26920800548|
26920800549|
26920800550|
26920800551|
26920800576|
26920800577|
26920800578|
26920800579|
26920800580|
26920800581|
26920800582|
26920800583|
26920800608|
26920800609|
26920800610|
26920800611|
26920800612|
