39600071|
39600096|
39600097|
39600098|
39600099|
39600100|
39600101|
39600102|
39600103|
39600128|
39600129|
39600130|
39600131|
39600132|
39600133|
39600134|
39600135|
39600160|
39600161|
39600162|
39600163|
39600164|
39600165|
39600166|
39600167|
39600192|
39600193|
39600194|
39600195|
39600196|
39600197|
39600198|
39600199|
39600224|
39600225|
39600226|
39600227|
39600228|
39600229|
39600230|
39600231|
39600256|
39600257|
39600258|
39600259|
39600260|
39600261|
39600262|
39600263|
39600288|
39600289|
39600290|
39600291|
39600292|
39600293|
39600294|
39600295|
39600320|
39600321|
39600322|
39600323|
39600324|
39600325|
39600326|
39600327|
39600352|
39600353|
39600354|
39600355|
39600356|
39600357|
39600358|
39600359|
39600384|
39600385|
39600386|
39600387|
39600388|
39600389|
39600390|
39600391|
39600416|
39600417|
39600418|
39600419|
39600420|
39600421|
39600422|
39600423|
39600448|
39600449|
39600450|
39600451|
39600452|
39600453|
39600454|
39600455|
39600480|
39600481|
39600482|
