176400387|
176400388|
176400389|
176400390|
176400391|
176400416|
176400417|
176400418|
176400419|
176400420|
176400421|
176400422|
176400423|
176400448|
176400449|
176400450|
176400451|
176400452|
176400453|
176400454|
176400455|
176400480|
176400481|
176400482|
176400483|
176400484|
176400485|
176400486|
176400487|
176400512|
176400513|
176400514|
176400515|
176400516|
176400517|
176400518|
176400519|
176400544|
176400545|
176400546|
176400547|
176400548|
176400549|
176400550|
176400551|
176400576|
176400577|
176400578|
176400579|
176400580|
176400581|
176400582|
176400583|
176400608|
176400609|
176400610|
176400611|
176400612|
176400613|
176400614|
176400615|
176400640|
176400641|
176400642|
176400643|
176400644|
176400645|
176400646|
176400647|
176400672|
176400673|
176400674|
176400675|
176400676|
176400677|
176400678|
176400679|
176400704|
176400705|
176400706|
176400707|
176400708|
176400709|
176400710|
176400711|
176400736|
176400737|
176400738|
176400739|
176400740|
176400741|
176400742|
176400743|
176400768|
176400769|
176400770|
176400771|
176400772|
176400773|
176400774|
