26892000161|
26892000162|
26892000163|
26892000164|
26892000165|
26892000166|
26892000167|
26892000192|
26892000193|
26892000194|
26892000195|
26892000196|
26892000197|
26892000198|
26892000199|
26892000224|
26892000225|
26892000226|
26892000227|
26892000228|
26892000229|
26892000230|
26892000231|
26892000256|
26892000257|
26892000258|
26892000259|
26892000260|
26892000261|
26892000262|
26892000263|
26892000288|
26892000289|
26892000290|
26892000291|
26892000292|
26892000293|
26892000294|
26892000295|
26892000320|
26892000321|
26892000322|
26892000323|
26892000324|
26892000325|
26892000326|
26892000327|
26892000352|
26892000353|
26892000354|
26892000355|
26892000356|
26892000357|
26892000358|
26892000359|
26892000384|
26892000385|
26892000386|
26892000387|
26892000388|
26892000389|
26892000390|
26892000391|
26892000416|
26892000417|
26892000418|
26892000419|
26892000420|
26892000421|
26892000422|
26892000423|
26892000448|
26892000449|
26892000450|
26892000451|
26892000452|
26892000453|
26892000454|
26892000455|
26892000480|
26892000481|
26892000482|
26892000483|
26892000484|
26892000485|
26892000486|
26892000487|
26892000512|
26892000513|
26892000514|
26892000515|
26892000516|
26892000517|
26892000518|
26892000519|
26892000544|
26892000545|
26892000546|
26892000547|
26892000548|
