13402800167|
13402800192|
13402800193|
13402800194|
13402800195|
13402800196|
13402800197|
13402800198|
13402800199|
13402800224|
13402800225|
13402800226|
13402800227|
13402800228|
13402800229|
13402800230|
13402800231|
13402800256|
13402800257|
13402800258|
13402800259|
13402800260|
13402800261|
13402800262|
13402800263|
13402800288|
13402800289|
13402800290|
13402800291|
13402800292|
13402800293|
13402800294|
13402800295|
13402800320|
13402800321|
13402800322|
13402800323|
13402800324|
13402800325|
13402800326|
13402800327|
13402800352|
13402800353|
13402800354|
13402800355|
13402800356|
13402800357|
13402800358|
13402800359|
13402800384|
13402800385|
13402800386|
13402800387|
13402800388|
13402800389|
13402800390|
13402800391|
13402800416|
13402800417|
13402800418|
13402800419|
13402800420|
13402800421|
13402800422|
13402800423|
13402800448|
13402800449|
13402800450|
13402800451|
13402800452|
13402800453|
13402800454|
13402800455|
13402800480|
13402800481|
13402800482|
13402800483|
13402800484|
13402800485|
13402800486|
13402800487|
13402800512|
13402800513|
13402800514|
13402800515|
13402800516|
13402800517|
13402800518|
13402800519|
13402800544|
13402800545|
13402800546|
13402800547|
13402800548|
13402800549|
13402800550|
13402800551|
13402800576|
13402800577|
13402800578|
