26947800288|
26947800289|
26947800290|
26947800291|
26947800292|
26947800293|
26947800294|
26947800295|
26947800320|
26947800321|
26947800322|
26947800323|
26947800324|
26947800325|
26947800326|
26947800327|
26947800352|
26947800353|
26947800354|
26947800355|
26947800356|
26947800357|
26947800358|
26947800359|
26947800384|
26947800385|
26947800386|
26947800387|
26947800388|
26947800389|
26947800390|
26947800391|
26947800416|
26947800417|
26947800418|
26947800419|
26947800420|
26947800421|
26947800422|
26947800423|
26947800448|
26947800449|
26947800450|
26947800451|
26947800452|
26947800453|
26947800454|
26947800455|
26947800480|
26947800481|
26947800482|
26947800483|
26947800484|
26947800485|
26947800486|
26947800487|
26947800512|
26947800513|
26947800514|
26947800515|
26947800516|
26947800517|
26947800518|
26947800519|
26947800544|
26947800545|
26947800546|
26947800547|
26947800548|
26947800549|
26947800550|
26947800551|
26947800576|
26947800577|
26947800578|
26947800579|
26947800580|
26947800581|
26947800582|
26947800583|
26947800608|
26947800609|
26947800610|
26947800611|
26947800612|
26947800613|
26947800614|
26947800615|
26947800640|
26947800641|
26947800642|
26947800643|
26947800644|
26947800645|
26947800646|
26947800647|
26947800672|
26947800673|
26947800674|
26947800675|
