26944200262|
26944200263|
26944200288|
26944200289|
26944200290|
26944200291|
26944200292|
26944200293|
26944200294|
26944200295|
26944200320|
26944200321|
26944200322|
26944200323|
26944200324|
26944200325|
26944200326|
26944200327|
26944200352|
26944200353|
26944200354|
26944200355|
26944200356|
26944200357|
26944200358|
26944200359|
26944200384|
26944200385|
26944200386|
26944200387|
26944200388|
26944200389|
26944200390|
26944200391|
26944200416|
26944200417|
26944200418|
26944200419|
26944200420|
26944200421|
26944200422|
26944200423|
26944200448|
26944200449|
26944200450|
26944200451|
26944200452|
26944200453|
26944200454|
26944200455|
26944200480|
26944200481|
26944200482|
26944200483|
26944200484|
26944200485|
26944200486|
26944200487|
26944200512|
26944200513|
26944200514|
26944200515|
26944200516|
26944200517|
26944200518|
26944200519|
26944200544|
26944200545|
26944200546|
26944200547|
26944200548|
26944200549|
26944200550|
26944200551|
26944200576|
26944200577|
26944200578|
26944200579|
26944200580|
26944200581|
26944200582|
26944200583|
26944200608|
26944200609|
26944200610|
26944200611|
26944200612|
26944200613|
26944200614|
26944200615|
26944200640|
26944200641|
26944200642|
26944200643|
26944200644|
26944200645|
26944200646|
26944200647|
26944200672|
26944200673|
