26949600289|
26949600290|
26949600291|
26949600292|
26949600293|
26949600294|
26949600295|
26949600320|
26949600321|
26949600322|
26949600323|
26949600324|
26949600325|
26949600326|
26949600327|
26949600352|
26949600353|
26949600354|
26949600355|
26949600356|
26949600357|
26949600358|
26949600359|
26949600384|
26949600385|
26949600386|
26949600387|
26949600388|
26949600389|
26949600390|
26949600391|
26949600416|
26949600417|
26949600418|
26949600419|
26949600420|
26949600421|
26949600422|
26949600423|
26949600448|
26949600449|
26949600450|
26949600451|
26949600452|
26949600453|
26949600454|
26949600455|
26949600480|
26949600481|
26949600482|
26949600483|
26949600484|
26949600485|
26949600486|
26949600487|
26949600512|
26949600513|
26949600514|
26949600515|
26949600516|
26949600517|
26949600518|
26949600519|
26949600544|
26949600545|
26949600546|
26949600547|
26949600548|
26949600549|
26949600550|
26949600551|
26949600576|
26949600577|
26949600578|
26949600579|
26949600580|
26949600581|
26949600582|
26949600583|
26949600608|
26949600609|
26949600610|
26949600611|
26949600612|
26949600613|
26949600614|
26949600615|
26949600640|
26949600641|
26949600642|
26949600643|
26949600644|
26949600645|
26949600646|
26949600647|
26949600672|
26949600673|
26949600674|
26949600675|
26949600676|
