13446000263|
13446000288|
13446000289|
13446000290|
13446000291|
13446000292|
13446000293|
13446000294|
13446000295|
13446000320|
13446000321|
13446000322|
13446000323|
13446000324|
13446000325|
13446000326|
13446000327|
13446000352|
13446000353|
13446000354|
13446000355|
13446000356|
13446000357|
13446000358|
13446000359|
13446000384|
13446000385|
13446000386|
13446000387|
13446000388|
13446000389|
13446000390|
13446000391|
13446000416|
13446000417|
13446000418|
13446000419|
13446000420|
13446000421|
13446000422|
13446000423|
13446000448|
13446000449|
13446000450|
13446000451|
13446000452|
13446000453|
13446000454|
13446000455|
13446000480|
13446000481|
13446000482|
13446000483|
13446000484|
13446000485|
13446000486|
13446000487|
13446000512|
13446000513|
13446000514|
13446000515|
13446000516|
13446000517|
13446000518|
13446000519|
13446000544|
13446000545|
13446000546|
13446000547|
13446000548|
13446000549|
13446000550|
13446000551|
13446000576|
13446000577|
13446000578|
13446000579|
13446000580|
13446000581|
13446000582|
13446000583|
13446000608|
13446000609|
13446000610|
13446000611|
13446000612|
13446000613|
13446000614|
13446000615|
13446000640|
13446000641|
13446000642|
13446000643|
13446000644|
13446000645|
13446000646|
13446000647|
13446000672|
13446000673|
13446000674|
