26901000166|
26901000167|
26901000192|
26901000193|
26901000194|
26901000195|
26901000196|
26901000197|
26901000198|
26901000199|
26901000224|
26901000225|
26901000226|
26901000227|
26901000228|
26901000229|
26901000230|
26901000231|
26901000256|
26901000257|
26901000258|
26901000259|
26901000260|
26901000261|
26901000262|
26901000263|
26901000288|
26901000289|
26901000290|
26901000291|
26901000292|
26901000293|
26901000294|
26901000295|
26901000320|
26901000321|
26901000322|
26901000323|
26901000324|
26901000325|
26901000326|
26901000327|
26901000352|
26901000353|
26901000354|
26901000355|
26901000356|
26901000357|
26901000358|
26901000359|
26901000384|
26901000385|
26901000386|
26901000387|
26901000388|
26901000389|
26901000390|
26901000391|
26901000416|
26901000417|
26901000418|
26901000419|
26901000420|
26901000421|
26901000422|
26901000423|
26901000448|
26901000449|
26901000450|
26901000451|
26901000452|
26901000453|
26901000454|
26901000455|
26901000480|
26901000481|
26901000482|
26901000483|
26901000484|
26901000485|
26901000486|
26901000487|
26901000512|
26901000513|
26901000514|
26901000515|
26901000516|
26901000517|
26901000518|
26901000519|
26901000544|
26901000545|
26901000546|
26901000547|
26901000548|
26901000549|
26901000550|
26901000551|
26901000576|
26901000577|
