26859600071|
26859600096|
26859600097|
26859600098|
26859600099|
26859600100|
26859600101|
26859600102|
26859600103|
26859600128|
26859600129|
26859600130|
26859600131|
26859600132|
26859600133|
26859600134|
26859600135|
26859600160|
26859600161|
26859600162|
26859600163|
26859600164|
26859600165|
26859600166|
26859600167|
26859600192|
26859600193|
26859600194|
26859600195|
26859600196|
26859600197|
26859600198|
26859600199|
26859600224|
26859600225|
26859600226|
26859600227|
26859600228|
26859600229|
26859600230|
26859600231|
26859600256|
26859600257|
26859600258|
26859600259|
26859600260|
26859600261|
26859600262|
26859600263|
26859600288|
26859600289|
26859600290|
26859600291|
26859600292|
26859600293|
26859600294|
26859600295|
26859600320|
26859600321|
26859600322|
26859600323|
26859600324|
26859600325|
26859600326|
26859600327|
26859600352|
26859600353|
26859600354|
26859600355|
26859600356|
26859600357|
26859600358|
26859600359|
26859600384|
26859600385|
26859600386|
26859600387|
26859600388|
26859600389|
26859600390|
26859600391|
26859600416|
26859600417|
26859600418|
26859600419|
26859600420|
26859600421|
26859600422|
26859600423|
26859600448|
26859600449|
26859600450|
26859600451|
26859600452|
26859600453|
26859600454|
26859600455|
26859600480|
26859600481|
26859600482|
