171000384|
171000385|
171000386|
171000387|
171000388|
171000389|
171000390|
171000391|
171000416|
171000417|
171000418|
171000419|
171000420|
171000421|
171000422|
171000423|
171000448|
171000449|
171000450|
171000451|
171000452|
171000453|
171000454|
171000455|
171000480|
171000481|
171000482|
171000483|
171000484|
171000485|
171000486|
171000487|
171000512|
171000513|
171000514|
171000515|
171000516|
171000517|
171000518|
171000519|
171000544|
171000545|
171000546|
171000547|
171000548|
171000549|
171000550|
171000551|
171000576|
171000577|
171000578|
171000579|
171000580|
171000581|
171000582|
171000583|
171000608|
171000609|
171000610|
171000611|
171000612|
171000613|
171000614|
171000615|
171000640|
171000641|
171000642|
171000643|
171000644|
171000645|
171000646|
171000647|
171000672|
171000673|
171000674|
171000675|
171000676|
171000677|
171000678|
171000679|
171000704|
171000705|
171000706|
171000707|
171000708|
171000709|
171000710|
171000711|
171000736|
171000737|
171000738|
171000739|
171000740|
171000741|
171000742|
171000743|
171000768|
171000769|
171000770|
171000771|
