145800322|
145800323|
145800324|
145800325|
145800326|
145800327|
145800352|
145800353|
145800354|
145800355|
145800356|
145800357|
145800358|
145800359|
145800384|
145800385|
145800386|
145800387|
145800388|
145800389|
145800390|
145800391|
145800416|
145800417|
145800418|
145800419|
145800420|
145800421|
145800422|
145800423|
145800448|
145800449|
145800450|
145800451|
145800452|
145800453|
145800454|
145800455|
145800480|
145800481|
145800482|
145800483|
145800484|
145800485|
145800486|
145800487|
145800512|
145800513|
145800514|
145800515|
145800516|
145800517|
145800518|
145800519|
145800544|
145800545|
145800546|
145800547|
145800548|
145800549|
145800550|
145800551|
145800576|
145800577|
145800578|
145800579|
145800580|
145800581|
145800582|
145800583|
145800608|
145800609|
145800610|
145800611|
145800612|
145800613|
145800614|
145800615|
145800640|
145800641|
145800642|
145800643|
145800644|
145800645|
145800646|
145800647|
145800672|
145800673|
145800674|
145800675|
145800676|
145800677|
145800678|
145800679|
145800704|
145800705|
145800706|
145800707|
145800708|
145800709|
