26935200257|
26935200258|
26935200259|
26935200260|
26935200261|
26935200262|
26935200263|
26935200288|
26935200289|
26935200290|
26935200291|
26935200292|
26935200293|
26935200294|
26935200295|
26935200320|
26935200321|
26935200322|
26935200323|
26935200324|
26935200325|
26935200326|
26935200327|
26935200352|
26935200353|
26935200354|
26935200355|
26935200356|
26935200357|
26935200358|
26935200359|
26935200384|
26935200385|
26935200386|
26935200387|
26935200388|
26935200389|
26935200390|
26935200391|
26935200416|
26935200417|
26935200418|
26935200419|
26935200420|
26935200421|
26935200422|
26935200423|
26935200448|
26935200449|
26935200450|
26935200451|
26935200452|
26935200453|
26935200454|
26935200455|
26935200480|
26935200481|
26935200482|
26935200483|
26935200484|
26935200485|
26935200486|
26935200487|
26935200512|
26935200513|
26935200514|
26935200515|
26935200516|
26935200517|
26935200518|
26935200519|
26935200544|
26935200545|
26935200546|
26935200547|
26935200548|
26935200549|
26935200550|
26935200551|
26935200576|
26935200577|
26935200578|
26935200579|
26935200580|
26935200581|
26935200582|
26935200583|
26935200608|
26935200609|
26935200610|
26935200611|
26935200612|
26935200613|
26935200614|
26935200615|
26935200640|
26935200641|
26935200642|
26935200643|
26935200644|
