26890200160|
26890200161|
26890200162|
26890200163|
26890200164|
26890200165|
26890200166|
26890200167|
26890200192|
26890200193|
26890200194|
26890200195|
26890200196|
26890200197|
26890200198|
26890200199|
26890200224|
26890200225|
26890200226|
26890200227|
26890200228|
26890200229|
26890200230|
26890200231|
26890200256|
26890200257|
26890200258|
26890200259|
26890200260|
26890200261|
26890200262|
26890200263|
26890200288|
26890200289|
26890200290|
26890200291|
26890200292|
26890200293|
26890200294|
26890200295|
26890200320|
26890200321|
26890200322|
26890200323|
26890200324|
26890200325|
26890200326|
26890200327|
26890200352|
26890200353|
26890200354|
26890200355|
26890200356|
26890200357|
26890200358|
26890200359|
26890200384|
26890200385|
26890200386|
26890200387|
26890200388|
26890200389|
26890200390|
26890200391|
26890200416|
26890200417|
26890200418|
26890200419|
26890200420|
26890200421|
26890200422|
26890200423|
26890200448|
26890200449|
26890200450|
26890200451|
26890200452|
26890200453|
26890200454|
26890200455|
26890200480|
26890200481|
26890200482|
26890200483|
26890200484|
26890200485|
26890200486|
26890200487|
26890200512|
26890200513|
26890200514|
26890200515|
26890200516|
26890200517|
26890200518|
26890200519|
26890200544|
26890200545|
26890200546|
26890200547|
