13359600071|
13359600096|
13359600097|
13359600098|
13359600099|
13359600100|
13359600101|
13359600102|
13359600103|
13359600128|
13359600129|
13359600130|
13359600131|
13359600132|
13359600133|
13359600134|
13359600135|
13359600160|
13359600161|
13359600162|
13359600163|
13359600164|
13359600165|
13359600166|
13359600167|
13359600192|
13359600193|
13359600194|
13359600195|
13359600196|
13359600197|
13359600198|
13359600199|
13359600224|
13359600225|
13359600226|
13359600227|
13359600228|
13359600229|
13359600230|
13359600231|
13359600256|
13359600257|
13359600258|
13359600259|
13359600260|
13359600261|
13359600262|
13359600263|
13359600288|
13359600289|
13359600290|
13359600291|
13359600292|
13359600293|
13359600294|
13359600295|
13359600320|
13359600321|
13359600322|
13359600323|
13359600324|
13359600325|
13359600326|
13359600327|
13359600352|
13359600353|
13359600354|
13359600355|
13359600356|
13359600357|
13359600358|
13359600359|
13359600384|
13359600385|
13359600386|
13359600387|
13359600388|
13359600389|
13359600390|
13359600391|
13359600416|
13359600417|
13359600418|
13359600419|
13359600420|
13359600421|
13359600422|
13359600423|
13359600448|
13359600449|
13359600450|
13359600451|
13359600452|
13359600453|
13359600454|
13359600455|
13359600480|
13359600481|
13359600482|
