79200165|
79200166|
79200167|
79200192|
79200193|
79200194|
79200195|
79200196|
79200197|
79200198|
79200199|
79200224|
79200225|
79200226|
79200227|
79200228|
79200229|
79200230|
79200231|
79200256|
79200257|
79200258|
79200259|
79200260|
79200261|
79200262|
79200263|
79200288|
79200289|
79200290|
79200291|
79200292|
79200293|
79200294|
79200295|
79200320|
79200321|
79200322|
79200323|
79200324|
79200325|
79200326|
79200327|
79200352|
79200353|
79200354|
79200355|
79200356|
79200357|
79200358|
79200359|
79200384|
79200385|
79200386|
79200387|
79200388|
79200389|
79200390|
79200391|
79200416|
79200417|
79200418|
79200419|
79200420|
79200421|
79200422|
79200423|
79200448|
79200449|
79200450|
79200451|
79200452|
79200453|
79200454|
79200455|
79200480|
79200481|
79200482|
79200483|
79200484|
79200485|
79200486|
79200487|
79200512|
79200513|
79200514|
79200515|
79200516|
79200517|
79200518|
79200519|
79200544|
79200545|
79200546|
79200547|
79200548|
79200549|
79200550|
79200551|
79200576|
