26976600352|
26976600353|
26976600354|
26976600355|
26976600356|
26976600357|
26976600358|
26976600359|
26976600384|
26976600385|
26976600386|
26976600387|
26976600388|
26976600389|
26976600390|
26976600391|
26976600416|
26976600417|
26976600418|
26976600419|
26976600420|
26976600421|
26976600422|
26976600423|
26976600448|
26976600449|
26976600450|
26976600451|
26976600452|
26976600453|
26976600454|
26976600455|
26976600480|
26976600481|
26976600482|
26976600483|
26976600484|
26976600485|
26976600486|
26976600487|
26976600512|
26976600513|
26976600514|
26976600515|
26976600516|
26976600517|
26976600518|
26976600519|
26976600544|
26976600545|
26976600546|
26976600547|
26976600548|
26976600549|
26976600550|
26976600551|
26976600576|
26976600577|
26976600578|
26976600579|
26976600580|
26976600581|
26976600582|
26976600583|
26976600608|
26976600609|
26976600610|
26976600611|
26976600612|
26976600613|
26976600614|
26976600615|
26976600640|
26976600641|
26976600642|
26976600643|
26976600644|
26976600645|
26976600646|
26976600647|
26976600672|
26976600673|
26976600674|
26976600675|
26976600676|
26976600677|
26976600678|
26976600679|
26976600704|
26976600705|
26976600706|
26976600707|
26976600708|
26976600709|
26976600710|
26976600711|
26976600736|
26976600737|
26976600738|
26976600739|
