26899200165|
26899200166|
26899200167|
26899200192|
26899200193|
26899200194|
26899200195|
26899200196|
26899200197|
26899200198|
26899200199|
26899200224|
26899200225|
26899200226|
26899200227|
26899200228|
26899200229|
26899200230|
26899200231|
26899200256|
26899200257|
26899200258|
26899200259|
26899200260|
26899200261|
26899200262|
26899200263|
26899200288|
26899200289|
26899200290|
26899200291|
26899200292|
26899200293|
26899200294|
26899200295|
26899200320|
26899200321|
26899200322|
26899200323|
26899200324|
26899200325|
26899200326|
26899200327|
26899200352|
26899200353|
26899200354|
26899200355|
26899200356|
26899200357|
26899200358|
26899200359|
26899200384|
26899200385|
26899200386|
26899200387|
26899200388|
26899200389|
26899200390|
26899200391|
26899200416|
26899200417|
26899200418|
26899200419|
26899200420|
26899200421|
26899200422|
26899200423|
26899200448|
26899200449|
26899200450|
26899200451|
26899200452|
26899200453|
26899200454|
26899200455|
26899200480|
26899200481|
26899200482|
26899200483|
26899200484|
26899200485|
26899200486|
26899200487|
26899200512|
26899200513|
26899200514|
26899200515|
26899200516|
26899200517|
26899200518|
26899200519|
26899200544|
26899200545|
26899200546|
26899200547|
26899200548|
26899200549|
26899200550|
26899200551|
26899200576|
