100800225|
100800226|
100800227|
100800228|
100800229|
100800230|
100800231|
100800256|
100800257|
100800258|
100800259|
100800260|
100800261|
100800262|
100800263|
100800288|
100800289|
100800290|
100800291|
100800292|
100800293|
100800294|
100800295|
100800320|
100800321|
100800322|
100800323|
100800324|
100800325|
100800326|
100800327|
100800352|
100800353|
100800354|
100800355|
100800356|
100800357|
100800358|
100800359|
100800384|
100800385|
100800386|
100800387|
100800388|
100800389|
100800390|
100800391|
100800416|
100800417|
100800418|
100800419|
100800420|
100800421|
100800422|
100800423|
100800448|
100800449|
100800450|
100800451|
100800452|
100800453|
100800454|
100800455|
100800480|
100800481|
100800482|
100800483|
100800484|
100800485|
100800486|
100800487|
100800512|
100800513|
100800514|
100800515|
100800516|
100800517|
100800518|
100800519|
100800544|
100800545|
100800546|
100800547|
100800548|
100800549|
100800550|
100800551|
100800576|
100800577|
100800578|
100800579|
100800580|
100800581|
100800582|
100800583|
100800608|
100800609|
100800610|
100800611|
100800612|
