26956800293|
26956800294|
26956800295|
26956800320|
26956800321|
26956800322|
26956800323|
26956800324|
26956800325|
26956800326|
26956800327|
26956800352|
26956800353|
26956800354|
26956800355|
26956800356|
26956800357|
26956800358|
26956800359|
26956800384|
26956800385|
26956800386|
26956800387|
26956800388|
26956800389|
26956800390|
26956800391|
26956800416|
26956800417|
26956800418|
26956800419|
26956800420|
26956800421|
26956800422|
26956800423|
26956800448|
26956800449|
26956800450|
26956800451|
26956800452|
26956800453|
26956800454|
26956800455|
26956800480|
26956800481|
26956800482|
26956800483|
26956800484|
26956800485|
26956800486|
26956800487|
26956800512|
26956800513|
26956800514|
26956800515|
26956800516|
26956800517|
26956800518|
26956800519|
26956800544|
26956800545|
26956800546|
26956800547|
26956800548|
26956800549|
26956800550|
26956800551|
26956800576|
26956800577|
26956800578|
26956800579|
26956800580|
26956800581|
26956800582|
26956800583|
26956800608|
26956800609|
26956800610|
26956800611|
26956800612|
26956800613|
26956800614|
26956800615|
26956800640|
26956800641|
26956800642|
26956800643|
26956800644|
26956800645|
26956800646|
26956800647|
26956800672|
26956800673|
26956800674|
26956800675|
26956800676|
26956800677|
26956800678|
26956800679|
26956800704|
