13485600357|
13485600358|
13485600359|
13485600384|
13485600385|
13485600386|
13485600387|
13485600388|
13485600389|
13485600390|
13485600391|
13485600416|
13485600417|
13485600418|
13485600419|
13485600420|
13485600421|
13485600422|
13485600423|
13485600448|
13485600449|
13485600450|
13485600451|
13485600452|
13485600453|
13485600454|
13485600455|
13485600480|
13485600481|
13485600482|
13485600483|
13485600484|
13485600485|
13485600486|
13485600487|
13485600512|
13485600513|
13485600514|
13485600515|
13485600516|
13485600517|
13485600518|
13485600519|
13485600544|
13485600545|
13485600546|
13485600547|
13485600548|
13485600549|
13485600550|
13485600551|
13485600576|
13485600577|
13485600578|
13485600579|
13485600580|
13485600581|
13485600582|
13485600583|
13485600608|
13485600609|
13485600610|
13485600611|
13485600612|
13485600613|
13485600614|
13485600615|
13485600640|
13485600641|
13485600642|
13485600643|
13485600644|
13485600645|
13485600646|
13485600647|
13485600672|
13485600673|
13485600674|
13485600675|
13485600676|
13485600677|
13485600678|
13485600679|
13485600704|
13485600705|
13485600706|
13485600707|
13485600708|
13485600709|
13485600710|
13485600711|
13485600736|
13485600737|
13485600738|
13485600739|
13485600740|
13485600741|
13485600742|
13485600743|
13485600768|
