26980200354|
26980200355|
26980200356|
26980200357|
26980200358|
26980200359|
26980200384|
26980200385|
26980200386|
26980200387|
26980200388|
26980200389|
26980200390|
26980200391|
26980200416|
26980200417|
26980200418|
26980200419|
26980200420|
26980200421|
26980200422|
26980200423|
26980200448|
26980200449|
26980200450|
26980200451|
26980200452|
26980200453|
26980200454|
26980200455|
26980200480|
26980200481|
26980200482|
26980200483|
26980200484|
26980200485|
26980200486|
26980200487|
26980200512|
26980200513|
26980200514|
26980200515|
26980200516|
26980200517|
26980200518|
26980200519|
26980200544|
26980200545|
26980200546|
26980200547|
26980200548|
26980200549|
26980200550|
26980200551|
26980200576|
26980200577|
26980200578|
26980200579|
26980200580|
26980200581|
26980200582|
26980200583|
26980200608|
26980200609|
26980200610|
26980200611|
26980200612|
26980200613|
26980200614|
26980200615|
26980200640|
26980200641|
26980200642|
26980200643|
26980200644|
26980200645|
26980200646|
26980200647|
26980200672|
26980200673|
26980200674|
26980200675|
26980200676|
26980200677|
26980200678|
26980200679|
26980200704|
26980200705|
26980200706|
26980200707|
26980200708|
26980200709|
26980200710|
26980200711|
26980200736|
26980200737|
26980200738|
26980200739|
26980200740|
26980200741|
