13347000064|
13347000065|
13347000066|
13347000067|
13347000068|
13347000069|
13347000070|
13347000071|
13347000096|
13347000097|
13347000098|
13347000099|
13347000100|
13347000101|
13347000102|
13347000103|
13347000128|
13347000129|
13347000130|
13347000131|
13347000132|
13347000133|
13347000134|
13347000135|
13347000160|
13347000161|
13347000162|
13347000163|
13347000164|
13347000165|
13347000166|
13347000167|
13347000192|
13347000193|
13347000194|
13347000195|
13347000196|
13347000197|
13347000198|
13347000199|
13347000224|
13347000225|
13347000226|
13347000227|
13347000228|
13347000229|
13347000230|
13347000231|
13347000256|
13347000257|
13347000258|
13347000259|
13347000260|
13347000261|
13347000262|
13347000263|
13347000288|
13347000289|
13347000290|
13347000291|
13347000292|
13347000293|
13347000294|
13347000295|
13347000320|
13347000321|
13347000322|
13347000323|
13347000324|
13347000325|
13347000326|
13347000327|
13347000352|
13347000353|
13347000354|
13347000355|
13347000356|
13347000357|
13347000358|
13347000359|
13347000384|
13347000385|
13347000386|
13347000387|
13347000388|
13347000389|
13347000390|
13347000391|
13347000416|
13347000417|
13347000418|
13347000419|
13347000420|
13347000421|
13347000422|
13347000423|
13347000448|
13347000449|
13347000450|
13347000451|
