142200320|
142200321|
142200322|
142200323|
142200324|
142200325|
142200326|
142200327|
142200352|
142200353|
142200354|
142200355|
142200356|
142200357|
142200358|
142200359|
142200384|
142200385|
142200386|
142200387|
142200388|
142200389|
142200390|
142200391|
142200416|
142200417|
142200418|
142200419|
142200420|
142200421|
142200422|
142200423|
142200448|
142200449|
142200450|
142200451|
142200452|
142200453|
142200454|
142200455|
142200480|
142200481|
142200482|
142200483|
142200484|
142200485|
142200486|
142200487|
142200512|
142200513|
142200514|
142200515|
142200516|
142200517|
142200518|
142200519|
142200544|
142200545|
142200546|
142200547|
142200548|
142200549|
142200550|
142200551|
142200576|
142200577|
142200578|
142200579|
142200580|
142200581|
142200582|
142200583|
142200608|
142200609|
142200610|
142200611|
142200612|
142200613|
142200614|
142200615|
142200640|
142200641|
142200642|
142200643|
142200644|
142200645|
142200646|
142200647|
142200672|
142200673|
142200674|
142200675|
142200676|
142200677|
142200678|
142200679|
142200704|
142200705|
142200706|
142200707|
