113400256|
113400257|
113400258|
113400259|
113400260|
113400261|
113400262|
113400263|
113400288|
113400289|
113400290|
113400291|
113400292|
113400293|
113400294|
113400295|
113400320|
113400321|
113400322|
113400323|
113400324|
113400325|
113400326|
113400327|
113400352|
113400353|
113400354|
113400355|
113400356|
113400357|
113400358|
113400359|
113400384|
113400385|
113400386|
113400387|
113400388|
113400389|
113400390|
113400391|
113400416|
113400417|
113400418|
113400419|
113400420|
113400421|
113400422|
113400423|
113400448|
113400449|
113400450|
113400451|
113400452|
113400453|
113400454|
113400455|
113400480|
113400481|
113400482|
113400483|
113400484|
113400485|
113400486|
113400487|
113400512|
113400513|
113400514|
113400515|
113400516|
113400517|
113400518|
113400519|
113400544|
113400545|
113400546|
113400547|
113400548|
113400549|
113400550|
113400551|
113400576|
113400577|
113400578|
113400579|
113400580|
113400581|
113400582|
113400583|
113400608|
113400609|
113400610|
113400611|
113400612|
113400613|
113400614|
113400615|
113400640|
113400641|
113400642|
113400643|
