32400067|
32400068|
32400069|
32400070|
32400071|
32400096|
32400097|
32400098|
32400099|
32400100|
32400101|
32400102|
32400103|
32400128|
32400129|
32400130|
32400131|
32400132|
32400133|
32400134|
32400135|
32400160|
32400161|
32400162|
32400163|
32400164|
32400165|
32400166|
32400167|
32400192|
32400193|
32400194|
32400195|
32400196|
32400197|
32400198|
32400199|
32400224|
32400225|
32400226|
32400227|
32400228|
32400229|
32400230|
32400231|
32400256|
32400257|
32400258|
32400259|
32400260|
32400261|
32400262|
32400263|
32400288|
32400289|
32400290|
32400291|
32400292|
32400293|
32400294|
32400295|
32400320|
32400321|
32400322|
32400323|
32400324|
32400325|
32400326|
32400327|
32400352|
32400353|
32400354|
32400355|
32400356|
32400357|
32400358|
32400359|
32400384|
32400385|
32400386|
32400387|
32400388|
32400389|
32400390|
32400391|
32400416|
32400417|
32400418|
32400419|
32400420|
32400421|
32400422|
32400423|
32400448|
32400449|
32400450|
32400451|
32400452|
32400453|
32400454|
