13467600323|
13467600324|
13467600325|
13467600326|
13467600327|
13467600352|
13467600353|
13467600354|
13467600355|
13467600356|
13467600357|
13467600358|
13467600359|
13467600384|
13467600385|
13467600386|
13467600387|
13467600388|
13467600389|
13467600390|
13467600391|
13467600416|
13467600417|
13467600418|
13467600419|
13467600420|
13467600421|
13467600422|
13467600423|
13467600448|
13467600449|
13467600450|
13467600451|
13467600452|
13467600453|
13467600454|
13467600455|
13467600480|
13467600481|
13467600482|
13467600483|
13467600484|
13467600485|
13467600486|
13467600487|
13467600512|
13467600513|
13467600514|
13467600515|
13467600516|
13467600517|
13467600518|
13467600519|
13467600544|
13467600545|
13467600546|
13467600547|
13467600548|
13467600549|
13467600550|
13467600551|
13467600576|
13467600577|
13467600578|
13467600579|
13467600580|
13467600581|
13467600582|
13467600583|
13467600608|
13467600609|
13467600610|
13467600611|
13467600612|
13467600613|
13467600614|
13467600615|
13467600640|
13467600641|
13467600642|
13467600643|
13467600644|
13467600645|
13467600646|
13467600647|
13467600672|
13467600673|
13467600674|
13467600675|
13467600676|
13467600677|
13467600678|
13467600679|
13467600704|
13467600705|
13467600706|
13467600707|
13467600708|
13467600709|
13467600710|
