26917200199|
26917200224|
26917200225|
26917200226|
26917200227|
26917200228|
26917200229|
26917200230|
26917200231|
26917200256|
26917200257|
26917200258|
26917200259|
26917200260|
26917200261|
26917200262|
26917200263|
26917200288|
26917200289|
26917200290|
26917200291|
26917200292|
26917200293|
26917200294|
26917200295|
26917200320|
26917200321|
26917200322|
26917200323|
26917200324|
26917200325|
26917200326|
26917200327|
26917200352|
26917200353|
26917200354|
26917200355|
26917200356|
26917200357|
26917200358|
26917200359|
26917200384|
26917200385|
26917200386|
26917200387|
26917200388|
26917200389|
26917200390|
26917200391|
26917200416|
26917200417|
26917200418|
26917200419|
26917200420|
26917200421|
26917200422|
26917200423|
26917200448|
26917200449|
26917200450|
26917200451|
26917200452|
26917200453|
26917200454|
26917200455|
26917200480|
26917200481|
26917200482|
26917200483|
26917200484|
26917200485|
26917200486|
26917200487|
26917200512|
26917200513|
26917200514|
26917200515|
26917200516|
26917200517|
26917200518|
26917200519|
26917200544|
26917200545|
26917200546|
26917200547|
26917200548|
26917200549|
26917200550|
26917200551|
26917200576|
26917200577|
26917200578|
26917200579|
26917200580|
26917200581|
26917200582|
26917200583|
26917200608|
26917200609|
26917200610|
