13473000326|
13473000327|
13473000352|
13473000353|
13473000354|
13473000355|
13473000356|
13473000357|
13473000358|
13473000359|
13473000384|
13473000385|
13473000386|
13473000387|
13473000388|
13473000389|
13473000390|
13473000391|
13473000416|
13473000417|
13473000418|
13473000419|
13473000420|
13473000421|
13473000422|
13473000423|
13473000448|
13473000449|
13473000450|
13473000451|
13473000452|
13473000453|
13473000454|
13473000455|
13473000480|
13473000481|
13473000482|
13473000483|
13473000484|
13473000485|
13473000486|
13473000487|
13473000512|
13473000513|
13473000514|
13473000515|
13473000516|
13473000517|
13473000518|
13473000519|
13473000544|
13473000545|
13473000546|
13473000547|
13473000548|
13473000549|
13473000550|
13473000551|
13473000576|
13473000577|
13473000578|
13473000579|
13473000580|
13473000581|
13473000582|
13473000583|
13473000608|
13473000609|
13473000610|
13473000611|
13473000612|
13473000613|
13473000614|
13473000615|
13473000640|
13473000641|
13473000642|
13473000643|
13473000644|
13473000645|
13473000646|
13473000647|
13473000672|
13473000673|
13473000674|
13473000675|
13473000676|
13473000677|
13473000678|
13473000679|
13473000704|
13473000705|
13473000706|
13473000707|
13473000708|
13473000709|
13473000710|
13473000711|
13473000736|
13473000737|
