118800259|
118800260|
118800261|
118800262|
118800263|
118800288|
118800289|
118800290|
118800291|
118800292|
118800293|
118800294|
118800295|
118800320|
118800321|
118800322|
118800323|
118800324|
118800325|
118800326|
118800327|
118800352|
118800353|
118800354|
118800355|
118800356|
118800357|
118800358|
118800359|
118800384|
118800385|
118800386|
118800387|
118800388|
118800389|
118800390|
118800391|
118800416|
118800417|
118800418|
118800419|
118800420|
118800421|
118800422|
118800423|
118800448|
118800449|
118800450|
118800451|
118800452|
118800453|
118800454|
118800455|
118800480|
118800481|
118800482|
118800483|
118800484|
118800485|
118800486|
118800487|
118800512|
118800513|
118800514|
118800515|
118800516|
118800517|
118800518|
118800519|
118800544|
118800545|
118800546|
118800547|
118800548|
118800549|
118800550|
118800551|
118800576|
118800577|
118800578|
118800579|
118800580|
118800581|
118800582|
118800583|
118800608|
118800609|
118800610|
118800611|
118800612|
118800613|
118800614|
118800615|
118800640|
118800641|
118800642|
118800643|
118800644|
118800645|
118800646|
