13449600289|
13449600290|
13449600291|
13449600292|
13449600293|
13449600294|
13449600295|
13449600320|
13449600321|
13449600322|
13449600323|
13449600324|
13449600325|
13449600326|
13449600327|
13449600352|
13449600353|
13449600354|
13449600355|
13449600356|
13449600357|
13449600358|
13449600359|
13449600384|
13449600385|
13449600386|
13449600387|
13449600388|
13449600389|
13449600390|
13449600391|
13449600416|
13449600417|
13449600418|
13449600419|
13449600420|
13449600421|
13449600422|
13449600423|
13449600448|
13449600449|
13449600450|
13449600451|
13449600452|
13449600453|
13449600454|
13449600455|
13449600480|
13449600481|
13449600482|
13449600483|
13449600484|
13449600485|
13449600486|
13449600487|
13449600512|
13449600513|
13449600514|
13449600515|
13449600516|
13449600517|
13449600518|
13449600519|
13449600544|
13449600545|
13449600546|
13449600547|
13449600548|
13449600549|
13449600550|
13449600551|
13449600576|
13449600577|
13449600578|
13449600579|
13449600580|
13449600581|
13449600582|
13449600583|
13449600608|
13449600609|
13449600610|
13449600611|
13449600612|
13449600613|
13449600614|
13449600615|
13449600640|
13449600641|
13449600642|
13449600643|
13449600644|
13449600645|
13449600646|
13449600647|
13449600672|
13449600673|
13449600674|
13449600675|
13449600676|
