26974800327|
26974800352|
26974800353|
26974800354|
26974800355|
26974800356|
26974800357|
26974800358|
26974800359|
26974800384|
26974800385|
26974800386|
26974800387|
26974800388|
26974800389|
26974800390|
26974800391|
26974800416|
26974800417|
26974800418|
26974800419|
26974800420|
26974800421|
26974800422|
26974800423|
26974800448|
26974800449|
26974800450|
26974800451|
26974800452|
26974800453|
26974800454|
26974800455|
26974800480|
26974800481|
26974800482|
26974800483|
26974800484|
26974800485|
26974800486|
26974800487|
26974800512|
26974800513|
26974800514|
26974800515|
26974800516|
26974800517|
26974800518|
26974800519|
26974800544|
26974800545|
26974800546|
26974800547|
26974800548|
26974800549|
26974800550|
26974800551|
26974800576|
26974800577|
26974800578|
26974800579|
26974800580|
26974800581|
26974800582|
26974800583|
26974800608|
26974800609|
26974800610|
26974800611|
26974800612|
26974800613|
26974800614|
26974800615|
26974800640|
26974800641|
26974800642|
26974800643|
26974800644|
26974800645|
26974800646|
26974800647|
26974800672|
26974800673|
26974800674|
26974800675|
26974800676|
26974800677|
26974800678|
26974800679|
26974800704|
26974800705|
26974800706|
26974800707|
26974800708|
26974800709|
26974800710|
26974800711|
26974800736|
26974800737|
26974800738|
