126000263|
126000288|
126000289|
126000290|
126000291|
126000292|
126000293|
126000294|
126000295|
126000320|
126000321|
126000322|
126000323|
126000324|
126000325|
126000326|
126000327|
126000352|
126000353|
126000354|
126000355|
126000356|
126000357|
126000358|
126000359|
126000384|
126000385|
126000386|
126000387|
126000388|
126000389|
126000390|
126000391|
126000416|
126000417|
126000418|
126000419|
126000420|
126000421|
126000422|
126000423|
126000448|
126000449|
126000450|
126000451|
126000452|
126000453|
126000454|
126000455|
126000480|
126000481|
126000482|
126000483|
126000484|
126000485|
126000486|
126000487|
126000512|
126000513|
126000514|
126000515|
126000516|
126000517|
126000518|
126000519|
126000544|
126000545|
126000546|
126000547|
126000548|
126000549|
126000550|
126000551|
126000576|
126000577|
126000578|
126000579|
126000580|
126000581|
126000582|
126000583|
126000608|
126000609|
126000610|
126000611|
126000612|
126000613|
126000614|
126000615|
126000640|
126000641|
126000642|
126000643|
126000644|
126000645|
126000646|
126000647|
126000672|
126000673|
126000674|
