13370400101|
13370400102|
13370400103|
13370400128|
13370400129|
13370400130|
13370400131|
13370400132|
13370400133|
13370400134|
13370400135|
13370400160|
13370400161|
13370400162|
13370400163|
13370400164|
13370400165|
13370400166|
13370400167|
13370400192|
13370400193|
13370400194|
13370400195|
13370400196|
13370400197|
13370400198|
13370400199|
13370400224|
13370400225|
13370400226|
13370400227|
13370400228|
13370400229|
13370400230|
13370400231|
13370400256|
13370400257|
13370400258|
13370400259|
13370400260|
13370400261|
13370400262|
13370400263|
13370400288|
13370400289|
13370400290|
13370400291|
13370400292|
13370400293|
13370400294|
13370400295|
13370400320|
13370400321|
13370400322|
13370400323|
13370400324|
13370400325|
13370400326|
13370400327|
13370400352|
13370400353|
13370400354|
13370400355|
13370400356|
13370400357|
13370400358|
13370400359|
13370400384|
13370400385|
13370400386|
13370400387|
13370400388|
13370400389|
13370400390|
13370400391|
13370400416|
13370400417|
13370400418|
13370400419|
13370400420|
13370400421|
13370400422|
13370400423|
13370400448|
13370400449|
13370400450|
13370400451|
13370400452|
13370400453|
13370400454|
13370400455|
13370400480|
13370400481|
13370400482|
13370400483|
13370400484|
13370400485|
13370400486|
13370400487|
13370400512|
