26913600197|
26913600198|
26913600199|
26913600224|
26913600225|
26913600226|
26913600227|
26913600228|
26913600229|
26913600230|
26913600231|
26913600256|
26913600257|
26913600258|
26913600259|
26913600260|
26913600261|
26913600262|
26913600263|
26913600288|
26913600289|
26913600290|
26913600291|
26913600292|
26913600293|
26913600294|
26913600295|
26913600320|
26913600321|
26913600322|
26913600323|
26913600324|
26913600325|
26913600326|
26913600327|
26913600352|
26913600353|
26913600354|
26913600355|
26913600356|
26913600357|
26913600358|
26913600359|
26913600384|
26913600385|
26913600386|
26913600387|
26913600388|
26913600389|
26913600390|
26913600391|
26913600416|
26913600417|
26913600418|
26913600419|
26913600420|
26913600421|
26913600422|
26913600423|
26913600448|
26913600449|
26913600450|
26913600451|
26913600452|
26913600453|
26913600454|
26913600455|
26913600480|
26913600481|
26913600482|
26913600483|
26913600484|
26913600485|
26913600486|
26913600487|
26913600512|
26913600513|
26913600514|
26913600515|
26913600516|
26913600517|
26913600518|
26913600519|
26913600544|
26913600545|
26913600546|
26913600547|
26913600548|
26913600549|
26913600550|
26913600551|
26913600576|
26913600577|
26913600578|
26913600579|
26913600580|
26913600581|
26913600582|
26913600583|
26913600608|
