26856000069|
26856000070|
26856000071|
26856000096|
26856000097|
26856000098|
26856000099|
26856000100|
26856000101|
26856000102|
26856000103|
26856000128|
26856000129|
26856000130|
26856000131|
26856000132|
26856000133|
26856000134|
26856000135|
26856000160|
26856000161|
26856000162|
26856000163|
26856000164|
26856000165|
26856000166|
26856000167|
26856000192|
26856000193|
26856000194|
26856000195|
26856000196|
26856000197|
26856000198|
26856000199|
26856000224|
26856000225|
26856000226|
26856000227|
26856000228|
26856000229|
26856000230|
26856000231|
26856000256|
26856000257|
26856000258|
26856000259|
26856000260|
26856000261|
26856000262|
26856000263|
26856000288|
26856000289|
26856000290|
26856000291|
26856000292|
26856000293|
26856000294|
26856000295|
26856000320|
26856000321|
26856000322|
26856000323|
26856000324|
26856000325|
26856000326|
26856000327|
26856000352|
26856000353|
26856000354|
26856000355|
26856000356|
26856000357|
26856000358|
26856000359|
26856000384|
26856000385|
26856000386|
26856000387|
26856000388|
26856000389|
26856000390|
26856000391|
26856000416|
26856000417|
26856000418|
26856000419|
26856000420|
26856000421|
26856000422|
26856000423|
26856000448|
26856000449|
26856000450|
26856000451|
26856000452|
26856000453|
26856000454|
26856000455|
26856000480|
