84600192|
84600193|
84600194|
84600195|
84600196|
84600197|
84600198|
84600199|
84600224|
84600225|
84600226|
84600227|
84600228|
84600229|
84600230|
84600231|
84600256|
84600257|
84600258|
84600259|
84600260|
84600261|
84600262|
84600263|
84600288|
84600289|
84600290|
84600291|
84600292|
84600293|
84600294|
84600295|
84600320|
84600321|
84600322|
84600323|
84600324|
84600325|
84600326|
84600327|
84600352|
84600353|
84600354|
84600355|
84600356|
84600357|
84600358|
84600359|
84600384|
84600385|
84600386|
84600387|
84600388|
84600389|
84600390|
84600391|
84600416|
84600417|
84600418|
84600419|
84600420|
84600421|
84600422|
84600423|
84600448|
84600449|
84600450|
84600451|
84600452|
84600453|
84600454|
84600455|
84600480|
84600481|
84600482|
84600483|
84600484|
84600485|
84600486|
84600487|
84600512|
84600513|
84600514|
84600515|
84600516|
84600517|
84600518|
84600519|
84600544|
84600545|
84600546|
84600547|
84600548|
84600549|
84600550|
84600551|
84600576|
84600577|
84600578|
84600579|
