26926200228|
26926200229|
26926200230|
26926200231|
26926200256|
26926200257|
26926200258|
26926200259|
26926200260|
26926200261|
26926200262|
26926200263|
26926200288|
26926200289|
26926200290|
26926200291|
26926200292|
26926200293|
26926200294|
26926200295|
26926200320|
26926200321|
26926200322|
26926200323|
26926200324|
26926200325|
26926200326|
26926200327|
26926200352|
26926200353|
26926200354|
26926200355|
26926200356|
26926200357|
26926200358|
26926200359|
26926200384|
26926200385|
26926200386|
26926200387|
26926200388|
26926200389|
26926200390|
26926200391|
26926200416|
26926200417|
26926200418|
26926200419|
26926200420|
26926200421|
26926200422|
26926200423|
26926200448|
26926200449|
26926200450|
26926200451|
26926200452|
26926200453|
26926200454|
26926200455|
26926200480|
26926200481|
26926200482|
26926200483|
26926200484|
26926200485|
26926200486|
26926200487|
26926200512|
26926200513|
26926200514|
26926200515|
26926200516|
26926200517|
26926200518|
26926200519|
26926200544|
26926200545|
26926200546|
26926200547|
26926200548|
26926200549|
26926200550|
26926200551|
26926200576|
26926200577|
26926200578|
26926200579|
26926200580|
26926200581|
26926200582|
26926200583|
26926200608|
26926200609|
26926200610|
26926200611|
26926200612|
26926200613|
26926200614|
26926200615|
