13419000224|
13419000225|
13419000226|
13419000227|
13419000228|
13419000229|
13419000230|
13419000231|
13419000256|
13419000257|
13419000258|
13419000259|
13419000260|
13419000261|
13419000262|
13419000263|
13419000288|
13419000289|
13419000290|
13419000291|
13419000292|
13419000293|
13419000294|
13419000295|
13419000320|
13419000321|
13419000322|
13419000323|
13419000324|
13419000325|
13419000326|
13419000327|
13419000352|
13419000353|
13419000354|
13419000355|
13419000356|
13419000357|
13419000358|
13419000359|
13419000384|
13419000385|
13419000386|
13419000387|
13419000388|
13419000389|
13419000390|
13419000391|
13419000416|
13419000417|
13419000418|
13419000419|
13419000420|
13419000421|
13419000422|
13419000423|
13419000448|
13419000449|
13419000450|
13419000451|
13419000452|
13419000453|
13419000454|
13419000455|
13419000480|
13419000481|
13419000482|
13419000483|
13419000484|
13419000485|
13419000486|
13419000487|
13419000512|
13419000513|
13419000514|
13419000515|
13419000516|
13419000517|
13419000518|
13419000519|
13419000544|
13419000545|
13419000546|
13419000547|
13419000548|
13419000549|
13419000550|
13419000551|
13419000576|
13419000577|
13419000578|
13419000579|
13419000580|
13419000581|
13419000582|
13419000583|
13419000608|
13419000609|
13419000610|
13419000611|
