13399200165|
13399200166|
13399200167|
13399200192|
13399200193|
13399200194|
13399200195|
13399200196|
13399200197|
13399200198|
13399200199|
13399200224|
13399200225|
13399200226|
13399200227|
13399200228|
13399200229|
13399200230|
13399200231|
13399200256|
13399200257|
13399200258|
13399200259|
13399200260|
13399200261|
13399200262|
13399200263|
13399200288|
13399200289|
13399200290|
13399200291|
13399200292|
13399200293|
13399200294|
13399200295|
13399200320|
13399200321|
13399200322|
13399200323|
13399200324|
13399200325|
13399200326|
13399200327|
13399200352|
13399200353|
13399200354|
13399200355|
13399200356|
13399200357|
13399200358|
13399200359|
13399200384|
13399200385|
13399200386|
13399200387|
13399200388|
13399200389|
13399200390|
13399200391|
13399200416|
13399200417|
13399200418|
13399200419|
13399200420|
13399200421|
13399200422|
13399200423|
13399200448|
13399200449|
13399200450|
13399200451|
13399200452|
13399200453|
13399200454|
13399200455|
13399200480|
13399200481|
13399200482|
13399200483|
13399200484|
13399200485|
13399200486|
13399200487|
13399200512|
13399200513|
13399200514|
13399200515|
13399200516|
13399200517|
13399200518|
13399200519|
13399200544|
13399200545|
13399200546|
13399200547|
13399200548|
13399200549|
13399200550|
13399200551|
13399200576|
