154800327|
154800352|
154800353|
154800354|
154800355|
154800356|
154800357|
154800358|
154800359|
154800384|
154800385|
154800386|
154800387|
154800388|
154800389|
154800390|
154800391|
154800416|
154800417|
154800418|
154800419|
154800420|
154800421|
154800422|
154800423|
154800448|
154800449|
154800450|
154800451|
154800452|
154800453|
154800454|
154800455|
154800480|
154800481|
154800482|
154800483|
154800484|
154800485|
154800486|
154800487|
154800512|
154800513|
154800514|
154800515|
154800516|
154800517|
154800518|
154800519|
154800544|
154800545|
154800546|
154800547|
154800548|
154800549|
154800550|
154800551|
154800576|
154800577|
154800578|
154800579|
154800580|
154800581|
154800582|
154800583|
154800608|
154800609|
154800610|
154800611|
154800612|
154800613|
154800614|
154800615|
154800640|
154800641|
154800642|
154800643|
154800644|
154800645|
154800646|
154800647|
154800672|
154800673|
154800674|
154800675|
154800676|
154800677|
154800678|
154800679|
154800704|
154800705|
154800706|
154800707|
154800708|
154800709|
154800710|
154800711|
154800736|
154800737|
154800738|
