91800196|
91800197|
91800198|
91800199|
91800224|
91800225|
91800226|
91800227|
91800228|
91800229|
91800230|
91800231|
91800256|
91800257|
91800258|
91800259|
91800260|
91800261|
91800262|
91800263|
91800288|
91800289|
91800290|
91800291|
91800292|
91800293|
91800294|
91800295|
91800320|
91800321|
91800322|
91800323|
91800324|
91800325|
91800326|
91800327|
91800352|
91800353|
91800354|
91800355|
91800356|
91800357|
91800358|
91800359|
91800384|
91800385|
91800386|
91800387|
91800388|
91800389|
91800390|
91800391|
91800416|
91800417|
91800418|
91800419|
91800420|
91800421|
91800422|
91800423|
91800448|
91800449|
91800450|
91800451|
91800452|
91800453|
91800454|
91800455|
91800480|
91800481|
91800482|
91800483|
91800484|
91800485|
91800486|
91800487|
91800512|
91800513|
91800514|
91800515|
91800516|
91800517|
91800518|
91800519|
91800544|
91800545|
91800546|
91800547|
91800548|
91800549|
91800550|
91800551|
91800576|
91800577|
91800578|
91800579|
91800580|
91800581|
91800582|
91800583|
