90000195|
90000196|
90000197|
90000198|
90000199|
90000224|
90000225|
90000226|
90000227|
90000228|
90000229|
90000230|
90000231|
90000256|
90000257|
90000258|
90000259|
90000260|
90000261|
90000262|
90000263|
90000288|
90000289|
90000290|
90000291|
90000292|
90000293|
90000294|
90000295|
90000320|
90000321|
90000322|
90000323|
90000324|
90000325|
90000326|
90000327|
90000352|
90000353|
90000354|
90000355|
90000356|
90000357|
90000358|
90000359|
90000384|
90000385|
90000386|
90000387|
90000388|
90000389|
90000390|
90000391|
90000416|
90000417|
90000418|
90000419|
90000420|
90000421|
90000422|
90000423|
90000448|
90000449|
90000450|
90000451|
90000452|
90000453|
90000454|
90000455|
90000480|
90000481|
90000482|
90000483|
90000484|
90000485|
90000486|
90000487|
90000512|
90000513|
90000514|
90000515|
90000516|
90000517|
90000518|
90000519|
90000544|
90000545|
90000546|
90000547|
90000548|
90000549|
90000550|
90000551|
90000576|
90000577|
90000578|
90000579|
90000580|
90000581|
90000582|
