108000229|
108000230|
108000231|
108000256|
108000257|
108000258|
108000259|
108000260|
108000261|
108000262|
108000263|
108000288|
108000289|
108000290|
108000291|
108000292|
108000293|
108000294|
108000295|
108000320|
108000321|
108000322|
108000323|
108000324|
108000325|
108000326|
108000327|
108000352|
108000353|
108000354|
108000355|
108000356|
108000357|
108000358|
108000359|
108000384|
108000385|
108000386|
108000387|
108000388|
108000389|
108000390|
108000391|
108000416|
108000417|
108000418|
108000419|
108000420|
108000421|
108000422|
108000423|
108000448|
108000449|
108000450|
108000451|
108000452|
108000453|
108000454|
108000455|
108000480|
108000481|
108000482|
108000483|
108000484|
108000485|
108000486|
108000487|
108000512|
108000513|
108000514|
108000515|
108000516|
108000517|
108000518|
108000519|
108000544|
108000545|
108000546|
108000547|
108000548|
108000549|
108000550|
108000551|
108000576|
108000577|
108000578|
108000579|
108000580|
108000581|
108000582|
108000583|
108000608|
108000609|
108000610|
108000611|
108000612|
108000613|
108000614|
108000615|
108000640|
