13464000321|
13464000322|
13464000323|
13464000324|
13464000325|
13464000326|
13464000327|
13464000352|
13464000353|
13464000354|
13464000355|
13464000356|
13464000357|
13464000358|
13464000359|
13464000384|
13464000385|
13464000386|
13464000387|
13464000388|
13464000389|
13464000390|
13464000391|
13464000416|
13464000417|
13464000418|
13464000419|
13464000420|
13464000421|
13464000422|
13464000423|
13464000448|
13464000449|
13464000450|
13464000451|
13464000452|
13464000453|
13464000454|
13464000455|
13464000480|
13464000481|
13464000482|
13464000483|
13464000484|
13464000485|
13464000486|
13464000487|
13464000512|
13464000513|
13464000514|
13464000515|
13464000516|
13464000517|
13464000518|
13464000519|
13464000544|
13464000545|
13464000546|
13464000547|
13464000548|
13464000549|
13464000550|
13464000551|
13464000576|
13464000577|
13464000578|
13464000579|
13464000580|
13464000581|
13464000582|
13464000583|
13464000608|
13464000609|
13464000610|
13464000611|
13464000612|
13464000613|
13464000614|
13464000615|
13464000640|
13464000641|
13464000642|
13464000643|
13464000644|
13464000645|
13464000646|
13464000647|
13464000672|
13464000673|
13464000674|
13464000675|
13464000676|
13464000677|
13464000678|
13464000679|
13464000704|
13464000705|
13464000706|
13464000707|
13464000708|
