26942400261|
26942400262|
26942400263|
26942400288|
26942400289|
26942400290|
26942400291|
26942400292|
26942400293|
26942400294|
26942400295|
26942400320|
26942400321|
26942400322|
26942400323|
26942400324|
26942400325|
26942400326|
26942400327|
26942400352|
26942400353|
26942400354|
26942400355|
26942400356|
26942400357|
26942400358|
26942400359|
26942400384|
26942400385|
26942400386|
26942400387|
26942400388|
26942400389|
26942400390|
26942400391|
26942400416|
26942400417|
26942400418|
26942400419|
26942400420|
26942400421|
26942400422|
26942400423|
26942400448|
26942400449|
26942400450|
26942400451|
26942400452|
26942400453|
26942400454|
26942400455|
26942400480|
26942400481|
26942400482|
26942400483|
26942400484|
26942400485|
26942400486|
26942400487|
26942400512|
26942400513|
26942400514|
26942400515|
26942400516|
26942400517|
26942400518|
26942400519|
26942400544|
26942400545|
26942400546|
26942400547|
26942400548|
26942400549|
26942400550|
26942400551|
26942400576|
26942400577|
26942400578|
26942400579|
26942400580|
26942400581|
26942400582|
26942400583|
26942400608|
26942400609|
26942400610|
26942400611|
26942400612|
26942400613|
26942400614|
26942400615|
26942400640|
26942400641|
26942400642|
26942400643|
26942400644|
26942400645|
26942400646|
26942400647|
26942400672|
