26841600037|
26841600038|
26841600039|
26841600064|
26841600065|
26841600066|
26841600067|
26841600068|
26841600069|
26841600070|
26841600071|
26841600096|
26841600097|
26841600098|
26841600099|
26841600100|
26841600101|
26841600102|
26841600103|
26841600128|
26841600129|
26841600130|
26841600131|
26841600132|
26841600133|
26841600134|
26841600135|
26841600160|
26841600161|
26841600162|
26841600163|
26841600164|
26841600165|
26841600166|
26841600167|
26841600192|
26841600193|
26841600194|
26841600195|
26841600196|
26841600197|
26841600198|
26841600199|
26841600224|
26841600225|
26841600226|
26841600227|
26841600228|
26841600229|
26841600230|
26841600231|
26841600256|
26841600257|
26841600258|
26841600259|
26841600260|
26841600261|
26841600262|
26841600263|
26841600288|
26841600289|
26841600290|
26841600291|
26841600292|
26841600293|
26841600294|
26841600295|
26841600320|
26841600321|
26841600322|
26841600323|
26841600324|
26841600325|
26841600326|
26841600327|
26841600352|
26841600353|
26841600354|
26841600355|
26841600356|
26841600357|
26841600358|
26841600359|
26841600384|
26841600385|
26841600386|
26841600387|
26841600388|
26841600389|
26841600390|
26841600391|
26841600416|
26841600417|
26841600418|
26841600419|
26841600420|
26841600421|
26841600422|
26841600423|
26841600448|
