160200354|
160200355|
160200356|
160200357|
160200358|
160200359|
160200384|
160200385|
160200386|
160200387|
160200388|
160200389|
160200390|
160200391|
160200416|
160200417|
160200418|
160200419|
160200420|
160200421|
160200422|
160200423|
160200448|
160200449|
160200450|
160200451|
160200452|
160200453|
160200454|
160200455|
160200480|
160200481|
160200482|
160200483|
160200484|
160200485|
160200486|
160200487|
160200512|
160200513|
160200514|
160200515|
160200516|
160200517|
160200518|
160200519|
160200544|
160200545|
160200546|
160200547|
160200548|
160200549|
160200550|
160200551|
160200576|
160200577|
160200578|
160200579|
160200580|
160200581|
160200582|
160200583|
160200608|
160200609|
160200610|
160200611|
160200612|
160200613|
160200614|
160200615|
160200640|
160200641|
160200642|
160200643|
160200644|
160200645|
160200646|
160200647|
160200672|
160200673|
160200674|
160200675|
160200676|
160200677|
160200678|
160200679|
160200704|
160200705|
160200706|
160200707|
160200708|
160200709|
160200710|
160200711|
160200736|
160200737|
160200738|
160200739|
160200740|
160200741|
