117000258|
117000259|
117000260|
117000261|
117000262|
117000263|
117000288|
117000289|
117000290|
117000291|
117000292|
117000293|
117000294|
117000295|
117000320|
117000321|
117000322|
117000323|
117000324|
117000325|
117000326|
117000327|
117000352|
117000353|
117000354|
117000355|
117000356|
117000357|
117000358|
117000359|
117000384|
117000385|
117000386|
117000387|
117000388|
117000389|
117000390|
117000391|
117000416|
117000417|
117000418|
117000419|
117000420|
117000421|
117000422|
117000423|
117000448|
117000449|
117000450|
117000451|
117000452|
117000453|
117000454|
117000455|
117000480|
117000481|
117000482|
117000483|
117000484|
117000485|
117000486|
117000487|
117000512|
117000513|
117000514|
117000515|
117000516|
117000517|
117000518|
117000519|
117000544|
117000545|
117000546|
117000547|
117000548|
117000549|
117000550|
117000551|
117000576|
117000577|
117000578|
117000579|
117000580|
117000581|
117000582|
117000583|
117000608|
117000609|
117000610|
117000611|
117000612|
117000613|
117000614|
117000615|
117000640|
117000641|
117000642|
117000643|
117000644|
117000645|
