111600231|
111600256|
111600257|
111600258|
111600259|
111600260|
111600261|
111600262|
111600263|
111600288|
111600289|
111600290|
111600291|
111600292|
111600293|
111600294|
111600295|
111600320|
111600321|
111600322|
111600323|
111600324|
111600325|
111600326|
111600327|
111600352|
111600353|
111600354|
111600355|
111600356|
111600357|
111600358|
111600359|
111600384|
111600385|
111600386|
111600387|
111600388|
111600389|
111600390|
111600391|
111600416|
111600417|
111600418|
111600419|
111600420|
111600421|
111600422|
111600423|
111600448|
111600449|
111600450|
111600451|
111600452|
111600453|
111600454|
111600455|
111600480|
111600481|
111600482|
111600483|
111600484|
111600485|
111600486|
111600487|
111600512|
111600513|
111600514|
111600515|
111600516|
111600517|
111600518|
111600519|
111600544|
111600545|
111600546|
111600547|
111600548|
111600549|
111600550|
111600551|
111600576|
111600577|
111600578|
111600579|
111600580|
111600581|
111600582|
111600583|
111600608|
111600609|
111600610|
111600611|
111600612|
111600613|
111600614|
111600615|
111600640|
111600641|
111600642|
