13491000384|
13491000385|
13491000386|
13491000387|
13491000388|
13491000389|
13491000390|
13491000391|
13491000416|
13491000417|
13491000418|
13491000419|
13491000420|
13491000421|
13491000422|
13491000423|
13491000448|
13491000449|
13491000450|
13491000451|
13491000452|
13491000453|
13491000454|
13491000455|
13491000480|
13491000481|
13491000482|
13491000483|
13491000484|
13491000485|
13491000486|
13491000487|
13491000512|
13491000513|
13491000514|
13491000515|
13491000516|
13491000517|
13491000518|
13491000519|
13491000544|
13491000545|
13491000546|
13491000547|
13491000548|
13491000549|
13491000550|
13491000551|
13491000576|
13491000577|
13491000578|
13491000579|
13491000580|
13491000581|
13491000582|
13491000583|
13491000608|
13491000609|
13491000610|
13491000611|
13491000612|
13491000613|
13491000614|
13491000615|
13491000640|
13491000641|
13491000642|
13491000643|
13491000644|
13491000645|
13491000646|
13491000647|
13491000672|
13491000673|
13491000674|
13491000675|
13491000676|
13491000677|
13491000678|
13491000679|
13491000704|
13491000705|
13491000706|
13491000707|
13491000708|
13491000709|
13491000710|
13491000711|
13491000736|
13491000737|
13491000738|
13491000739|
13491000740|
13491000741|
13491000742|
13491000743|
13491000768|
13491000769|
13491000770|
13491000771|
