57600129|
57600130|
57600131|
57600132|
57600133|
57600134|
57600135|
57600160|
57600161|
57600162|
57600163|
57600164|
57600165|
57600166|
57600167|
57600192|
57600193|
57600194|
57600195|
57600196|
57600197|
57600198|
57600199|
57600224|
57600225|
57600226|
57600227|
57600228|
57600229|
57600230|
57600231|
57600256|
57600257|
57600258|
57600259|
57600260|
57600261|
57600262|
57600263|
57600288|
57600289|
57600290|
57600291|
57600292|
57600293|
57600294|
57600295|
57600320|
57600321|
57600322|
57600323|
57600324|
57600325|
57600326|
57600327|
57600352|
57600353|
57600354|
57600355|
57600356|
57600357|
57600358|
57600359|
57600384|
57600385|
57600386|
57600387|
57600388|
57600389|
57600390|
57600391|
57600416|
57600417|
57600418|
57600419|
57600420|
57600421|
57600422|
57600423|
57600448|
57600449|
57600450|
57600451|
57600452|
57600453|
57600454|
57600455|
57600480|
57600481|
57600482|
57600483|
57600484|
57600485|
57600486|
57600487|
57600512|
57600513|
57600514|
57600515|
57600516|
