102600226|
102600227|
102600228|
102600229|
102600230|
102600231|
102600256|
102600257|
102600258|
102600259|
102600260|
102600261|
102600262|
102600263|
102600288|
102600289|
102600290|
102600291|
102600292|
102600293|
102600294|
102600295|
102600320|
102600321|
102600322|
102600323|
102600324|
102600325|
102600326|
102600327|
102600352|
102600353|
102600354|
102600355|
102600356|
102600357|
102600358|
102600359|
102600384|
102600385|
102600386|
102600387|
102600388|
102600389|
102600390|
102600391|
102600416|
102600417|
102600418|
102600419|
102600420|
102600421|
102600422|
102600423|
102600448|
102600449|
102600450|
102600451|
102600452|
102600453|
102600454|
102600455|
102600480|
102600481|
102600482|
102600483|
102600484|
102600485|
102600486|
102600487|
102600512|
102600513|
102600514|
102600515|
102600516|
102600517|
102600518|
102600519|
102600544|
102600545|
102600546|
102600547|
102600548|
102600549|
102600550|
102600551|
102600576|
102600577|
102600578|
102600579|
102600580|
102600581|
102600582|
102600583|
102600608|
102600609|
102600610|
102600611|
102600612|
102600613|
