26893800162|
26893800163|
26893800164|
26893800165|
26893800166|
26893800167|
26893800192|
26893800193|
26893800194|
26893800195|
26893800196|
26893800197|
26893800198|
26893800199|
26893800224|
26893800225|
26893800226|
26893800227|
26893800228|
26893800229|
26893800230|
26893800231|
26893800256|
26893800257|
26893800258|
26893800259|
26893800260|
26893800261|
26893800262|
26893800263|
26893800288|
26893800289|
26893800290|
26893800291|
26893800292|
26893800293|
26893800294|
26893800295|
26893800320|
26893800321|
26893800322|
26893800323|
26893800324|
26893800325|
26893800326|
26893800327|
26893800352|
26893800353|
26893800354|
26893800355|
26893800356|
26893800357|
26893800358|
26893800359|
26893800384|
26893800385|
26893800386|
26893800387|
26893800388|
26893800389|
26893800390|
26893800391|
26893800416|
26893800417|
26893800418|
26893800419|
26893800420|
26893800421|
26893800422|
26893800423|
26893800448|
26893800449|
26893800450|
26893800451|
26893800452|
26893800453|
26893800454|
26893800455|
26893800480|
26893800481|
26893800482|
26893800483|
26893800484|
26893800485|
26893800486|
26893800487|
26893800512|
26893800513|
26893800514|
26893800515|
26893800516|
26893800517|
26893800518|
26893800519|
26893800544|
26893800545|
26893800546|
26893800547|
26893800548|
26893800549|
