131400290|
131400291|
131400292|
131400293|
131400294|
131400295|
131400320|
131400321|
131400322|
131400323|
131400324|
131400325|
131400326|
131400327|
131400352|
131400353|
131400354|
131400355|
131400356|
131400357|
131400358|
131400359|
131400384|
131400385|
131400386|
131400387|
131400388|
131400389|
131400390|
131400391|
131400416|
131400417|
131400418|
131400419|
131400420|
131400421|
131400422|
131400423|
131400448|
131400449|
131400450|
131400451|
131400452|
131400453|
131400454|
131400455|
131400480|
131400481|
131400482|
131400483|
131400484|
131400485|
131400486|
131400487|
131400512|
131400513|
131400514|
131400515|
131400516|
131400517|
131400518|
131400519|
131400544|
131400545|
131400546|
131400547|
131400548|
131400549|
131400550|
131400551|
131400576|
131400577|
131400578|
131400579|
131400580|
131400581|
131400582|
131400583|
131400608|
131400609|
131400610|
131400611|
131400612|
131400613|
131400614|
131400615|
131400640|
131400641|
131400642|
131400643|
131400644|
131400645|
131400646|
131400647|
131400672|
131400673|
131400674|
131400675|
131400676|
131400677|
