13413600197|
13413600198|
13413600199|
13413600224|
13413600225|
13413600226|
13413600227|
13413600228|
13413600229|
13413600230|
13413600231|
13413600256|
13413600257|
13413600258|
13413600259|
13413600260|
13413600261|
13413600262|
13413600263|
13413600288|
13413600289|
13413600290|
13413600291|
13413600292|
13413600293|
13413600294|
13413600295|
13413600320|
13413600321|
13413600322|
13413600323|
13413600324|
13413600325|
13413600326|
13413600327|
13413600352|
13413600353|
13413600354|
13413600355|
13413600356|
13413600357|
13413600358|
13413600359|
13413600384|
13413600385|
13413600386|
13413600387|
13413600388|
13413600389|
13413600390|
13413600391|
13413600416|
13413600417|
13413600418|
13413600419|
13413600420|
13413600421|
13413600422|
13413600423|
13413600448|
13413600449|
13413600450|
13413600451|
13413600452|
13413600453|
13413600454|
13413600455|
13413600480|
13413600481|
13413600482|
13413600483|
13413600484|
13413600485|
13413600486|
13413600487|
13413600512|
13413600513|
13413600514|
13413600515|
13413600516|
13413600517|
13413600518|
13413600519|
13413600544|
13413600545|
13413600546|
13413600547|
13413600548|
13413600549|
13413600550|
13413600551|
13413600576|
13413600577|
13413600578|
13413600579|
13413600580|
13413600581|
13413600582|
13413600583|
13413600608|
