13431600231|
13431600256|
13431600257|
13431600258|
13431600259|
13431600260|
13431600261|
13431600262|
13431600263|
13431600288|
13431600289|
13431600290|
13431600291|
13431600292|
13431600293|
13431600294|
13431600295|
13431600320|
13431600321|
13431600322|
13431600323|
13431600324|
13431600325|
13431600326|
13431600327|
13431600352|
13431600353|
13431600354|
13431600355|
13431600356|
13431600357|
13431600358|
13431600359|
13431600384|
13431600385|
13431600386|
13431600387|
13431600388|
13431600389|
13431600390|
13431600391|
13431600416|
13431600417|
13431600418|
13431600419|
13431600420|
13431600421|
13431600422|
13431600423|
13431600448|
13431600449|
13431600450|
13431600451|
13431600452|
13431600453|
13431600454|
13431600455|
13431600480|
13431600481|
13431600482|
13431600483|
13431600484|
13431600485|
13431600486|
13431600487|
13431600512|
13431600513|
13431600514|
13431600515|
13431600516|
13431600517|
13431600518|
13431600519|
13431600544|
13431600545|
13431600546|
13431600547|
13431600548|
13431600549|
13431600550|
13431600551|
13431600576|
13431600577|
13431600578|
13431600579|
13431600580|
13431600581|
13431600582|
13431600583|
13431600608|
13431600609|
13431600610|
13431600611|
13431600612|
13431600613|
13431600614|
13431600615|
13431600640|
13431600641|
13431600642|
