26962200320|
26962200321|
26962200322|
26962200323|
26962200324|
26962200325|
26962200326|
26962200327|
26962200352|
26962200353|
26962200354|
26962200355|
26962200356|
26962200357|
26962200358|
26962200359|
26962200384|
26962200385|
26962200386|
26962200387|
26962200388|
26962200389|
26962200390|
26962200391|
26962200416|
26962200417|
26962200418|
26962200419|
26962200420|
26962200421|
26962200422|
26962200423|
26962200448|
26962200449|
26962200450|
26962200451|
26962200452|
26962200453|
26962200454|
26962200455|
26962200480|
26962200481|
26962200482|
26962200483|
26962200484|
26962200485|
26962200486|
26962200487|
26962200512|
26962200513|
26962200514|
26962200515|
26962200516|
26962200517|
26962200518|
26962200519|
26962200544|
26962200545|
26962200546|
26962200547|
26962200548|
26962200549|
26962200550|
26962200551|
26962200576|
26962200577|
26962200578|
26962200579|
26962200580|
26962200581|
26962200582|
26962200583|
26962200608|
26962200609|
26962200610|
26962200611|
26962200612|
26962200613|
26962200614|
26962200615|
26962200640|
26962200641|
26962200642|
26962200643|
26962200644|
26962200645|
26962200646|
26962200647|
26962200672|
26962200673|
26962200674|
26962200675|
26962200676|
26962200677|
26962200678|
26962200679|
26962200704|
26962200705|
26962200706|
26962200707|
