26960400295|
26960400320|
26960400321|
26960400322|
26960400323|
26960400324|
26960400325|
26960400326|
26960400327|
26960400352|
26960400353|
26960400354|
26960400355|
26960400356|
26960400357|
26960400358|
26960400359|
26960400384|
26960400385|
26960400386|
26960400387|
26960400388|
26960400389|
26960400390|
26960400391|
26960400416|
26960400417|
26960400418|
26960400419|
26960400420|
26960400421|
26960400422|
26960400423|
26960400448|
26960400449|
26960400450|
26960400451|
26960400452|
26960400453|
26960400454|
26960400455|
26960400480|
26960400481|
26960400482|
26960400483|
26960400484|
26960400485|
26960400486|
26960400487|
26960400512|
26960400513|
26960400514|
26960400515|
26960400516|
26960400517|
26960400518|
26960400519|
26960400544|
26960400545|
26960400546|
26960400547|
26960400548|
26960400549|
26960400550|
26960400551|
26960400576|
26960400577|
26960400578|
26960400579|
26960400580|
26960400581|
26960400582|
26960400583|
26960400608|
26960400609|
26960400610|
26960400611|
26960400612|
26960400613|
26960400614|
26960400615|
26960400640|
26960400641|
26960400642|
26960400643|
26960400644|
26960400645|
26960400646|
26960400647|
26960400672|
26960400673|
26960400674|
26960400675|
26960400676|
26960400677|
26960400678|
26960400679|
26960400704|
26960400705|
26960400706|
