13476600352|
13476600353|
13476600354|
13476600355|
13476600356|
13476600357|
13476600358|
13476600359|
13476600384|
13476600385|
13476600386|
13476600387|
13476600388|
13476600389|
13476600390|
13476600391|
13476600416|
13476600417|
13476600418|
13476600419|
13476600420|
13476600421|
13476600422|
13476600423|
13476600448|
13476600449|
13476600450|
13476600451|
13476600452|
13476600453|
13476600454|
13476600455|
13476600480|
13476600481|
13476600482|
13476600483|
13476600484|
13476600485|
13476600486|
13476600487|
13476600512|
13476600513|
13476600514|
13476600515|
13476600516|
13476600517|
13476600518|
13476600519|
13476600544|
13476600545|
13476600546|
13476600547|
13476600548|
13476600549|
13476600550|
13476600551|
13476600576|
13476600577|
13476600578|
13476600579|
13476600580|
13476600581|
13476600582|
13476600583|
13476600608|
13476600609|
13476600610|
13476600611|
13476600612|
13476600613|
13476600614|
13476600615|
13476600640|
13476600641|
13476600642|
13476600643|
13476600644|
13476600645|
13476600646|
13476600647|
13476600672|
13476600673|
13476600674|
13476600675|
13476600676|
13476600677|
13476600678|
13476600679|
13476600704|
13476600705|
13476600706|
13476600707|
13476600708|
13476600709|
13476600710|
13476600711|
13476600736|
13476600737|
13476600738|
13476600739|
