37800070|
37800071|
37800096|
37800097|
37800098|
37800099|
37800100|
37800101|
37800102|
37800103|
37800128|
37800129|
37800130|
37800131|
37800132|
37800133|
37800134|
37800135|
37800160|
37800161|
37800162|
37800163|
37800164|
37800165|
37800166|
37800167|
37800192|
37800193|
37800194|
37800195|
37800196|
37800197|
37800198|
37800199|
37800224|
37800225|
37800226|
37800227|
37800228|
37800229|
37800230|
37800231|
37800256|
37800257|
37800258|
37800259|
37800260|
37800261|
37800262|
37800263|
37800288|
37800289|
37800290|
37800291|
37800292|
37800293|
37800294|
37800295|
37800320|
37800321|
37800322|
37800323|
37800324|
37800325|
37800326|
37800327|
37800352|
37800353|
37800354|
37800355|
37800356|
37800357|
37800358|
37800359|
37800384|
37800385|
37800386|
37800387|
37800388|
37800389|
37800390|
37800391|
37800416|
37800417|
37800418|
37800419|
37800420|
37800421|
37800422|
37800423|
37800448|
37800449|
37800450|
37800451|
37800452|
37800453|
37800454|
37800455|
37800480|
37800481|
