68400135|
68400160|
68400161|
68400162|
68400163|
68400164|
68400165|
68400166|
68400167|
68400192|
68400193|
68400194|
68400195|
68400196|
68400197|
68400198|
68400199|
68400224|
68400225|
68400226|
68400227|
68400228|
68400229|
68400230|
68400231|
68400256|
68400257|
68400258|
68400259|
68400260|
68400261|
68400262|
68400263|
68400288|
68400289|
68400290|
68400291|
68400292|
68400293|
68400294|
68400295|
68400320|
68400321|
68400322|
68400323|
68400324|
68400325|
68400326|
68400327|
68400352|
68400353|
68400354|
68400355|
68400356|
68400357|
68400358|
68400359|
68400384|
68400385|
68400386|
68400387|
68400388|
68400389|
68400390|
68400391|
68400416|
68400417|
68400418|
68400419|
68400420|
68400421|
68400422|
68400423|
68400448|
68400449|
68400450|
68400451|
68400452|
68400453|
68400454|
68400455|
68400480|
68400481|
68400482|
68400483|
68400484|
68400485|
68400486|
68400487|
68400512|
68400513|
68400514|
68400515|
68400516|
68400517|
68400518|
68400519|
68400544|
68400545|
68400546|
