13350600066|
13350600067|
13350600068|
13350600069|
13350600070|
13350600071|
13350600096|
13350600097|
13350600098|
13350600099|
13350600100|
13350600101|
13350600102|
13350600103|
13350600128|
13350600129|
13350600130|
13350600131|
13350600132|
13350600133|
13350600134|
13350600135|
13350600160|
13350600161|
13350600162|
13350600163|
13350600164|
13350600165|
13350600166|
13350600167|
13350600192|
13350600193|
13350600194|
13350600195|
13350600196|
13350600197|
13350600198|
13350600199|
13350600224|
13350600225|
13350600226|
13350600227|
13350600228|
13350600229|
13350600230|
13350600231|
13350600256|
13350600257|
13350600258|
13350600259|
13350600260|
13350600261|
13350600262|
13350600263|
13350600288|
13350600289|
13350600290|
13350600291|
13350600292|
13350600293|
13350600294|
13350600295|
13350600320|
13350600321|
13350600322|
13350600323|
13350600324|
13350600325|
13350600326|
13350600327|
13350600352|
13350600353|
13350600354|
13350600355|
13350600356|
13350600357|
13350600358|
13350600359|
13350600384|
13350600385|
13350600386|
13350600387|
13350600388|
13350600389|
13350600390|
13350600391|
13350600416|
13350600417|
13350600418|
13350600419|
13350600420|
13350600421|
13350600422|
13350600423|
13350600448|
13350600449|
13350600450|
13350600451|
13350600452|
13350600453|
