26940600260|
26940600261|
26940600262|
26940600263|
26940600288|
26940600289|
26940600290|
26940600291|
26940600292|
26940600293|
26940600294|
26940600295|
26940600320|
26940600321|
26940600322|
26940600323|
26940600324|
26940600325|
26940600326|
26940600327|
26940600352|
26940600353|
26940600354|
26940600355|
26940600356|
26940600357|
26940600358|
26940600359|
26940600384|
26940600385|
26940600386|
26940600387|
26940600388|
26940600389|
26940600390|
26940600391|
26940600416|
26940600417|
26940600418|
26940600419|
26940600420|
26940600421|
26940600422|
26940600423|
26940600448|
26940600449|
26940600450|
26940600451|
26940600452|
26940600453|
26940600454|
26940600455|
26940600480|
26940600481|
26940600482|
26940600483|
26940600484|
26940600485|
26940600486|
26940600487|
26940600512|
26940600513|
26940600514|
26940600515|
26940600516|
26940600517|
26940600518|
26940600519|
26940600544|
26940600545|
26940600546|
26940600547|
26940600548|
26940600549|
26940600550|
26940600551|
26940600576|
26940600577|
26940600578|
26940600579|
26940600580|
26940600581|
26940600582|
26940600583|
26940600608|
26940600609|
26940600610|
26940600611|
26940600612|
26940600613|
26940600614|
26940600615|
26940600640|
26940600641|
26940600642|
26940600643|
26940600644|
26940600645|
26940600646|
26940600647|
