52200102|
52200103|
52200128|
52200129|
52200130|
52200131|
52200132|
52200133|
52200134|
52200135|
52200160|
52200161|
52200162|
52200163|
52200164|
52200165|
52200166|
52200167|
52200192|
52200193|
52200194|
52200195|
52200196|
52200197|
52200198|
52200199|
52200224|
52200225|
52200226|
52200227|
52200228|
52200229|
52200230|
52200231|
52200256|
52200257|
52200258|
52200259|
52200260|
52200261|
52200262|
52200263|
52200288|
52200289|
52200290|
52200291|
52200292|
52200293|
52200294|
52200295|
52200320|
52200321|
52200322|
52200323|
52200324|
52200325|
52200326|
52200327|
52200352|
52200353|
52200354|
52200355|
52200356|
52200357|
52200358|
52200359|
52200384|
52200385|
52200386|
52200387|
52200388|
52200389|
52200390|
52200391|
52200416|
52200417|
52200418|
52200419|
52200420|
52200421|
52200422|
52200423|
52200448|
52200449|
52200450|
52200451|
52200452|
52200453|
52200454|
52200455|
52200480|
52200481|
52200482|
52200483|
52200484|
52200485|
52200486|
52200487|
52200512|
52200513|
