13384800133|
13384800134|
13384800135|
13384800160|
13384800161|
13384800162|
13384800163|
13384800164|
13384800165|
13384800166|
13384800167|
13384800192|
13384800193|
13384800194|
13384800195|
13384800196|
13384800197|
13384800198|
13384800199|
13384800224|
13384800225|
13384800226|
13384800227|
13384800228|
13384800229|
13384800230|
13384800231|
13384800256|
13384800257|
13384800258|
13384800259|
13384800260|
13384800261|
13384800262|
13384800263|
13384800288|
13384800289|
13384800290|
13384800291|
13384800292|
13384800293|
13384800294|
13384800295|
13384800320|
13384800321|
13384800322|
13384800323|
13384800324|
13384800325|
13384800326|
13384800327|
13384800352|
13384800353|
13384800354|
13384800355|
13384800356|
13384800357|
13384800358|
13384800359|
13384800384|
13384800385|
13384800386|
13384800387|
13384800388|
13384800389|
13384800390|
13384800391|
13384800416|
13384800417|
13384800418|
13384800419|
13384800420|
13384800421|
13384800422|
13384800423|
13384800448|
13384800449|
13384800450|
13384800451|
13384800452|
13384800453|
13384800454|
13384800455|
13384800480|
13384800481|
13384800482|
13384800483|
13384800484|
13384800485|
13384800486|
13384800487|
13384800512|
13384800513|
13384800514|
13384800515|
13384800516|
13384800517|
13384800518|
13384800519|
13384800544|
