26904600192|
26904600193|
26904600194|
26904600195|
26904600196|
26904600197|
26904600198|
26904600199|
26904600224|
26904600225|
26904600226|
26904600227|
26904600228|
26904600229|
26904600230|
26904600231|
26904600256|
26904600257|
26904600258|
26904600259|
26904600260|
26904600261|
26904600262|
26904600263|
26904600288|
26904600289|
26904600290|
26904600291|
26904600292|
26904600293|
26904600294|
26904600295|
26904600320|
26904600321|
26904600322|
26904600323|
26904600324|
26904600325|
26904600326|
26904600327|
26904600352|
26904600353|
26904600354|
26904600355|
26904600356|
26904600357|
26904600358|
26904600359|
26904600384|
26904600385|
26904600386|
26904600387|
26904600388|
26904600389|
26904600390|
26904600391|
26904600416|
26904600417|
26904600418|
26904600419|
26904600420|
26904600421|
26904600422|
26904600423|
26904600448|
26904600449|
26904600450|
26904600451|
26904600452|
26904600453|
26904600454|
26904600455|
26904600480|
26904600481|
26904600482|
26904600483|
26904600484|
26904600485|
26904600486|
26904600487|
26904600512|
26904600513|
26904600514|
26904600515|
26904600516|
26904600517|
26904600518|
26904600519|
26904600544|
26904600545|
26904600546|
26904600547|
26904600548|
26904600549|
26904600550|
26904600551|
26904600576|
26904600577|
26904600578|
26904600579|
