13426200228|
13426200229|
13426200230|
13426200231|
13426200256|
13426200257|
13426200258|
13426200259|
13426200260|
13426200261|
13426200262|
13426200263|
13426200288|
13426200289|
13426200290|
13426200291|
13426200292|
13426200293|
13426200294|
13426200295|
13426200320|
13426200321|
13426200322|
13426200323|
13426200324|
13426200325|
13426200326|
13426200327|
13426200352|
13426200353|
13426200354|
13426200355|
13426200356|
13426200357|
13426200358|
13426200359|
13426200384|
13426200385|
13426200386|
13426200387|
13426200388|
13426200389|
13426200390|
13426200391|
13426200416|
13426200417|
13426200418|
13426200419|
13426200420|
13426200421|
13426200422|
13426200423|
13426200448|
13426200449|
13426200450|
13426200451|
13426200452|
13426200453|
13426200454|
13426200455|
13426200480|
13426200481|
13426200482|
13426200483|
13426200484|
13426200485|
13426200486|
13426200487|
13426200512|
13426200513|
13426200514|
13426200515|
13426200516|
13426200517|
13426200518|
13426200519|
13426200544|
13426200545|
13426200546|
13426200547|
13426200548|
13426200549|
13426200550|
13426200551|
13426200576|
13426200577|
13426200578|
13426200579|
13426200580|
13426200581|
13426200582|
13426200583|
13426200608|
13426200609|
13426200610|
13426200611|
13426200612|
13426200613|
13426200614|
13426200615|
