144000321|
144000322|
144000323|
144000324|
144000325|
144000326|
144000327|
144000352|
144000353|
144000354|
144000355|
144000356|
144000357|
144000358|
144000359|
144000384|
144000385|
144000386|
144000387|
144000388|
144000389|
144000390|
144000391|
144000416|
144000417|
144000418|
144000419|
144000420|
144000421|
144000422|
144000423|
144000448|
144000449|
144000450|
144000451|
144000452|
144000453|
144000454|
144000455|
144000480|
144000481|
144000482|
144000483|
144000484|
144000485|
144000486|
144000487|
144000512|
144000513|
144000514|
144000515|
144000516|
144000517|
144000518|
144000519|
144000544|
144000545|
144000546|
144000547|
144000548|
144000549|
144000550|
144000551|
144000576|
144000577|
144000578|
144000579|
144000580|
144000581|
144000582|
144000583|
144000608|
144000609|
144000610|
144000611|
144000612|
144000613|
144000614|
144000615|
144000640|
144000641|
144000642|
144000643|
144000644|
144000645|
144000646|
144000647|
144000672|
144000673|
144000674|
144000675|
144000676|
144000677|
144000678|
144000679|
144000704|
144000705|
144000706|
144000707|
144000708|
