13471200325|
13471200326|
13471200327|
13471200352|
13471200353|
13471200354|
13471200355|
13471200356|
13471200357|
13471200358|
13471200359|
13471200384|
13471200385|
13471200386|
13471200387|
13471200388|
13471200389|
13471200390|
13471200391|
13471200416|
13471200417|
13471200418|
13471200419|
13471200420|
13471200421|
13471200422|
13471200423|
13471200448|
13471200449|
13471200450|
13471200451|
13471200452|
13471200453|
13471200454|
13471200455|
13471200480|
13471200481|
13471200482|
13471200483|
13471200484|
13471200485|
13471200486|
13471200487|
13471200512|
13471200513|
13471200514|
13471200515|
13471200516|
13471200517|
13471200518|
13471200519|
13471200544|
13471200545|
13471200546|
13471200547|
13471200548|
13471200549|
13471200550|
13471200551|
13471200576|
13471200577|
13471200578|
13471200579|
13471200580|
13471200581|
13471200582|
13471200583|
13471200608|
13471200609|
13471200610|
13471200611|
13471200612|
13471200613|
13471200614|
13471200615|
13471200640|
13471200641|
13471200642|
13471200643|
13471200644|
13471200645|
13471200646|
13471200647|
13471200672|
13471200673|
13471200674|
13471200675|
13471200676|
13471200677|
13471200678|
13471200679|
13471200704|
13471200705|
13471200706|
13471200707|
13471200708|
13471200709|
13471200710|
13471200711|
13471200736|
