13410000195|
13410000196|
13410000197|
13410000198|
13410000199|
13410000224|
13410000225|
13410000226|
13410000227|
13410000228|
13410000229|
13410000230|
13410000231|
13410000256|
13410000257|
13410000258|
13410000259|
13410000260|
13410000261|
13410000262|
13410000263|
13410000288|
13410000289|
13410000290|
13410000291|
13410000292|
13410000293|
13410000294|
13410000295|
13410000320|
13410000321|
13410000322|
13410000323|
13410000324|
13410000325|
13410000326|
13410000327|
13410000352|
13410000353|
13410000354|
13410000355|
13410000356|
13410000357|
13410000358|
13410000359|
13410000384|
13410000385|
13410000386|
13410000387|
13410000388|
13410000389|
13410000390|
13410000391|
13410000416|
13410000417|
13410000418|
13410000419|
13410000420|
13410000421|
13410000422|
13410000423|
13410000448|
13410000449|
13410000450|
13410000451|
13410000452|
13410000453|
13410000454|
13410000455|
13410000480|
13410000481|
13410000482|
13410000483|
13410000484|
13410000485|
13410000486|
13410000487|
13410000512|
13410000513|
13410000514|
13410000515|
13410000516|
13410000517|
13410000518|
13410000519|
13410000544|
13410000545|
13410000546|
13410000547|
13410000548|
13410000549|
13410000550|
13410000551|
13410000576|
13410000577|
13410000578|
13410000579|
13410000580|
13410000581|
13410000582|
