13494600386|
13494600387|
13494600388|
13494600389|
13494600390|
13494600391|
13494600416|
13494600417|
13494600418|
13494600419|
13494600420|
13494600421|
13494600422|
13494600423|
13494600448|
13494600449|
13494600450|
13494600451|
13494600452|
13494600453|
13494600454|
13494600455|
13494600480|
13494600481|
13494600482|
13494600483|
13494600484|
13494600485|
13494600486|
13494600487|
13494600512|
13494600513|
13494600514|
13494600515|
13494600516|
13494600517|
13494600518|
13494600519|
13494600544|
13494600545|
13494600546|
13494600547|
13494600548|
13494600549|
13494600550|
13494600551|
13494600576|
13494600577|
13494600578|
13494600579|
13494600580|
13494600581|
13494600582|
13494600583|
13494600608|
13494600609|
13494600610|
13494600611|
13494600612|
13494600613|
13494600614|
13494600615|
13494600640|
13494600641|
13494600642|
13494600643|
13494600644|
13494600645|
13494600646|
13494600647|
13494600672|
13494600673|
13494600674|
13494600675|
13494600676|
13494600677|
13494600678|
13494600679|
13494600704|
13494600705|
13494600706|
13494600707|
13494600708|
13494600709|
13494600710|
13494600711|
13494600736|
13494600737|
13494600738|
13494600739|
13494600740|
13494600741|
13494600742|
13494600743|
13494600768|
13494600769|
13494600770|
13494600771|
13494600772|
13494600773|
