27000064|
27000065|
27000066|
27000067|
27000068|
27000069|
27000070|
27000071|
27000096|
27000097|
27000098|
27000099|
27000100|
27000101|
27000102|
27000103|
27000128|
27000129|
27000130|
27000131|
27000132|
27000133|
27000134|
27000135|
27000160|
27000161|
27000162|
27000163|
27000164|
27000165|
27000166|
27000167|
27000192|
27000193|
27000194|
27000195|
27000196|
27000197|
27000198|
27000199|
27000224|
27000225|
27000226|
27000227|
27000228|
27000229|
27000230|
27000231|
27000256|
27000257|
27000258|
27000259|
27000260|
27000261|
27000262|
27000263|
27000288|
27000289|
27000290|
27000291|
27000292|
27000293|
27000294|
27000295|
27000320|
27000321|
27000322|
27000323|
27000324|
27000325|
27000326|
27000327|
27000352|
27000353|
27000354|
27000355|
27000356|
27000357|
27000358|
27000359|
27000384|
27000385|
27000386|
27000387|
27000388|
27000389|
27000390|
27000391|
27000416|
27000417|
27000418|
27000419|
27000420|
27000421|
27000422|
27000423|
27000448|
27000449|
27000450|
27000451|
