13458600294|
13458600295|
13458600320|
13458600321|
13458600322|
13458600323|
13458600324|
13458600325|
13458600326|
13458600327|
13458600352|
13458600353|
13458600354|
13458600355|
13458600356|
13458600357|
13458600358|
13458600359|
13458600384|
13458600385|
13458600386|
13458600387|
13458600388|
13458600389|
13458600390|
13458600391|
13458600416|
13458600417|
13458600418|
13458600419|
13458600420|
13458600421|
13458600422|
13458600423|
13458600448|
13458600449|
13458600450|
13458600451|
13458600452|
13458600453|
13458600454|
13458600455|
13458600480|
13458600481|
13458600482|
13458600483|
13458600484|
13458600485|
13458600486|
13458600487|
13458600512|
13458600513|
13458600514|
13458600515|
13458600516|
13458600517|
13458600518|
13458600519|
13458600544|
13458600545|
13458600546|
13458600547|
13458600548|
13458600549|
13458600550|
13458600551|
13458600576|
13458600577|
13458600578|
13458600579|
13458600580|
13458600581|
13458600582|
13458600583|
13458600608|
13458600609|
13458600610|
13458600611|
13458600612|
13458600613|
13458600614|
13458600615|
13458600640|
13458600641|
13458600642|
13458600643|
13458600644|
13458600645|
13458600646|
13458600647|
13458600672|
13458600673|
13458600674|
13458600675|
13458600676|
13458600677|
13458600678|
13458600679|
13458600704|
13458600705|
