156600352|
156600353|
156600354|
156600355|
156600356|
156600357|
156600358|
156600359|
156600384|
156600385|
156600386|
156600387|
156600388|
156600389|
156600390|
156600391|
156600416|
156600417|
156600418|
156600419|
156600420|
156600421|
156600422|
156600423|
156600448|
156600449|
156600450|
156600451|
156600452|
156600453|
156600454|
156600455|
156600480|
156600481|
156600482|
156600483|
156600484|
156600485|
156600486|
156600487|
156600512|
156600513|
156600514|
156600515|
156600516|
156600517|
156600518|
156600519|
156600544|
156600545|
156600546|
156600547|
156600548|
156600549|
156600550|
156600551|
156600576|
156600577|
156600578|
156600579|
156600580|
156600581|
156600582|
156600583|
156600608|
156600609|
156600610|
156600611|
156600612|
156600613|
156600614|
156600615|
156600640|
156600641|
156600642|
156600643|
156600644|
156600645|
156600646|
156600647|
156600672|
156600673|
156600674|
156600675|
156600676|
156600677|
156600678|
156600679|
156600704|
156600705|
156600706|
156600707|
156600708|
156600709|
156600710|
156600711|
156600736|
156600737|
156600738|
156600739|
