26929800230|
26929800231|
26929800256|
26929800257|
26929800258|
26929800259|
26929800260|
26929800261|
26929800262|
26929800263|
26929800288|
26929800289|
26929800290|
26929800291|
26929800292|
26929800293|
26929800294|
26929800295|
26929800320|
26929800321|
26929800322|
26929800323|
26929800324|
26929800325|
26929800326|
26929800327|
26929800352|
26929800353|
26929800354|
26929800355|
26929800356|
26929800357|
26929800358|
26929800359|
26929800384|
26929800385|
26929800386|
26929800387|
26929800388|
26929800389|
26929800390|
26929800391|
26929800416|
26929800417|
26929800418|
26929800419|
26929800420|
26929800421|
26929800422|
26929800423|
26929800448|
26929800449|
26929800450|
26929800451|
26929800452|
26929800453|
26929800454|
26929800455|
26929800480|
26929800481|
26929800482|
26929800483|
26929800484|
26929800485|
26929800486|
26929800487|
26929800512|
26929800513|
26929800514|
26929800515|
26929800516|
26929800517|
26929800518|
26929800519|
26929800544|
26929800545|
26929800546|
26929800547|
26929800548|
26929800549|
26929800550|
26929800551|
26929800576|
26929800577|
26929800578|
26929800579|
26929800580|
26929800581|
26929800582|
26929800583|
26929800608|
26929800609|
26929800610|
26929800611|
26929800612|
26929800613|
26929800614|
26929800615|
26929800640|
26929800641|
