147600323|
147600324|
147600325|
147600326|
147600327|
147600352|
147600353|
147600354|
147600355|
147600356|
147600357|
147600358|
147600359|
147600384|
147600385|
147600386|
147600387|
147600388|
147600389|
147600390|
147600391|
147600416|
147600417|
147600418|
147600419|
147600420|
147600421|
147600422|
147600423|
147600448|
147600449|
147600450|
147600451|
147600452|
147600453|
147600454|
147600455|
147600480|
147600481|
147600482|
147600483|
147600484|
147600485|
147600486|
147600487|
147600512|
147600513|
147600514|
147600515|
147600516|
147600517|
147600518|
147600519|
147600544|
147600545|
147600546|
147600547|
147600548|
147600549|
147600550|
147600551|
147600576|
147600577|
147600578|
147600579|
147600580|
147600581|
147600582|
147600583|
147600608|
147600609|
147600610|
147600611|
147600612|
147600613|
147600614|
147600615|
147600640|
147600641|
147600642|
147600643|
147600644|
147600645|
147600646|
147600647|
147600672|
147600673|
147600674|
147600675|
147600676|
147600677|
147600678|
147600679|
147600704|
147600705|
147600706|
147600707|
147600708|
147600709|
147600710|
