26987400358|
26987400359|
26987400384|
26987400385|
26987400386|
26987400387|
26987400388|
26987400389|
26987400390|
26987400391|
26987400416|
26987400417|
26987400418|
26987400419|
26987400420|
26987400421|
26987400422|
26987400423|
26987400448|
26987400449|
26987400450|
26987400451|
26987400452|
26987400453|
26987400454|
26987400455|
26987400480|
26987400481|
26987400482|
26987400483|
26987400484|
26987400485|
26987400486|
26987400487|
26987400512|
26987400513|
26987400514|
26987400515|
26987400516|
26987400517|
26987400518|
26987400519|
26987400544|
26987400545|
26987400546|
26987400547|
26987400548|
26987400549|
26987400550|
26987400551|
26987400576|
26987400577|
26987400578|
26987400579|
26987400580|
26987400581|
26987400582|
26987400583|
26987400608|
26987400609|
26987400610|
26987400611|
26987400612|
26987400613|
26987400614|
26987400615|
26987400640|
26987400641|
26987400642|
26987400643|
26987400644|
26987400645|
26987400646|
26987400647|
26987400672|
26987400673|
26987400674|
26987400675|
26987400676|
26987400677|
26987400678|
26987400679|
26987400704|
26987400705|
26987400706|
26987400707|
26987400708|
26987400709|
26987400710|
26987400711|
26987400736|
26987400737|
26987400738|
26987400739|
26987400740|
26987400741|
26987400742|
26987400743|
26987400768|
26987400769|
