21600037|
21600038|
21600039|
21600064|
21600065|
21600066|
21600067|
21600068|
21600069|
21600070|
21600071|
21600096|
21600097|
21600098|
21600099|
21600100|
21600101|
21600102|
21600103|
21600128|
21600129|
21600130|
21600131|
21600132|
21600133|
21600134|
21600135|
21600160|
21600161|
21600162|
21600163|
21600164|
21600165|
21600166|
21600167|
21600192|
21600193|
21600194|
21600195|
21600196|
21600197|
21600198|
21600199|
21600224|
21600225|
21600226|
21600227|
21600228|
21600229|
21600230|
21600231|
21600256|
21600257|
21600258|
21600259|
21600260|
21600261|
21600262|
21600263|
21600288|
21600289|
21600290|
21600291|
21600292|
21600293|
21600294|
21600295|
21600320|
21600321|
21600322|
21600323|
21600324|
21600325|
21600326|
21600327|
21600352|
21600353|
21600354|
21600355|
21600356|
21600357|
21600358|
21600359|
21600384|
21600385|
21600386|
21600387|
21600388|
21600389|
21600390|
21600391|
21600416|
21600417|
21600418|
21600419|
21600420|
21600421|
21600422|
21600423|
21600448|
