120600260|
120600261|
120600262|
120600263|
120600288|
120600289|
120600290|
120600291|
120600292|
120600293|
120600294|
120600295|
120600320|
120600321|
120600322|
120600323|
120600324|
120600325|
120600326|
120600327|
120600352|
120600353|
120600354|
120600355|
120600356|
120600357|
120600358|
120600359|
120600384|
120600385|
120600386|
120600387|
120600388|
120600389|
120600390|
120600391|
120600416|
120600417|
120600418|
120600419|
120600420|
120600421|
120600422|
120600423|
120600448|
120600449|
120600450|
120600451|
120600452|
120600453|
120600454|
120600455|
120600480|
120600481|
120600482|
120600483|
120600484|
120600485|
120600486|
120600487|
120600512|
120600513|
120600514|
120600515|
120600516|
120600517|
120600518|
120600519|
120600544|
120600545|
120600546|
120600547|
120600548|
120600549|
120600550|
120600551|
120600576|
120600577|
120600578|
120600579|
120600580|
120600581|
120600582|
120600583|
120600608|
120600609|
120600610|
120600611|
120600612|
120600613|
120600614|
120600615|
120600640|
120600641|
120600642|
120600643|
120600644|
120600645|
120600646|
120600647|
