44472000037|
44472000038|
44472000039|
44472000064|
44472000065|
44472000066|
44472000067|
44472000068|
44472000069|
44472000070|
44472000071|
44472000096|
44472000097|
44472000098|
44472000099|
44472000100|
44472000101|
44472000102|
44472000103|
44472000128|
44472000129|
44472000130|
44472000131|
44472000132|
44472000133|
44472000134|
44472000135|
44472000160|
44472000161|
44472000162|
44472000163|
44472000164|
44472000165|
44472000166|
44472000167|
44472000192|
44472000193|
44472000194|
44472000195|
44472000196|
44472000197|
44472000198|
44472000199|
44472000224|
44472000225|
44472000226|
44472000227|
44472000228|
44472000229|
44472000230|
44472000231|
44472000256|
44472000257|
44472000258|
44472000259|
44472000260|
44472000261|
44472000262|
44472000263|
44472000288|
44472000289|
44472000290|
44472000291|
44472000292|
44472000293|
44472000294|
44472000295|
44472000320|
44472000321|
44472000322|
44472000323|
44472000324|
44472000325|
44472000326|
44472000327|
44472000352|
44472000353|
44472000354|
44472000355|
44472000356|
44472000357|
44472000358|
44472000359|
44472000384|
44472000385|
44472000386|
44472000387|
44472000388|
44472000389|
44472000390|
44472000391|
44472000416|
44472000417|
44472000418|
44472000419|
44472000420|
44472000421|
44472000422|
44472000423|
44472000448|
