44724000199|
44724000224|
44724000225|
44724000226|
44724000227|
44724000228|
44724000229|
44724000230|
44724000231|
44724000256|
44724000257|
44724000258|
44724000259|
44724000260|
44724000261|
44724000262|
44724000263|
44724000288|
44724000289|
44724000290|
44724000291|
44724000292|
44724000293|
44724000294|
44724000295|
44724000320|
44724000321|
44724000322|
44724000323|
44724000324|
44724000325|
44724000326|
44724000327|
44724000352|
44724000353|
44724000354|
44724000355|
44724000356|
44724000357|
44724000358|
44724000359|
44724000384|
44724000385|
44724000386|
44724000387|
44724000388|
44724000389|
44724000390|
44724000391|
44724000416|
44724000417|
44724000418|
44724000419|
44724000420|
44724000421|
44724000422|
44724000423|
44724000448|
44724000449|
44724000450|
44724000451|
44724000452|
44724000453|
44724000454|
44724000455|
44724000480|
44724000481|
44724000482|
44724000483|
44724000484|
44724000485|
44724000486|
44724000487|
44724000512|
44724000513|
44724000514|
44724000515|
44724000516|
44724000517|
44724000518|
44724000519|
44724000544|
44724000545|
44724000546|
44724000547|
44724000548|
44724000549|
44724000550|
44724000551|
44724000576|
44724000577|
44724000578|
44724000579|
44724000580|
44724000581|
44724000582|
44724000583|
44724000608|
44724000609|
44724000610|
