510000326|
510000327|
510000352|
510000353|
510000354|
510000355|
510000356|
510000357|
510000358|
510000359|
510000384|
510000385|
510000386|
510000387|
510000388|
510000389|
510000390|
510000391|
510000416|
510000417|
510000418|
510000419|
510000420|
510000421|
510000422|
510000423|
510000448|
510000449|
510000450|
510000451|
510000452|
510000453|
510000454|
510000455|
510000480|
510000481|
510000482|
510000483|
510000484|
510000485|
510000486|
510000487|
510000512|
510000513|
510000514|
510000515|
510000516|
510000517|
510000518|
510000519|
510000544|
510000545|
510000546|
510000547|
510000548|
510000549|
510000550|
510000551|
510000576|
510000577|
510000578|
510000579|
510000580|
510000581|
510000582|
510000583|
510000608|
510000609|
510000610|
510000611|
510000612|
510000613|
510000614|
510000615|
510000640|
510000641|
510000642|
510000643|
510000644|
510000645|
510000646|
510000647|
510000672|
510000673|
510000674|
510000675|
510000676|
510000677|
510000678|
510000679|
510000704|
510000705|
510000706|
510000707|
510000708|
510000709|
510000710|
510000711|
510000736|
510000737|
