120000069|
120000070|
120000071|
120000096|
120000097|
120000098|
120000099|
120000100|
120000101|
120000102|
120000103|
120000128|
120000129|
120000130|
120000131|
120000132|
120000133|
120000134|
120000135|
120000160|
120000161|
120000162|
120000163|
120000164|
120000165|
120000166|
120000167|
120000192|
120000193|
120000194|
120000195|
120000196|
120000197|
120000198|
120000199|
120000224|
120000225|
120000226|
120000227|
120000228|
120000229|
120000230|
120000231|
120000256|
120000257|
120000258|
120000259|
120000260|
120000261|
120000262|
120000263|
120000288|
120000289|
120000290|
120000291|
120000292|
120000293|
120000294|
120000295|
120000320|
120000321|
120000322|
120000323|
120000324|
120000325|
120000326|
120000327|
120000352|
120000353|
120000354|
120000355|
120000356|
120000357|
120000358|
120000359|
120000384|
120000385|
120000386|
120000387|
120000388|
120000389|
120000390|
120000391|
120000416|
120000417|
120000418|
120000419|
120000420|
120000421|
120000422|
120000423|
120000448|
120000449|
120000450|
120000451|
120000452|
120000453|
120000454|
120000455|
120000480|
