44976000385|
44976000386|
44976000387|
44976000388|
44976000389|
44976000390|
44976000391|
44976000416|
44976000417|
44976000418|
44976000419|
44976000420|
44976000421|
44976000422|
44976000423|
44976000448|
44976000449|
44976000450|
44976000451|
44976000452|
44976000453|
44976000454|
44976000455|
44976000480|
44976000481|
44976000482|
44976000483|
44976000484|
44976000485|
44976000486|
44976000487|
44976000512|
44976000513|
44976000514|
44976000515|
44976000516|
44976000517|
44976000518|
44976000519|
44976000544|
44976000545|
44976000546|
44976000547|
44976000548|
44976000549|
44976000550|
44976000551|
44976000576|
44976000577|
44976000578|
44976000579|
44976000580|
44976000581|
44976000582|
44976000583|
44976000608|
44976000609|
44976000610|
44976000611|
44976000612|
44976000613|
44976000614|
44976000615|
44976000640|
44976000641|
44976000642|
44976000643|
44976000644|
44976000645|
44976000646|
44976000647|
44976000672|
44976000673|
44976000674|
44976000675|
44976000676|
44976000677|
44976000678|
44976000679|
44976000704|
44976000705|
44976000706|
44976000707|
44976000708|
44976000709|
44976000710|
44976000711|
44976000736|
44976000737|
44976000738|
44976000739|
44976000740|
44976000741|
44976000742|
44976000743|
44976000768|
44976000769|
44976000770|
44976000771|
44976000772|
