44460000035|
44460000036|
44460000037|
44460000038|
44460000039|
44460000064|
44460000065|
44460000066|
44460000067|
44460000068|
44460000069|
44460000070|
44460000071|
44460000096|
44460000097|
44460000098|
44460000099|
44460000100|
44460000101|
44460000102|
44460000103|
44460000128|
44460000129|
44460000130|
44460000131|
44460000132|
44460000133|
44460000134|
44460000135|
44460000160|
44460000161|
44460000162|
44460000163|
44460000164|
44460000165|
44460000166|
44460000167|
44460000192|
44460000193|
44460000194|
44460000195|
44460000196|
44460000197|
44460000198|
44460000199|
44460000224|
44460000225|
44460000226|
44460000227|
44460000228|
44460000229|
44460000230|
44460000231|
44460000256|
44460000257|
44460000258|
44460000259|
44460000260|
44460000261|
44460000262|
44460000263|
44460000288|
44460000289|
44460000290|
44460000291|
44460000292|
44460000293|
44460000294|
44460000295|
44460000320|
44460000321|
44460000322|
44460000323|
44460000324|
44460000325|
44460000326|
44460000327|
44460000352|
44460000353|
44460000354|
44460000355|
44460000356|
44460000357|
44460000358|
44460000359|
44460000384|
44460000385|
44460000386|
44460000387|
44460000388|
44460000389|
44460000390|
44460000391|
44460000416|
44460000417|
44460000418|
44460000419|
44460000420|
44460000421|
44460000422|
