44700000195|
44700000196|
44700000197|
44700000198|
44700000199|
44700000224|
44700000225|
44700000226|
44700000227|
44700000228|
44700000229|
44700000230|
44700000231|
44700000256|
44700000257|
44700000258|
44700000259|
44700000260|
44700000261|
44700000262|
44700000263|
44700000288|
44700000289|
44700000290|
44700000291|
44700000292|
44700000293|
44700000294|
44700000295|
44700000320|
44700000321|
44700000322|
44700000323|
44700000324|
44700000325|
44700000326|
44700000327|
44700000352|
44700000353|
44700000354|
44700000355|
44700000356|
44700000357|
44700000358|
44700000359|
44700000384|
44700000385|
44700000386|
44700000387|
44700000388|
44700000389|
44700000390|
44700000391|
44700000416|
44700000417|
44700000418|
44700000419|
44700000420|
44700000421|
44700000422|
44700000423|
44700000448|
44700000449|
44700000450|
44700000451|
44700000452|
44700000453|
44700000454|
44700000455|
44700000480|
44700000481|
44700000482|
44700000483|
44700000484|
44700000485|
44700000486|
44700000487|
44700000512|
44700000513|
44700000514|
44700000515|
44700000516|
44700000517|
44700000518|
44700000519|
44700000544|
44700000545|
44700000546|
44700000547|
44700000548|
44700000549|
44700000550|
44700000551|
44700000576|
44700000577|
44700000578|
44700000579|
44700000580|
44700000581|
44700000582|
