546000356|
546000357|
546000358|
546000359|
546000384|
546000385|
546000386|
546000387|
546000388|
546000389|
546000390|
546000391|
546000416|
546000417|
546000418|
546000419|
546000420|
546000421|
546000422|
546000423|
546000448|
546000449|
546000450|
546000451|
546000452|
546000453|
546000454|
546000455|
546000480|
546000481|
546000482|
546000483|
546000484|
546000485|
546000486|
546000487|
546000512|
546000513|
546000514|
546000515|
546000516|
546000517|
546000518|
546000519|
546000544|
546000545|
546000546|
546000547|
546000548|
546000549|
546000550|
546000551|
546000576|
546000577|
546000578|
546000579|
546000580|
546000581|
546000582|
546000583|
546000608|
546000609|
546000610|
546000611|
546000612|
546000613|
546000614|
546000615|
546000640|
546000641|
546000642|
546000643|
546000644|
546000645|
546000646|
546000647|
546000672|
546000673|
546000674|
546000675|
546000676|
546000677|
546000678|
546000679|
546000704|
546000705|
546000706|
546000707|
546000708|
546000709|
546000710|
546000711|
546000736|
546000737|
546000738|
546000739|
546000740|
546000741|
546000742|
546000743|
