44532000071|
44532000096|
44532000097|
44532000098|
44532000099|
44532000100|
44532000101|
44532000102|
44532000103|
44532000128|
44532000129|
44532000130|
44532000131|
44532000132|
44532000133|
44532000134|
44532000135|
44532000160|
44532000161|
44532000162|
44532000163|
44532000164|
44532000165|
44532000166|
44532000167|
44532000192|
44532000193|
44532000194|
44532000195|
44532000196|
44532000197|
44532000198|
44532000199|
44532000224|
44532000225|
44532000226|
44532000227|
44532000228|
44532000229|
44532000230|
44532000231|
44532000256|
44532000257|
44532000258|
44532000259|
44532000260|
44532000261|
44532000262|
44532000263|
44532000288|
44532000289|
44532000290|
44532000291|
44532000292|
44532000293|
44532000294|
44532000295|
44532000320|
44532000321|
44532000322|
44532000323|
44532000324|
44532000325|
44532000326|
44532000327|
44532000352|
44532000353|
44532000354|
44532000355|
44532000356|
44532000357|
44532000358|
44532000359|
44532000384|
44532000385|
44532000386|
44532000387|
44532000388|
44532000389|
44532000390|
44532000391|
44532000416|
44532000417|
44532000418|
44532000419|
44532000420|
44532000421|
44532000422|
44532000423|
44532000448|
44532000449|
44532000450|
44532000451|
44532000452|
44532000453|
44532000454|
44532000455|
44532000480|
44532000481|
44532000482|
