44796000259|
44796000260|
44796000261|
44796000262|
44796000263|
44796000288|
44796000289|
44796000290|
44796000291|
44796000292|
44796000293|
44796000294|
44796000295|
44796000320|
44796000321|
44796000322|
44796000323|
44796000324|
44796000325|
44796000326|
44796000327|
44796000352|
44796000353|
44796000354|
44796000355|
44796000356|
44796000357|
44796000358|
44796000359|
44796000384|
44796000385|
44796000386|
44796000387|
44796000388|
44796000389|
44796000390|
44796000391|
44796000416|
44796000417|
44796000418|
44796000419|
44796000420|
44796000421|
44796000422|
44796000423|
44796000448|
44796000449|
44796000450|
44796000451|
44796000452|
44796000453|
44796000454|
44796000455|
44796000480|
44796000481|
44796000482|
44796000483|
44796000484|
44796000485|
44796000486|
44796000487|
44796000512|
44796000513|
44796000514|
44796000515|
44796000516|
44796000517|
44796000518|
44796000519|
44796000544|
44796000545|
44796000546|
44796000547|
44796000548|
44796000549|
44796000550|
44796000551|
44796000576|
44796000577|
44796000578|
44796000579|
44796000580|
44796000581|
44796000582|
44796000583|
44796000608|
44796000609|
44796000610|
44796000611|
44796000612|
44796000613|
44796000614|
44796000615|
44796000640|
44796000641|
44796000642|
44796000643|
44796000644|
44796000645|
44796000646|
