89490000064|
89490000065|
89490000066|
89490000067|
89490000068|
89490000069|
89490000070|
89490000071|
89490000096|
89490000097|
89490000098|
89490000099|
89490000100|
89490000101|
89490000102|
89490000103|
89490000128|
89490000129|
89490000130|
89490000131|
89490000132|
89490000133|
89490000134|
89490000135|
89490000160|
89490000161|
89490000162|
89490000163|
89490000164|
89490000165|
89490000166|
89490000167|
89490000192|
89490000193|
89490000194|
89490000195|
89490000196|
89490000197|
89490000198|
89490000199|
89490000224|
89490000225|
89490000226|
89490000227|
89490000228|
89490000229|
89490000230|
89490000231|
89490000256|
89490000257|
89490000258|
89490000259|
89490000260|
89490000261|
89490000262|
89490000263|
89490000288|
89490000289|
89490000290|
89490000291|
89490000292|
89490000293|
89490000294|
89490000295|
89490000320|
89490000321|
89490000322|
89490000323|
89490000324|
89490000325|
89490000326|
89490000327|
89490000352|
89490000353|
89490000354|
89490000355|
89490000356|
89490000357|
89490000358|
89490000359|
89490000384|
89490000385|
89490000386|
89490000387|
89490000388|
89490000389|
89490000390|
89490000391|
89490000416|
89490000417|
89490000418|
89490000419|
89490000420|
89490000421|
89490000422|
89490000423|
89490000448|
89490000449|
89490000450|
89490000451|
