366000230|
366000231|
366000256|
366000257|
366000258|
366000259|
366000260|
366000261|
366000262|
366000263|
366000288|
366000289|
366000290|
366000291|
366000292|
366000293|
366000294|
366000295|
366000320|
366000321|
366000322|
366000323|
366000324|
366000325|
366000326|
366000327|
366000352|
366000353|
366000354|
366000355|
366000356|
366000357|
366000358|
366000359|
366000384|
366000385|
366000386|
366000387|
366000388|
366000389|
366000390|
366000391|
366000416|
366000417|
366000418|
366000419|
366000420|
366000421|
366000422|
366000423|
366000448|
366000449|
366000450|
366000451|
366000452|
366000453|
366000454|
366000455|
366000480|
366000481|
366000482|
366000483|
366000484|
366000485|
366000486|
366000487|
366000512|
366000513|
366000514|
366000515|
366000516|
366000517|
366000518|
366000519|
366000544|
366000545|
366000546|
366000547|
366000548|
366000549|
366000550|
366000551|
366000576|
366000577|
366000578|
366000579|
366000580|
366000581|
366000582|
366000583|
366000608|
366000609|
366000610|
366000611|
366000612|
366000613|
366000614|
366000615|
366000640|
366000641|
