89964000359|
89964000384|
89964000385|
89964000386|
89964000387|
89964000388|
89964000389|
89964000390|
89964000391|
89964000416|
89964000417|
89964000418|
89964000419|
89964000420|
89964000421|
89964000422|
89964000423|
89964000448|
89964000449|
89964000450|
89964000451|
89964000452|
89964000453|
89964000454|
89964000455|
89964000480|
89964000481|
89964000482|
89964000483|
89964000484|
89964000485|
89964000486|
89964000487|
89964000512|
89964000513|
89964000514|
89964000515|
89964000516|
89964000517|
89964000518|
89964000519|
89964000544|
89964000545|
89964000546|
89964000547|
89964000548|
89964000549|
89964000550|
89964000551|
89964000576|
89964000577|
89964000578|
89964000579|
89964000580|
89964000581|
89964000582|
89964000583|
89964000608|
89964000609|
89964000610|
89964000611|
89964000612|
89964000613|
89964000614|
89964000615|
89964000640|
89964000641|
89964000642|
89964000643|
89964000644|
89964000645|
89964000646|
89964000647|
89964000672|
89964000673|
89964000674|
89964000675|
89964000676|
89964000677|
89964000678|
89964000679|
89964000704|
89964000705|
89964000706|
89964000707|
89964000708|
89964000709|
89964000710|
89964000711|
89964000736|
89964000737|
89964000738|
89964000739|
89964000740|
89964000741|
89964000742|
89964000743|
89964000768|
89964000769|
89964000770|
