89688000193|
89688000194|
89688000195|
89688000196|
89688000197|
89688000198|
89688000199|
89688000224|
89688000225|
89688000226|
89688000227|
89688000228|
89688000229|
89688000230|
89688000231|
89688000256|
89688000257|
89688000258|
89688000259|
89688000260|
89688000261|
89688000262|
89688000263|
89688000288|
89688000289|
89688000290|
89688000291|
89688000292|
89688000293|
89688000294|
89688000295|
89688000320|
89688000321|
89688000322|
89688000323|
89688000324|
89688000325|
89688000326|
89688000327|
89688000352|
89688000353|
89688000354|
89688000355|
89688000356|
89688000357|
89688000358|
89688000359|
89688000384|
89688000385|
89688000386|
89688000387|
89688000388|
89688000389|
89688000390|
89688000391|
89688000416|
89688000417|
89688000418|
89688000419|
89688000420|
89688000421|
89688000422|
89688000423|
89688000448|
89688000449|
89688000450|
89688000451|
89688000452|
89688000453|
89688000454|
89688000455|
89688000480|
89688000481|
89688000482|
89688000483|
89688000484|
89688000485|
89688000486|
89688000487|
89688000512|
89688000513|
89688000514|
89688000515|
89688000516|
89688000517|
89688000518|
89688000519|
89688000544|
89688000545|
89688000546|
89688000547|
89688000548|
89688000549|
89688000550|
89688000551|
89688000576|
89688000577|
89688000578|
89688000579|
89688000580|
