96000065|
96000066|
96000067|
96000068|
96000069|
96000070|
96000071|
96000096|
96000097|
96000098|
96000099|
96000100|
96000101|
96000102|
96000103|
96000128|
96000129|
96000130|
96000131|
96000132|
96000133|
96000134|
96000135|
96000160|
96000161|
96000162|
96000163|
96000164|
96000165|
96000166|
96000167|
96000192|
96000193|
96000194|
96000195|
96000196|
96000197|
96000198|
96000199|
96000224|
96000225|
96000226|
96000227|
96000228|
96000229|
96000230|
96000231|
96000256|
96000257|
96000258|
96000259|
96000260|
96000261|
96000262|
96000263|
96000288|
96000289|
96000290|
96000291|
96000292|
96000293|
96000294|
96000295|
96000320|
96000321|
96000322|
96000323|
96000324|
96000325|
96000326|
96000327|
96000352|
96000353|
96000354|
96000355|
96000356|
96000357|
96000358|
96000359|
96000384|
96000385|
96000386|
96000387|
96000388|
96000389|
96000390|
96000391|
96000416|
96000417|
96000418|
96000419|
96000420|
96000421|
96000422|
96000423|
96000448|
96000449|
96000450|
96000451|
96000452|
