89952000357|
89952000358|
89952000359|
89952000384|
89952000385|
89952000386|
89952000387|
89952000388|
89952000389|
89952000390|
89952000391|
89952000416|
89952000417|
89952000418|
89952000419|
89952000420|
89952000421|
89952000422|
89952000423|
89952000448|
89952000449|
89952000450|
89952000451|
89952000452|
89952000453|
89952000454|
89952000455|
89952000480|
89952000481|
89952000482|
89952000483|
89952000484|
89952000485|
89952000486|
89952000487|
89952000512|
89952000513|
89952000514|
89952000515|
89952000516|
89952000517|
89952000518|
89952000519|
89952000544|
89952000545|
89952000546|
89952000547|
89952000548|
89952000549|
89952000550|
89952000551|
89952000576|
89952000577|
89952000578|
89952000579|
89952000580|
89952000581|
89952000582|
89952000583|
89952000608|
89952000609|
89952000610|
89952000611|
89952000612|
89952000613|
89952000614|
89952000615|
89952000640|
89952000641|
89952000642|
89952000643|
89952000644|
89952000645|
89952000646|
89952000647|
89952000672|
89952000673|
89952000674|
89952000675|
89952000676|
89952000677|
89952000678|
89952000679|
89952000704|
89952000705|
89952000706|
89952000707|
89952000708|
89952000709|
89952000710|
89952000711|
89952000736|
89952000737|
89952000738|
89952000739|
89952000740|
89952000741|
89952000742|
89952000743|
89952000768|
