426000288|
426000289|
426000290|
426000291|
426000292|
426000293|
426000294|
426000295|
426000320|
426000321|
426000322|
426000323|
426000324|
426000325|
426000326|
426000327|
426000352|
426000353|
426000354|
426000355|
426000356|
426000357|
426000358|
426000359|
426000384|
426000385|
426000386|
426000387|
426000388|
426000389|
426000390|
426000391|
426000416|
426000417|
426000418|
426000419|
426000420|
426000421|
426000422|
426000423|
426000448|
426000449|
426000450|
426000451|
426000452|
426000453|
426000454|
426000455|
426000480|
426000481|
426000482|
426000483|
426000484|
426000485|
426000486|
426000487|
426000512|
426000513|
426000514|
426000515|
426000516|
426000517|
426000518|
426000519|
426000544|
426000545|
426000546|
426000547|
426000548|
426000549|
426000550|
426000551|
426000576|
426000577|
426000578|
426000579|
426000580|
426000581|
426000582|
426000583|
426000608|
426000609|
426000610|
426000611|
426000612|
426000613|
426000614|
426000615|
426000640|
426000641|
426000642|
426000643|
426000644|
426000645|
426000646|
426000647|
426000672|
426000673|
426000674|
426000675|
