89562000100|
89562000101|
89562000102|
89562000103|
89562000128|
89562000129|
89562000130|
89562000131|
89562000132|
89562000133|
89562000134|
89562000135|
89562000160|
89562000161|
89562000162|
89562000163|
89562000164|
89562000165|
89562000166|
89562000167|
89562000192|
89562000193|
89562000194|
89562000195|
89562000196|
89562000197|
89562000198|
89562000199|
89562000224|
89562000225|
89562000226|
89562000227|
89562000228|
89562000229|
89562000230|
89562000231|
89562000256|
89562000257|
89562000258|
89562000259|
89562000260|
89562000261|
89562000262|
89562000263|
89562000288|
89562000289|
89562000290|
89562000291|
89562000292|
89562000293|
89562000294|
89562000295|
89562000320|
89562000321|
89562000322|
89562000323|
89562000324|
89562000325|
89562000326|
89562000327|
89562000352|
89562000353|
89562000354|
89562000355|
89562000356|
89562000357|
89562000358|
89562000359|
89562000384|
89562000385|
89562000386|
89562000387|
89562000388|
89562000389|
89562000390|
89562000391|
89562000416|
89562000417|
89562000418|
89562000419|
89562000420|
89562000421|
89562000422|
89562000423|
89562000448|
89562000449|
89562000450|
89562000451|
89562000452|
89562000453|
89562000454|
89562000455|
89562000480|
89562000481|
89562000482|
89562000483|
89562000484|
89562000485|
89562000486|
89562000487|
