138000096|
138000097|
138000098|
138000099|
138000100|
138000101|
138000102|
138000103|
138000128|
138000129|
138000130|
138000131|
138000132|
138000133|
138000134|
138000135|
138000160|
138000161|
138000162|
138000163|
138000164|
138000165|
138000166|
138000167|
138000192|
138000193|
138000194|
138000195|
138000196|
138000197|
138000198|
138000199|
138000224|
138000225|
138000226|
138000227|
138000228|
138000229|
138000230|
138000231|
138000256|
138000257|
138000258|
138000259|
138000260|
138000261|
138000262|
138000263|
138000288|
138000289|
138000290|
138000291|
138000292|
138000293|
138000294|
138000295|
138000320|
138000321|
138000322|
138000323|
138000324|
138000325|
138000326|
138000327|
138000352|
138000353|
138000354|
138000355|
138000356|
138000357|
138000358|
138000359|
138000384|
138000385|
138000386|
138000387|
138000388|
138000389|
138000390|
138000391|
138000416|
138000417|
138000418|
138000419|
138000420|
138000421|
138000422|
138000423|
138000448|
138000449|
138000450|
138000451|
138000452|
138000453|
138000454|
138000455|
138000480|
138000481|
138000482|
138000483|
