342000226|
342000227|
342000228|
342000229|
342000230|
342000231|
342000256|
342000257|
342000258|
342000259|
342000260|
342000261|
342000262|
342000263|
342000288|
342000289|
342000290|
342000291|
342000292|
342000293|
342000294|
342000295|
342000320|
342000321|
342000322|
342000323|
342000324|
342000325|
342000326|
342000327|
342000352|
342000353|
342000354|
342000355|
342000356|
342000357|
342000358|
342000359|
342000384|
342000385|
342000386|
342000387|
342000388|
342000389|
342000390|
342000391|
342000416|
342000417|
342000418|
342000419|
342000420|
342000421|
342000422|
342000423|
342000448|
342000449|
342000450|
342000451|
342000452|
342000453|
342000454|
342000455|
342000480|
342000481|
342000482|
342000483|
342000484|
342000485|
342000486|
342000487|
342000512|
342000513|
342000514|
342000515|
342000516|
342000517|
342000518|
342000519|
342000544|
342000545|
342000546|
342000547|
342000548|
342000549|
342000550|
342000551|
342000576|
342000577|
342000578|
342000579|
342000580|
342000581|
342000582|
342000583|
342000608|
342000609|
342000610|
342000611|
342000612|
342000613|
