89760000229|
89760000230|
89760000231|
89760000256|
89760000257|
89760000258|
89760000259|
89760000260|
89760000261|
89760000262|
89760000263|
89760000288|
89760000289|
89760000290|
89760000291|
89760000292|
89760000293|
89760000294|
89760000295|
89760000320|
89760000321|
89760000322|
89760000323|
89760000324|
89760000325|
89760000326|
89760000327|
89760000352|
89760000353|
89760000354|
89760000355|
89760000356|
89760000357|
89760000358|
89760000359|
89760000384|
89760000385|
89760000386|
89760000387|
89760000388|
89760000389|
89760000390|
89760000391|
89760000416|
89760000417|
89760000418|
89760000419|
89760000420|
89760000421|
89760000422|
89760000423|
89760000448|
89760000449|
89760000450|
89760000451|
89760000452|
89760000453|
89760000454|
89760000455|
89760000480|
89760000481|
89760000482|
89760000483|
89760000484|
89760000485|
89760000486|
89760000487|
89760000512|
89760000513|
89760000514|
89760000515|
89760000516|
89760000517|
89760000518|
89760000519|
89760000544|
89760000545|
89760000546|
89760000547|
89760000548|
89760000549|
89760000550|
89760000551|
89760000576|
89760000577|
89760000578|
89760000579|
89760000580|
89760000581|
89760000582|
89760000583|
89760000608|
89760000609|
89760000610|
89760000611|
89760000612|
89760000613|
89760000614|
89760000615|
89760000640|
