89982000386|
89982000387|
89982000388|
89982000389|
89982000390|
89982000391|
89982000416|
89982000417|
89982000418|
89982000419|
89982000420|
89982000421|
89982000422|
89982000423|
89982000448|
89982000449|
89982000450|
89982000451|
89982000452|
89982000453|
89982000454|
89982000455|
89982000480|
89982000481|
89982000482|
89982000483|
89982000484|
89982000485|
89982000486|
89982000487|
89982000512|
89982000513|
89982000514|
89982000515|
89982000516|
89982000517|
89982000518|
89982000519|
89982000544|
89982000545|
89982000546|
89982000547|
89982000548|
89982000549|
89982000550|
89982000551|
89982000576|
89982000577|
89982000578|
89982000579|
89982000580|
89982000581|
89982000582|
89982000583|
89982000608|
89982000609|
89982000610|
89982000611|
89982000612|
89982000613|
89982000614|
89982000615|
89982000640|
89982000641|
89982000642|
89982000643|
89982000644|
89982000645|
89982000646|
89982000647|
89982000672|
89982000673|
89982000674|
89982000675|
89982000676|
89982000677|
89982000678|
89982000679|
89982000704|
89982000705|
89982000706|
89982000707|
89982000708|
89982000709|
89982000710|
89982000711|
89982000736|
89982000737|
89982000738|
89982000739|
89982000740|
89982000741|
89982000742|
89982000743|
89982000768|
89982000769|
89982000770|
89982000771|
89982000772|
89982000773|
