44508000067|
44508000068|
44508000069|
44508000070|
44508000071|
44508000096|
44508000097|
44508000098|
44508000099|
44508000100|
44508000101|
44508000102|
44508000103|
44508000128|
44508000129|
44508000130|
44508000131|
44508000132|
44508000133|
44508000134|
44508000135|
44508000160|
44508000161|
44508000162|
44508000163|
44508000164|
44508000165|
44508000166|
44508000167|
44508000192|
44508000193|
44508000194|
44508000195|
44508000196|
44508000197|
44508000198|
44508000199|
44508000224|
44508000225|
44508000226|
44508000227|
44508000228|
44508000229|
44508000230|
44508000231|
44508000256|
44508000257|
44508000258|
44508000259|
44508000260|
44508000261|
44508000262|
44508000263|
44508000288|
44508000289|
44508000290|
44508000291|
44508000292|
44508000293|
44508000294|
44508000295|
44508000320|
44508000321|
44508000322|
44508000323|
44508000324|
44508000325|
44508000326|
44508000327|
44508000352|
44508000353|
44508000354|
44508000355|
44508000356|
44508000357|
44508000358|
44508000359|
44508000384|
44508000385|
44508000386|
44508000387|
44508000388|
44508000389|
44508000390|
44508000391|
44508000416|
44508000417|
44508000418|
44508000419|
44508000420|
44508000421|
44508000422|
44508000423|
44508000448|
44508000449|
44508000450|
44508000451|
44508000452|
44508000453|
44508000454|
