44778000256|
44778000257|
44778000258|
44778000259|
44778000260|
44778000261|
44778000262|
44778000263|
44778000288|
44778000289|
44778000290|
44778000291|
44778000292|
44778000293|
44778000294|
44778000295|
44778000320|
44778000321|
44778000322|
44778000323|
44778000324|
44778000325|
44778000326|
44778000327|
44778000352|
44778000353|
44778000354|
44778000355|
44778000356|
44778000357|
44778000358|
44778000359|
44778000384|
44778000385|
44778000386|
44778000387|
44778000388|
44778000389|
44778000390|
44778000391|
44778000416|
44778000417|
44778000418|
44778000419|
44778000420|
44778000421|
44778000422|
44778000423|
44778000448|
44778000449|
44778000450|
44778000451|
44778000452|
44778000453|
44778000454|
44778000455|
44778000480|
44778000481|
44778000482|
44778000483|
44778000484|
44778000485|
44778000486|
44778000487|
44778000512|
44778000513|
44778000514|
44778000515|
44778000516|
44778000517|
44778000518|
44778000519|
44778000544|
44778000545|
44778000546|
44778000547|
44778000548|
44778000549|
44778000550|
44778000551|
44778000576|
44778000577|
44778000578|
44778000579|
44778000580|
44778000581|
44778000582|
44778000583|
44778000608|
44778000609|
44778000610|
44778000611|
44778000612|
44778000613|
44778000614|
44778000615|
44778000640|
44778000641|
44778000642|
44778000643|
