44694000194|
44694000195|
44694000196|
44694000197|
44694000198|
44694000199|
44694000224|
44694000225|
44694000226|
44694000227|
44694000228|
44694000229|
44694000230|
44694000231|
44694000256|
44694000257|
44694000258|
44694000259|
44694000260|
44694000261|
44694000262|
44694000263|
44694000288|
44694000289|
44694000290|
44694000291|
44694000292|
44694000293|
44694000294|
44694000295|
44694000320|
44694000321|
44694000322|
44694000323|
44694000324|
44694000325|
44694000326|
44694000327|
44694000352|
44694000353|
44694000354|
44694000355|
44694000356|
44694000357|
44694000358|
44694000359|
44694000384|
44694000385|
44694000386|
44694000387|
44694000388|
44694000389|
44694000390|
44694000391|
44694000416|
44694000417|
44694000418|
44694000419|
44694000420|
44694000421|
44694000422|
44694000423|
44694000448|
44694000449|
44694000450|
44694000451|
44694000452|
44694000453|
44694000454|
44694000455|
44694000480|
44694000481|
44694000482|
44694000483|
44694000484|
44694000485|
44694000486|
44694000487|
44694000512|
44694000513|
44694000514|
44694000515|
44694000516|
44694000517|
44694000518|
44694000519|
44694000544|
44694000545|
44694000546|
44694000547|
44694000548|
44694000549|
44694000550|
44694000551|
44694000576|
44694000577|
44694000578|
44694000579|
44694000580|
44694000581|
