348000227|
348000228|
348000229|
348000230|
348000231|
348000256|
348000257|
348000258|
348000259|
348000260|
348000261|
348000262|
348000263|
348000288|
348000289|
348000290|
348000291|
348000292|
348000293|
348000294|
348000295|
348000320|
348000321|
348000322|
348000323|
348000324|
348000325|
348000326|
348000327|
348000352|
348000353|
348000354|
348000355|
348000356|
348000357|
348000358|
348000359|
348000384|
348000385|
348000386|
348000387|
348000388|
348000389|
348000390|
348000391|
348000416|
348000417|
348000418|
348000419|
348000420|
348000421|
348000422|
348000423|
348000448|
348000449|
348000450|
348000451|
348000452|
348000453|
348000454|
348000455|
348000480|
348000481|
348000482|
348000483|
348000484|
348000485|
348000486|
348000487|
348000512|
348000513|
348000514|
348000515|
348000516|
348000517|
348000518|
348000519|
348000544|
348000545|
348000546|
348000547|
348000548|
348000549|
348000550|
348000551|
348000576|
348000577|
348000578|
348000579|
348000580|
348000581|
348000582|
348000583|
348000608|
348000609|
348000610|
348000611|
348000612|
348000613|
348000614|
