312000197|
312000198|
312000199|
312000224|
312000225|
312000226|
312000227|
312000228|
312000229|
312000230|
312000231|
312000256|
312000257|
312000258|
312000259|
312000260|
312000261|
312000262|
312000263|
312000288|
312000289|
312000290|
312000291|
312000292|
312000293|
312000294|
312000295|
312000320|
312000321|
312000322|
312000323|
312000324|
312000325|
312000326|
312000327|
312000352|
312000353|
312000354|
312000355|
312000356|
312000357|
312000358|
312000359|
312000384|
312000385|
312000386|
312000387|
312000388|
312000389|
312000390|
312000391|
312000416|
312000417|
312000418|
312000419|
312000420|
312000421|
312000422|
312000423|
312000448|
312000449|
312000450|
312000451|
312000452|
312000453|
312000454|
312000455|
312000480|
312000481|
312000482|
312000483|
312000484|
312000485|
312000486|
312000487|
312000512|
312000513|
312000514|
312000515|
312000516|
312000517|
312000518|
312000519|
312000544|
312000545|
312000546|
312000547|
312000548|
312000549|
312000550|
312000551|
312000576|
312000577|
312000578|
312000579|
312000580|
312000581|
312000582|
312000583|
312000608|
