44544000097|
44544000098|
44544000099|
44544000100|
44544000101|
44544000102|
44544000103|
44544000128|
44544000129|
44544000130|
44544000131|
44544000132|
44544000133|
44544000134|
44544000135|
44544000160|
44544000161|
44544000162|
44544000163|
44544000164|
44544000165|
44544000166|
44544000167|
44544000192|
44544000193|
44544000194|
44544000195|
44544000196|
44544000197|
44544000198|
44544000199|
44544000224|
44544000225|
44544000226|
44544000227|
44544000228|
44544000229|
44544000230|
44544000231|
44544000256|
44544000257|
44544000258|
44544000259|
44544000260|
44544000261|
44544000262|
44544000263|
44544000288|
44544000289|
44544000290|
44544000291|
44544000292|
44544000293|
44544000294|
44544000295|
44544000320|
44544000321|
44544000322|
44544000323|
44544000324|
44544000325|
44544000326|
44544000327|
44544000352|
44544000353|
44544000354|
44544000355|
44544000356|
44544000357|
44544000358|
44544000359|
44544000384|
44544000385|
44544000386|
44544000387|
44544000388|
44544000389|
44544000390|
44544000391|
44544000416|
44544000417|
44544000418|
44544000419|
44544000420|
44544000421|
44544000422|
44544000423|
44544000448|
44544000449|
44544000450|
44544000451|
44544000452|
44544000453|
44544000454|
44544000455|
44544000480|
44544000481|
44544000482|
44544000483|
44544000484|
