246000162|
246000163|
246000164|
246000165|
246000166|
246000167|
246000192|
246000193|
246000194|
246000195|
246000196|
246000197|
246000198|
246000199|
246000224|
246000225|
246000226|
246000227|
246000228|
246000229|
246000230|
246000231|
246000256|
246000257|
246000258|
246000259|
246000260|
246000261|
246000262|
246000263|
246000288|
246000289|
246000290|
246000291|
246000292|
246000293|
246000294|
246000295|
246000320|
246000321|
246000322|
246000323|
246000324|
246000325|
246000326|
246000327|
246000352|
246000353|
246000354|
246000355|
246000356|
246000357|
246000358|
246000359|
246000384|
246000385|
246000386|
246000387|
246000388|
246000389|
246000390|
246000391|
246000416|
246000417|
246000418|
246000419|
246000420|
246000421|
246000422|
246000423|
246000448|
246000449|
246000450|
246000451|
246000452|
246000453|
246000454|
246000455|
246000480|
246000481|
246000482|
246000483|
246000484|
246000485|
246000486|
246000487|
246000512|
246000513|
246000514|
246000515|
246000516|
246000517|
246000518|
246000519|
246000544|
246000545|
246000546|
246000547|
246000548|
246000549|
