474000320|
474000321|
474000322|
474000323|
474000324|
474000325|
474000326|
474000327|
474000352|
474000353|
474000354|
474000355|
474000356|
474000357|
474000358|
474000359|
474000384|
474000385|
474000386|
474000387|
474000388|
474000389|
474000390|
474000391|
474000416|
474000417|
474000418|
474000419|
474000420|
474000421|
474000422|
474000423|
474000448|
474000449|
474000450|
474000451|
474000452|
474000453|
474000454|
474000455|
474000480|
474000481|
474000482|
474000483|
474000484|
474000485|
474000486|
474000487|
474000512|
474000513|
474000514|
474000515|
474000516|
474000517|
474000518|
474000519|
474000544|
474000545|
474000546|
474000547|
474000548|
474000549|
474000550|
474000551|
474000576|
474000577|
474000578|
474000579|
474000580|
474000581|
474000582|
474000583|
474000608|
474000609|
474000610|
474000611|
474000612|
474000613|
474000614|
474000615|
474000640|
474000641|
474000642|
474000643|
474000644|
474000645|
474000646|
474000647|
474000672|
474000673|
474000674|
474000675|
474000676|
474000677|
474000678|
474000679|
474000704|
474000705|
474000706|
474000707|
