89646000162|
89646000163|
89646000164|
89646000165|
89646000166|
89646000167|
89646000192|
89646000193|
89646000194|
89646000195|
89646000196|
89646000197|
89646000198|
89646000199|
89646000224|
89646000225|
89646000226|
89646000227|
89646000228|
89646000229|
89646000230|
89646000231|
89646000256|
89646000257|
89646000258|
89646000259|
89646000260|
89646000261|
89646000262|
89646000263|
89646000288|
89646000289|
89646000290|
89646000291|
89646000292|
89646000293|
89646000294|
89646000295|
89646000320|
89646000321|
89646000322|
89646000323|
89646000324|
89646000325|
89646000326|
89646000327|
89646000352|
89646000353|
89646000354|
89646000355|
89646000356|
89646000357|
89646000358|
89646000359|
89646000384|
89646000385|
89646000386|
89646000387|
89646000388|
89646000389|
89646000390|
89646000391|
89646000416|
89646000417|
89646000418|
89646000419|
89646000420|
89646000421|
89646000422|
89646000423|
89646000448|
89646000449|
89646000450|
89646000451|
89646000452|
89646000453|
89646000454|
89646000455|
89646000480|
89646000481|
89646000482|
89646000483|
89646000484|
89646000485|
89646000486|
89646000487|
89646000512|
89646000513|
89646000514|
89646000515|
89646000516|
89646000517|
89646000518|
89646000519|
89646000544|
89646000545|
89646000546|
89646000547|
89646000548|
89646000549|
