402000260|
402000261|
402000262|
402000263|
402000288|
402000289|
402000290|
402000291|
402000292|
402000293|
402000294|
402000295|
402000320|
402000321|
402000322|
402000323|
402000324|
402000325|
402000326|
402000327|
402000352|
402000353|
402000354|
402000355|
402000356|
402000357|
402000358|
402000359|
402000384|
402000385|
402000386|
402000387|
402000388|
402000389|
402000390|
402000391|
402000416|
402000417|
402000418|
402000419|
402000420|
402000421|
402000422|
402000423|
402000448|
402000449|
402000450|
402000451|
402000452|
402000453|
402000454|
402000455|
402000480|
402000481|
402000482|
402000483|
402000484|
402000485|
402000486|
402000487|
402000512|
402000513|
402000514|
402000515|
402000516|
402000517|
402000518|
402000519|
402000544|
402000545|
402000546|
402000547|
402000548|
402000549|
402000550|
402000551|
402000576|
402000577|
402000578|
402000579|
402000580|
402000581|
402000582|
402000583|
402000608|
402000609|
402000610|
402000611|
402000612|
402000613|
402000614|
402000615|
402000640|
402000641|
402000642|
402000643|
402000644|
402000645|
402000646|
402000647|
