390000258|
390000259|
390000260|
390000261|
390000262|
390000263|
390000288|
390000289|
390000290|
390000291|
390000292|
390000293|
390000294|
390000295|
390000320|
390000321|
390000322|
390000323|
390000324|
390000325|
390000326|
390000327|
390000352|
390000353|
390000354|
390000355|
390000356|
390000357|
390000358|
390000359|
390000384|
390000385|
390000386|
390000387|
390000388|
390000389|
390000390|
390000391|
390000416|
390000417|
390000418|
390000419|
390000420|
390000421|
390000422|
390000423|
390000448|
390000449|
390000450|
390000451|
390000452|
390000453|
390000454|
390000455|
390000480|
390000481|
390000482|
390000483|
390000484|
390000485|
390000486|
390000487|
390000512|
390000513|
390000514|
390000515|
390000516|
390000517|
390000518|
390000519|
390000544|
390000545|
390000546|
390000547|
390000548|
390000549|
390000550|
390000551|
390000576|
390000577|
390000578|
390000579|
390000580|
390000581|
390000582|
390000583|
390000608|
390000609|
390000610|
390000611|
390000612|
390000613|
390000614|
390000615|
390000640|
390000641|
390000642|
390000643|
390000644|
390000645|
