89910000326|
89910000327|
89910000352|
89910000353|
89910000354|
89910000355|
89910000356|
89910000357|
89910000358|
89910000359|
89910000384|
89910000385|
89910000386|
89910000387|
89910000388|
89910000389|
89910000390|
89910000391|
89910000416|
89910000417|
89910000418|
89910000419|
89910000420|
89910000421|
89910000422|
89910000423|
89910000448|
89910000449|
89910000450|
89910000451|
89910000452|
89910000453|
89910000454|
89910000455|
89910000480|
89910000481|
89910000482|
89910000483|
89910000484|
89910000485|
89910000486|
89910000487|
89910000512|
89910000513|
89910000514|
89910000515|
89910000516|
89910000517|
89910000518|
89910000519|
89910000544|
89910000545|
89910000546|
89910000547|
89910000548|
89910000549|
89910000550|
89910000551|
89910000576|
89910000577|
89910000578|
89910000579|
89910000580|
89910000581|
89910000582|
89910000583|
89910000608|
89910000609|
89910000610|
89910000611|
89910000612|
89910000613|
89910000614|
89910000615|
89910000640|
89910000641|
89910000642|
89910000643|
89910000644|
89910000645|
89910000646|
89910000647|
89910000672|
89910000673|
89910000674|
89910000675|
89910000676|
89910000677|
89910000678|
89910000679|
89910000704|
89910000705|
89910000706|
89910000707|
89910000708|
89910000709|
89910000710|
89910000711|
89910000736|
89910000737|
