89742000226|
89742000227|
89742000228|
89742000229|
89742000230|
89742000231|
89742000256|
89742000257|
89742000258|
89742000259|
89742000260|
89742000261|
89742000262|
89742000263|
89742000288|
89742000289|
89742000290|
89742000291|
89742000292|
89742000293|
89742000294|
89742000295|
89742000320|
89742000321|
89742000322|
89742000323|
89742000324|
89742000325|
89742000326|
89742000327|
89742000352|
89742000353|
89742000354|
89742000355|
89742000356|
89742000357|
89742000358|
89742000359|
89742000384|
89742000385|
89742000386|
89742000387|
89742000388|
89742000389|
89742000390|
89742000391|
89742000416|
89742000417|
89742000418|
89742000419|
89742000420|
89742000421|
89742000422|
89742000423|
89742000448|
89742000449|
89742000450|
89742000451|
89742000452|
89742000453|
89742000454|
89742000455|
89742000480|
89742000481|
89742000482|
89742000483|
89742000484|
89742000485|
89742000486|
89742000487|
89742000512|
89742000513|
89742000514|
89742000515|
89742000516|
89742000517|
89742000518|
89742000519|
89742000544|
89742000545|
89742000546|
89742000547|
89742000548|
89742000549|
89742000550|
89742000551|
89742000576|
89742000577|
89742000578|
89742000579|
89742000580|
89742000581|
89742000582|
89742000583|
89742000608|
89742000609|
89742000610|
89742000611|
89742000612|
89742000613|
