89958000358|
89958000359|
89958000384|
89958000385|
89958000386|
89958000387|
89958000388|
89958000389|
89958000390|
89958000391|
89958000416|
89958000417|
89958000418|
89958000419|
89958000420|
89958000421|
89958000422|
89958000423|
89958000448|
89958000449|
89958000450|
89958000451|
89958000452|
89958000453|
89958000454|
89958000455|
89958000480|
89958000481|
89958000482|
89958000483|
89958000484|
89958000485|
89958000486|
89958000487|
89958000512|
89958000513|
89958000514|
89958000515|
89958000516|
89958000517|
89958000518|
89958000519|
89958000544|
89958000545|
89958000546|
89958000547|
89958000548|
89958000549|
89958000550|
89958000551|
89958000576|
89958000577|
89958000578|
89958000579|
89958000580|
89958000581|
89958000582|
89958000583|
89958000608|
89958000609|
89958000610|
89958000611|
89958000612|
89958000613|
89958000614|
89958000615|
89958000640|
89958000641|
89958000642|
89958000643|
89958000644|
89958000645|
89958000646|
89958000647|
89958000672|
89958000673|
89958000674|
89958000675|
89958000676|
89958000677|
89958000678|
89958000679|
89958000704|
89958000705|
89958000706|
89958000707|
89958000708|
89958000709|
89958000710|
89958000711|
89958000736|
89958000737|
89958000738|
89958000739|
89958000740|
89958000741|
89958000742|
89958000743|
89958000768|
89958000769|
