89706000196|
89706000197|
89706000198|
89706000199|
89706000224|
89706000225|
89706000226|
89706000227|
89706000228|
89706000229|
89706000230|
89706000231|
89706000256|
89706000257|
89706000258|
89706000259|
89706000260|
89706000261|
89706000262|
89706000263|
89706000288|
89706000289|
89706000290|
89706000291|
89706000292|
89706000293|
89706000294|
89706000295|
89706000320|
89706000321|
89706000322|
89706000323|
89706000324|
89706000325|
89706000326|
89706000327|
89706000352|
89706000353|
89706000354|
89706000355|
89706000356|
89706000357|
89706000358|
89706000359|
89706000384|
89706000385|
89706000386|
89706000387|
89706000388|
89706000389|
89706000390|
89706000391|
89706000416|
89706000417|
89706000418|
89706000419|
89706000420|
89706000421|
89706000422|
89706000423|
89706000448|
89706000449|
89706000450|
89706000451|
89706000452|
89706000453|
89706000454|
89706000455|
89706000480|
89706000481|
89706000482|
89706000483|
89706000484|
89706000485|
89706000486|
89706000487|
89706000512|
89706000513|
89706000514|
89706000515|
89706000516|
89706000517|
89706000518|
89706000519|
89706000544|
89706000545|
89706000546|
89706000547|
89706000548|
89706000549|
89706000550|
89706000551|
89706000576|
89706000577|
89706000578|
89706000579|
89706000580|
89706000581|
89706000582|
89706000583|
