89634000160|
89634000161|
89634000162|
89634000163|
89634000164|
89634000165|
89634000166|
89634000167|
89634000192|
89634000193|
89634000194|
89634000195|
89634000196|
89634000197|
89634000198|
89634000199|
89634000224|
89634000225|
89634000226|
89634000227|
89634000228|
89634000229|
89634000230|
89634000231|
89634000256|
89634000257|
89634000258|
89634000259|
89634000260|
89634000261|
89634000262|
89634000263|
89634000288|
89634000289|
89634000290|
89634000291|
89634000292|
89634000293|
89634000294|
89634000295|
89634000320|
89634000321|
89634000322|
89634000323|
89634000324|
89634000325|
89634000326|
89634000327|
89634000352|
89634000353|
89634000354|
89634000355|
89634000356|
89634000357|
89634000358|
89634000359|
89634000384|
89634000385|
89634000386|
89634000387|
89634000388|
89634000389|
89634000390|
89634000391|
89634000416|
89634000417|
89634000418|
89634000419|
89634000420|
89634000421|
89634000422|
89634000423|
89634000448|
89634000449|
89634000450|
89634000451|
89634000452|
89634000453|
89634000454|
89634000455|
89634000480|
89634000481|
89634000482|
89634000483|
89634000484|
89634000485|
89634000486|
89634000487|
89634000512|
89634000513|
89634000514|
89634000515|
89634000516|
89634000517|
89634000518|
89634000519|
89634000544|
89634000545|
89634000546|
89634000547|
