528000353|
528000354|
528000355|
528000356|
528000357|
528000358|
528000359|
528000384|
528000385|
528000386|
528000387|
528000388|
528000389|
528000390|
528000391|
528000416|
528000417|
528000418|
528000419|
528000420|
528000421|
528000422|
528000423|
528000448|
528000449|
528000450|
528000451|
528000452|
528000453|
528000454|
528000455|
528000480|
528000481|
528000482|
528000483|
528000484|
528000485|
528000486|
528000487|
528000512|
528000513|
528000514|
528000515|
528000516|
528000517|
528000518|
528000519|
528000544|
528000545|
528000546|
528000547|
528000548|
528000549|
528000550|
528000551|
528000576|
528000577|
528000578|
528000579|
528000580|
528000581|
528000582|
528000583|
528000608|
528000609|
528000610|
528000611|
528000612|
528000613|
528000614|
528000615|
528000640|
528000641|
528000642|
528000643|
528000644|
528000645|
528000646|
528000647|
528000672|
528000673|
528000674|
528000675|
528000676|
528000677|
528000678|
528000679|
528000704|
528000705|
528000706|
528000707|
528000708|
528000709|
528000710|
528000711|
528000736|
528000737|
528000738|
528000739|
528000740|
