186000128|
186000129|
186000130|
186000131|
186000132|
186000133|
186000134|
186000135|
186000160|
186000161|
186000162|
186000163|
186000164|
186000165|
186000166|
186000167|
186000192|
186000193|
186000194|
186000195|
186000196|
186000197|
186000198|
186000199|
186000224|
186000225|
186000226|
186000227|
186000228|
186000229|
186000230|
186000231|
186000256|
186000257|
186000258|
186000259|
186000260|
186000261|
186000262|
186000263|
186000288|
186000289|
186000290|
186000291|
186000292|
186000293|
186000294|
186000295|
186000320|
186000321|
186000322|
186000323|
186000324|
186000325|
186000326|
186000327|
186000352|
186000353|
186000354|
186000355|
186000356|
186000357|
186000358|
186000359|
186000384|
186000385|
186000386|
186000387|
186000388|
186000389|
186000390|
186000391|
186000416|
186000417|
186000418|
186000419|
186000420|
186000421|
186000422|
186000423|
186000448|
186000449|
186000450|
186000451|
186000452|
186000453|
186000454|
186000455|
186000480|
186000481|
186000482|
186000483|
186000484|
186000485|
186000486|
186000487|
186000512|
186000513|
186000514|
186000515|
