44982000386|
44982000387|
44982000388|
44982000389|
44982000390|
44982000391|
44982000416|
44982000417|
44982000418|
44982000419|
44982000420|
44982000421|
44982000422|
44982000423|
44982000448|
44982000449|
44982000450|
44982000451|
44982000452|
44982000453|
44982000454|
44982000455|
44982000480|
44982000481|
44982000482|
44982000483|
44982000484|
44982000485|
44982000486|
44982000487|
44982000512|
44982000513|
44982000514|
44982000515|
44982000516|
44982000517|
44982000518|
44982000519|
44982000544|
44982000545|
44982000546|
44982000547|
44982000548|
44982000549|
44982000550|
44982000551|
44982000576|
44982000577|
44982000578|
44982000579|
44982000580|
44982000581|
44982000582|
44982000583|
44982000608|
44982000609|
44982000610|
44982000611|
44982000612|
44982000613|
44982000614|
44982000615|
44982000640|
44982000641|
44982000642|
44982000643|
44982000644|
44982000645|
44982000646|
44982000647|
44982000672|
44982000673|
44982000674|
44982000675|
44982000676|
44982000677|
44982000678|
44982000679|
44982000704|
44982000705|
44982000706|
44982000707|
44982000708|
44982000709|
44982000710|
44982000711|
44982000736|
44982000737|
44982000738|
44982000739|
44982000740|
44982000741|
44982000742|
44982000743|
44982000768|
44982000769|
44982000770|
44982000771|
44982000772|
44982000773|
