44568000101|
44568000102|
44568000103|
44568000128|
44568000129|
44568000130|
44568000131|
44568000132|
44568000133|
44568000134|
44568000135|
44568000160|
44568000161|
44568000162|
44568000163|
44568000164|
44568000165|
44568000166|
44568000167|
44568000192|
44568000193|
44568000194|
44568000195|
44568000196|
44568000197|
44568000198|
44568000199|
44568000224|
44568000225|
44568000226|
44568000227|
44568000228|
44568000229|
44568000230|
44568000231|
44568000256|
44568000257|
44568000258|
44568000259|
44568000260|
44568000261|
44568000262|
44568000263|
44568000288|
44568000289|
44568000290|
44568000291|
44568000292|
44568000293|
44568000294|
44568000295|
44568000320|
44568000321|
44568000322|
44568000323|
44568000324|
44568000325|
44568000326|
44568000327|
44568000352|
44568000353|
44568000354|
44568000355|
44568000356|
44568000357|
44568000358|
44568000359|
44568000384|
44568000385|
44568000386|
44568000387|
44568000388|
44568000389|
44568000390|
44568000391|
44568000416|
44568000417|
44568000418|
44568000419|
44568000420|
44568000421|
44568000422|
44568000423|
44568000448|
44568000449|
44568000450|
44568000451|
44568000452|
44568000453|
44568000454|
44568000455|
44568000480|
44568000481|
44568000482|
44568000483|
44568000484|
44568000485|
44568000486|
44568000487|
44568000512|
