89946000356|
89946000357|
89946000358|
89946000359|
89946000384|
89946000385|
89946000386|
89946000387|
89946000388|
89946000389|
89946000390|
89946000391|
89946000416|
89946000417|
89946000418|
89946000419|
89946000420|
89946000421|
89946000422|
89946000423|
89946000448|
89946000449|
89946000450|
89946000451|
89946000452|
89946000453|
89946000454|
89946000455|
89946000480|
89946000481|
89946000482|
89946000483|
89946000484|
89946000485|
89946000486|
89946000487|
89946000512|
89946000513|
89946000514|
89946000515|
89946000516|
89946000517|
89946000518|
89946000519|
89946000544|
89946000545|
89946000546|
89946000547|
89946000548|
89946000549|
89946000550|
89946000551|
89946000576|
89946000577|
89946000578|
89946000579|
89946000580|
89946000581|
89946000582|
89946000583|
89946000608|
89946000609|
89946000610|
89946000611|
89946000612|
89946000613|
89946000614|
89946000615|
89946000640|
89946000641|
89946000642|
89946000643|
89946000644|
89946000645|
89946000646|
89946000647|
89946000672|
89946000673|
89946000674|
89946000675|
89946000676|
89946000677|
89946000678|
89946000679|
89946000704|
89946000705|
89946000706|
89946000707|
89946000708|
89946000709|
89946000710|
89946000711|
89946000736|
89946000737|
89946000738|
89946000739|
89946000740|
89946000741|
89946000742|
89946000743|
