492000323|
492000324|
492000325|
492000326|
492000327|
492000352|
492000353|
492000354|
492000355|
492000356|
492000357|
492000358|
492000359|
492000384|
492000385|
492000386|
492000387|
492000388|
492000389|
492000390|
492000391|
492000416|
492000417|
492000418|
492000419|
492000420|
492000421|
492000422|
492000423|
492000448|
492000449|
492000450|
492000451|
492000452|
492000453|
492000454|
492000455|
492000480|
492000481|
492000482|
492000483|
492000484|
492000485|
492000486|
492000487|
492000512|
492000513|
492000514|
492000515|
492000516|
492000517|
492000518|
492000519|
492000544|
492000545|
492000546|
492000547|
492000548|
492000549|
492000550|
492000551|
492000576|
492000577|
492000578|
492000579|
492000580|
492000581|
492000582|
492000583|
492000608|
492000609|
492000610|
492000611|
492000612|
492000613|
492000614|
492000615|
492000640|
492000641|
492000642|
492000643|
492000644|
492000645|
492000646|
492000647|
492000672|
492000673|
492000674|
492000675|
492000676|
492000677|
492000678|
492000679|
492000704|
492000705|
492000706|
492000707|
492000708|
492000709|
492000710|
