210000132|
210000133|
210000134|
210000135|
210000160|
210000161|
210000162|
210000163|
210000164|
210000165|
210000166|
210000167|
210000192|
210000193|
210000194|
210000195|
210000196|
210000197|
210000198|
210000199|
210000224|
210000225|
210000226|
210000227|
210000228|
210000229|
210000230|
210000231|
210000256|
210000257|
210000258|
210000259|
210000260|
210000261|
210000262|
210000263|
210000288|
210000289|
210000290|
210000291|
210000292|
210000293|
210000294|
210000295|
210000320|
210000321|
210000322|
210000323|
210000324|
210000325|
210000326|
210000327|
210000352|
210000353|
210000354|
210000355|
210000356|
210000357|
210000358|
210000359|
210000384|
210000385|
210000386|
210000387|
210000388|
210000389|
210000390|
210000391|
210000416|
210000417|
210000418|
210000419|
210000420|
210000421|
210000422|
210000423|
210000448|
210000449|
210000450|
210000451|
210000452|
210000453|
210000454|
210000455|
210000480|
210000481|
210000482|
210000483|
210000484|
210000485|
210000486|
210000487|
210000512|
210000513|
210000514|
210000515|
210000516|
210000517|
210000518|
210000519|
