216000133|
216000134|
216000135|
216000160|
216000161|
216000162|
216000163|
216000164|
216000165|
216000166|
216000167|
216000192|
216000193|
216000194|
216000195|
216000196|
216000197|
216000198|
216000199|
216000224|
216000225|
216000226|
216000227|
216000228|
216000229|
216000230|
216000231|
216000256|
216000257|
216000258|
216000259|
216000260|
216000261|
216000262|
216000263|
216000288|
216000289|
216000290|
216000291|
216000292|
216000293|
216000294|
216000295|
216000320|
216000321|
216000322|
216000323|
216000324|
216000325|
216000326|
216000327|
216000352|
216000353|
216000354|
216000355|
216000356|
216000357|
216000358|
216000359|
216000384|
216000385|
216000386|
216000387|
216000388|
216000389|
216000390|
216000391|
216000416|
216000417|
216000418|
216000419|
216000420|
216000421|
216000422|
216000423|
216000448|
216000449|
216000450|
216000451|
216000452|
216000453|
216000454|
216000455|
216000480|
216000481|
216000482|
216000483|
216000484|
216000485|
216000486|
216000487|
216000512|
216000513|
216000514|
216000515|
216000516|
216000517|
216000518|
216000519|
216000544|
