372000231|
372000256|
372000257|
372000258|
372000259|
372000260|
372000261|
372000262|
372000263|
372000288|
372000289|
372000290|
372000291|
372000292|
372000293|
372000294|
372000295|
372000320|
372000321|
372000322|
372000323|
372000324|
372000325|
372000326|
372000327|
372000352|
372000353|
372000354|
372000355|
372000356|
372000357|
372000358|
372000359|
372000384|
372000385|
372000386|
372000387|
372000388|
372000389|
372000390|
372000391|
372000416|
372000417|
372000418|
372000419|
372000420|
372000421|
372000422|
372000423|
372000448|
372000449|
372000450|
372000451|
372000452|
372000453|
372000454|
372000455|
372000480|
372000481|
372000482|
372000483|
372000484|
372000485|
372000486|
372000487|
372000512|
372000513|
372000514|
372000515|
372000516|
372000517|
372000518|
372000519|
372000544|
372000545|
372000546|
372000547|
372000548|
372000549|
372000550|
372000551|
372000576|
372000577|
372000578|
372000579|
372000580|
372000581|
372000582|
372000583|
372000608|
372000609|
372000610|
372000611|
372000612|
372000613|
372000614|
372000615|
372000640|
372000641|
372000642|
