89718000198|
89718000199|
89718000224|
89718000225|
89718000226|
89718000227|
89718000228|
89718000229|
89718000230|
89718000231|
89718000256|
89718000257|
89718000258|
89718000259|
89718000260|
89718000261|
89718000262|
89718000263|
89718000288|
89718000289|
89718000290|
89718000291|
89718000292|
89718000293|
89718000294|
89718000295|
89718000320|
89718000321|
89718000322|
89718000323|
89718000324|
89718000325|
89718000326|
89718000327|
89718000352|
89718000353|
89718000354|
89718000355|
89718000356|
89718000357|
89718000358|
89718000359|
89718000384|
89718000385|
89718000386|
89718000387|
89718000388|
89718000389|
89718000390|
89718000391|
89718000416|
89718000417|
89718000418|
89718000419|
89718000420|
89718000421|
89718000422|
89718000423|
89718000448|
89718000449|
89718000450|
89718000451|
89718000452|
89718000453|
89718000454|
89718000455|
89718000480|
89718000481|
89718000482|
89718000483|
89718000484|
89718000485|
89718000486|
89718000487|
89718000512|
89718000513|
89718000514|
89718000515|
89718000516|
89718000517|
89718000518|
89718000519|
89718000544|
89718000545|
89718000546|
89718000547|
89718000548|
89718000549|
89718000550|
89718000551|
89718000576|
89718000577|
89718000578|
89718000579|
89718000580|
89718000581|
89718000582|
89718000583|
89718000608|
89718000609|
