44616000133|
44616000134|
44616000135|
44616000160|
44616000161|
44616000162|
44616000163|
44616000164|
44616000165|
44616000166|
44616000167|
44616000192|
44616000193|
44616000194|
44616000195|
44616000196|
44616000197|
44616000198|
44616000199|
44616000224|
44616000225|
44616000226|
44616000227|
44616000228|
44616000229|
44616000230|
44616000231|
44616000256|
44616000257|
44616000258|
44616000259|
44616000260|
44616000261|
44616000262|
44616000263|
44616000288|
44616000289|
44616000290|
44616000291|
44616000292|
44616000293|
44616000294|
44616000295|
44616000320|
44616000321|
44616000322|
44616000323|
44616000324|
44616000325|
44616000326|
44616000327|
44616000352|
44616000353|
44616000354|
44616000355|
44616000356|
44616000357|
44616000358|
44616000359|
44616000384|
44616000385|
44616000386|
44616000387|
44616000388|
44616000389|
44616000390|
44616000391|
44616000416|
44616000417|
44616000418|
44616000419|
44616000420|
44616000421|
44616000422|
44616000423|
44616000448|
44616000449|
44616000450|
44616000451|
44616000452|
44616000453|
44616000454|
44616000455|
44616000480|
44616000481|
44616000482|
44616000483|
44616000484|
44616000485|
44616000486|
44616000487|
44616000512|
44616000513|
44616000514|
44616000515|
44616000516|
44616000517|
44616000518|
44616000519|
44616000544|
