78000038|
78000039|
78000064|
78000065|
78000066|
78000067|
78000068|
78000069|
78000070|
78000071|
78000096|
78000097|
78000098|
78000099|
78000100|
78000101|
78000102|
78000103|
78000128|
78000129|
78000130|
78000131|
78000132|
78000133|
78000134|
78000135|
78000160|
78000161|
78000162|
78000163|
78000164|
78000165|
78000166|
78000167|
78000192|
78000193|
78000194|
78000195|
78000196|
78000197|
78000198|
78000199|
78000224|
78000225|
78000226|
78000227|
78000228|
78000229|
78000230|
78000231|
78000256|
78000257|
78000258|
78000259|
78000260|
78000261|
78000262|
78000263|
78000288|
78000289|
78000290|
78000291|
78000292|
78000293|
78000294|
78000295|
78000320|
78000321|
78000322|
78000323|
78000324|
78000325|
78000326|
78000327|
78000352|
78000353|
78000354|
78000355|
78000356|
78000357|
78000358|
78000359|
78000384|
78000385|
78000386|
78000387|
78000388|
78000389|
78000390|
78000391|
78000416|
78000417|
78000418|
78000419|
78000420|
78000421|
78000422|
78000423|
78000448|
78000449|
