258000164|
258000165|
258000166|
258000167|
258000192|
258000193|
258000194|
258000195|
258000196|
258000197|
258000198|
258000199|
258000224|
258000225|
258000226|
258000227|
258000228|
258000229|
258000230|
258000231|
258000256|
258000257|
258000258|
258000259|
258000260|
258000261|
258000262|
258000263|
258000288|
258000289|
258000290|
258000291|
258000292|
258000293|
258000294|
258000295|
258000320|
258000321|
258000322|
258000323|
258000324|
258000325|
258000326|
258000327|
258000352|
258000353|
258000354|
258000355|
258000356|
258000357|
258000358|
258000359|
258000384|
258000385|
258000386|
258000387|
258000388|
258000389|
258000390|
258000391|
258000416|
258000417|
258000418|
258000419|
258000420|
258000421|
258000422|
258000423|
258000448|
258000449|
258000450|
258000451|
258000452|
258000453|
258000454|
258000455|
258000480|
258000481|
258000482|
258000483|
258000484|
258000485|
258000486|
258000487|
258000512|
258000513|
258000514|
258000515|
258000516|
258000517|
258000518|
258000519|
258000544|
258000545|
258000546|
258000547|
258000548|
258000549|
258000550|
258000551|
