44586000128|
44586000129|
44586000130|
44586000131|
44586000132|
44586000133|
44586000134|
44586000135|
44586000160|
44586000161|
44586000162|
44586000163|
44586000164|
44586000165|
44586000166|
44586000167|
44586000192|
44586000193|
44586000194|
44586000195|
44586000196|
44586000197|
44586000198|
44586000199|
44586000224|
44586000225|
44586000226|
44586000227|
44586000228|
44586000229|
44586000230|
44586000231|
44586000256|
44586000257|
44586000258|
44586000259|
44586000260|
44586000261|
44586000262|
44586000263|
44586000288|
44586000289|
44586000290|
44586000291|
44586000292|
44586000293|
44586000294|
44586000295|
44586000320|
44586000321|
44586000322|
44586000323|
44586000324|
44586000325|
44586000326|
44586000327|
44586000352|
44586000353|
44586000354|
44586000355|
44586000356|
44586000357|
44586000358|
44586000359|
44586000384|
44586000385|
44586000386|
44586000387|
44586000388|
44586000389|
44586000390|
44586000391|
44586000416|
44586000417|
44586000418|
44586000419|
44586000420|
44586000421|
44586000422|
44586000423|
44586000448|
44586000449|
44586000450|
44586000451|
44586000452|
44586000453|
44586000454|
44586000455|
44586000480|
44586000481|
44586000482|
44586000483|
44586000484|
44586000485|
44586000486|
44586000487|
44586000512|
44586000513|
44586000514|
44586000515|
