89898000324|
89898000325|
89898000326|
89898000327|
89898000352|
89898000353|
89898000354|
89898000355|
89898000356|
89898000357|
89898000358|
89898000359|
89898000384|
89898000385|
89898000386|
89898000387|
89898000388|
89898000389|
89898000390|
89898000391|
89898000416|
89898000417|
89898000418|
89898000419|
89898000420|
89898000421|
89898000422|
89898000423|
89898000448|
89898000449|
89898000450|
89898000451|
89898000452|
89898000453|
89898000454|
89898000455|
89898000480|
89898000481|
89898000482|
89898000483|
89898000484|
89898000485|
89898000486|
89898000487|
89898000512|
89898000513|
89898000514|
89898000515|
89898000516|
89898000517|
89898000518|
89898000519|
89898000544|
89898000545|
89898000546|
89898000547|
89898000548|
89898000549|
89898000550|
89898000551|
89898000576|
89898000577|
89898000578|
89898000579|
89898000580|
89898000581|
89898000582|
89898000583|
89898000608|
89898000609|
89898000610|
89898000611|
89898000612|
89898000613|
89898000614|
89898000615|
89898000640|
89898000641|
89898000642|
89898000643|
89898000644|
89898000645|
89898000646|
89898000647|
89898000672|
89898000673|
89898000674|
89898000675|
89898000676|
89898000677|
89898000678|
89898000679|
89898000704|
89898000705|
89898000706|
89898000707|
89898000708|
89898000709|
89898000710|
89898000711|
