89580000103|
89580000128|
89580000129|
89580000130|
89580000131|
89580000132|
89580000133|
89580000134|
89580000135|
89580000160|
89580000161|
89580000162|
89580000163|
89580000164|
89580000165|
89580000166|
89580000167|
89580000192|
89580000193|
89580000194|
89580000195|
89580000196|
89580000197|
89580000198|
89580000199|
89580000224|
89580000225|
89580000226|
89580000227|
89580000228|
89580000229|
89580000230|
89580000231|
89580000256|
89580000257|
89580000258|
89580000259|
89580000260|
89580000261|
89580000262|
89580000263|
89580000288|
89580000289|
89580000290|
89580000291|
89580000292|
89580000293|
89580000294|
89580000295|
89580000320|
89580000321|
89580000322|
89580000323|
89580000324|
89580000325|
89580000326|
89580000327|
89580000352|
89580000353|
89580000354|
89580000355|
89580000356|
89580000357|
89580000358|
89580000359|
89580000384|
89580000385|
89580000386|
89580000387|
89580000388|
89580000389|
89580000390|
89580000391|
89580000416|
89580000417|
89580000418|
89580000419|
89580000420|
89580000421|
89580000422|
89580000423|
89580000448|
89580000449|
89580000450|
89580000451|
89580000452|
89580000453|
89580000454|
89580000455|
89580000480|
89580000481|
89580000482|
89580000483|
89580000484|
89580000485|
89580000486|
89580000487|
89580000512|
89580000513|
89580000514|
