44484000039|
44484000064|
44484000065|
44484000066|
44484000067|
44484000068|
44484000069|
44484000070|
44484000071|
44484000096|
44484000097|
44484000098|
44484000099|
44484000100|
44484000101|
44484000102|
44484000103|
44484000128|
44484000129|
44484000130|
44484000131|
44484000132|
44484000133|
44484000134|
44484000135|
44484000160|
44484000161|
44484000162|
44484000163|
44484000164|
44484000165|
44484000166|
44484000167|
44484000192|
44484000193|
44484000194|
44484000195|
44484000196|
44484000197|
44484000198|
44484000199|
44484000224|
44484000225|
44484000226|
44484000227|
44484000228|
44484000229|
44484000230|
44484000231|
44484000256|
44484000257|
44484000258|
44484000259|
44484000260|
44484000261|
44484000262|
44484000263|
44484000288|
44484000289|
44484000290|
44484000291|
44484000292|
44484000293|
44484000294|
44484000295|
44484000320|
44484000321|
44484000322|
44484000323|
44484000324|
44484000325|
44484000326|
44484000327|
44484000352|
44484000353|
44484000354|
44484000355|
44484000356|
44484000357|
44484000358|
44484000359|
44484000384|
44484000385|
44484000386|
44484000387|
44484000388|
44484000389|
44484000390|
44484000391|
44484000416|
44484000417|
44484000418|
44484000419|
44484000420|
44484000421|
44484000422|
44484000423|
44484000448|
44484000449|
44484000450|
