222000134|
222000135|
222000160|
222000161|
222000162|
222000163|
222000164|
222000165|
222000166|
222000167|
222000192|
222000193|
222000194|
222000195|
222000196|
222000197|
222000198|
222000199|
222000224|
222000225|
222000226|
222000227|
222000228|
222000229|
222000230|
222000231|
222000256|
222000257|
222000258|
222000259|
222000260|
222000261|
222000262|
222000263|
222000288|
222000289|
222000290|
222000291|
222000292|
222000293|
222000294|
222000295|
222000320|
222000321|
222000322|
222000323|
222000324|
222000325|
222000326|
222000327|
222000352|
222000353|
222000354|
222000355|
222000356|
222000357|
222000358|
222000359|
222000384|
222000385|
222000386|
222000387|
222000388|
222000389|
222000390|
222000391|
222000416|
222000417|
222000418|
222000419|
222000420|
222000421|
222000422|
222000423|
222000448|
222000449|
222000450|
222000451|
222000452|
222000453|
222000454|
222000455|
222000480|
222000481|
222000482|
222000483|
222000484|
222000485|
222000486|
222000487|
222000512|
222000513|
222000514|
222000515|
222000516|
222000517|
222000518|
222000519|
222000544|
222000545|
