89784000257|
89784000258|
89784000259|
89784000260|
89784000261|
89784000262|
89784000263|
89784000288|
89784000289|
89784000290|
89784000291|
89784000292|
89784000293|
89784000294|
89784000295|
89784000320|
89784000321|
89784000322|
89784000323|
89784000324|
89784000325|
89784000326|
89784000327|
89784000352|
89784000353|
89784000354|
89784000355|
89784000356|
89784000357|
89784000358|
89784000359|
89784000384|
89784000385|
89784000386|
89784000387|
89784000388|
89784000389|
89784000390|
89784000391|
89784000416|
89784000417|
89784000418|
89784000419|
89784000420|
89784000421|
89784000422|
89784000423|
89784000448|
89784000449|
89784000450|
89784000451|
89784000452|
89784000453|
89784000454|
89784000455|
89784000480|
89784000481|
89784000482|
89784000483|
89784000484|
89784000485|
89784000486|
89784000487|
89784000512|
89784000513|
89784000514|
89784000515|
89784000516|
89784000517|
89784000518|
89784000519|
89784000544|
89784000545|
89784000546|
89784000547|
89784000548|
89784000549|
89784000550|
89784000551|
89784000576|
89784000577|
89784000578|
89784000579|
89784000580|
89784000581|
89784000582|
89784000583|
89784000608|
89784000609|
89784000610|
89784000611|
89784000612|
89784000613|
89784000614|
89784000615|
89784000640|
89784000641|
89784000642|
89784000643|
89784000644|
