408000261|
408000262|
408000263|
408000288|
408000289|
408000290|
408000291|
408000292|
408000293|
408000294|
408000295|
408000320|
408000321|
408000322|
408000323|
408000324|
408000325|
408000326|
408000327|
408000352|
408000353|
408000354|
408000355|
408000356|
408000357|
408000358|
408000359|
408000384|
408000385|
408000386|
408000387|
408000388|
408000389|
408000390|
408000391|
408000416|
408000417|
408000418|
408000419|
408000420|
408000421|
408000422|
408000423|
408000448|
408000449|
408000450|
408000451|
408000452|
408000453|
408000454|
408000455|
408000480|
408000481|
408000482|
408000483|
408000484|
408000485|
408000486|
408000487|
408000512|
408000513|
408000514|
408000515|
408000516|
408000517|
408000518|
408000519|
408000544|
408000545|
408000546|
408000547|
408000548|
408000549|
408000550|
408000551|
408000576|
408000577|
408000578|
408000579|
408000580|
408000581|
408000582|
408000583|
408000608|
408000609|
408000610|
408000611|
408000612|
408000613|
408000614|
408000615|
408000640|
408000641|
408000642|
408000643|
408000644|
408000645|
408000646|
408000647|
408000672|
