44562000100|
44562000101|
44562000102|
44562000103|
44562000128|
44562000129|
44562000130|
44562000131|
44562000132|
44562000133|
44562000134|
44562000135|
44562000160|
44562000161|
44562000162|
44562000163|
44562000164|
44562000165|
44562000166|
44562000167|
44562000192|
44562000193|
44562000194|
44562000195|
44562000196|
44562000197|
44562000198|
44562000199|
44562000224|
44562000225|
44562000226|
44562000227|
44562000228|
44562000229|
44562000230|
44562000231|
44562000256|
44562000257|
44562000258|
44562000259|
44562000260|
44562000261|
44562000262|
44562000263|
44562000288|
44562000289|
44562000290|
44562000291|
44562000292|
44562000293|
44562000294|
44562000295|
44562000320|
44562000321|
44562000322|
44562000323|
44562000324|
44562000325|
44562000326|
44562000327|
44562000352|
44562000353|
44562000354|
44562000355|
44562000356|
44562000357|
44562000358|
44562000359|
44562000384|
44562000385|
44562000386|
44562000387|
44562000388|
44562000389|
44562000390|
44562000391|
44562000416|
44562000417|
44562000418|
44562000419|
44562000420|
44562000421|
44562000422|
44562000423|
44562000448|
44562000449|
44562000450|
44562000451|
44562000452|
44562000453|
44562000454|
44562000455|
44562000480|
44562000481|
44562000482|
44562000483|
44562000484|
44562000485|
44562000486|
44562000487|
