114000068|
114000069|
114000070|
114000071|
114000096|
114000097|
114000098|
114000099|
114000100|
114000101|
114000102|
114000103|
114000128|
114000129|
114000130|
114000131|
114000132|
114000133|
114000134|
114000135|
114000160|
114000161|
114000162|
114000163|
114000164|
114000165|
114000166|
114000167|
114000192|
114000193|
114000194|
114000195|
114000196|
114000197|
114000198|
114000199|
114000224|
114000225|
114000226|
114000227|
114000228|
114000229|
114000230|
114000231|
114000256|
114000257|
114000258|
114000259|
114000260|
114000261|
114000262|
114000263|
114000288|
114000289|
114000290|
114000291|
114000292|
114000293|
114000294|
114000295|
114000320|
114000321|
114000322|
114000323|
114000324|
114000325|
114000326|
114000327|
114000352|
114000353|
114000354|
114000355|
114000356|
114000357|
114000358|
114000359|
114000384|
114000385|
114000386|
114000387|
114000388|
114000389|
114000390|
114000391|
114000416|
114000417|
114000418|
114000419|
114000420|
114000421|
114000422|
114000423|
114000448|
114000449|
114000450|
114000451|
114000452|
114000453|
114000454|
114000455|
