44502000066|
44502000067|
44502000068|
44502000069|
44502000070|
44502000071|
44502000096|
44502000097|
44502000098|
44502000099|
44502000100|
44502000101|
44502000102|
44502000103|
44502000128|
44502000129|
44502000130|
44502000131|
44502000132|
44502000133|
44502000134|
44502000135|
44502000160|
44502000161|
44502000162|
44502000163|
44502000164|
44502000165|
44502000166|
44502000167|
44502000192|
44502000193|
44502000194|
44502000195|
44502000196|
44502000197|
44502000198|
44502000199|
44502000224|
44502000225|
44502000226|
44502000227|
44502000228|
44502000229|
44502000230|
44502000231|
44502000256|
44502000257|
44502000258|
44502000259|
44502000260|
44502000261|
44502000262|
44502000263|
44502000288|
44502000289|
44502000290|
44502000291|
44502000292|
44502000293|
44502000294|
44502000295|
44502000320|
44502000321|
44502000322|
44502000323|
44502000324|
44502000325|
44502000326|
44502000327|
44502000352|
44502000353|
44502000354|
44502000355|
44502000356|
44502000357|
44502000358|
44502000359|
44502000384|
44502000385|
44502000386|
44502000387|
44502000388|
44502000389|
44502000390|
44502000391|
44502000416|
44502000417|
44502000418|
44502000419|
44502000420|
44502000421|
44502000422|
44502000423|
44502000448|
44502000449|
44502000450|
44502000451|
44502000452|
44502000453|
