89856000293|
89856000294|
89856000295|
89856000320|
89856000321|
89856000322|
89856000323|
89856000324|
89856000325|
89856000326|
89856000327|
89856000352|
89856000353|
89856000354|
89856000355|
89856000356|
89856000357|
89856000358|
89856000359|
89856000384|
89856000385|
89856000386|
89856000387|
89856000388|
89856000389|
89856000390|
89856000391|
89856000416|
89856000417|
89856000418|
89856000419|
89856000420|
89856000421|
89856000422|
89856000423|
89856000448|
89856000449|
89856000450|
89856000451|
89856000452|
89856000453|
89856000454|
89856000455|
89856000480|
89856000481|
89856000482|
89856000483|
89856000484|
89856000485|
89856000486|
89856000487|
89856000512|
89856000513|
89856000514|
89856000515|
89856000516|
89856000517|
89856000518|
89856000519|
89856000544|
89856000545|
89856000546|
89856000547|
89856000548|
89856000549|
89856000550|
89856000551|
89856000576|
89856000577|
89856000578|
89856000579|
89856000580|
89856000581|
89856000582|
89856000583|
89856000608|
89856000609|
89856000610|
89856000611|
89856000612|
89856000613|
89856000614|
89856000615|
89856000640|
89856000641|
89856000642|
89856000643|
89856000644|
89856000645|
89856000646|
89856000647|
89856000672|
89856000673|
89856000674|
89856000675|
89856000676|
89856000677|
89856000678|
89856000679|
89856000704|
