89916000327|
89916000352|
89916000353|
89916000354|
89916000355|
89916000356|
89916000357|
89916000358|
89916000359|
89916000384|
89916000385|
89916000386|
89916000387|
89916000388|
89916000389|
89916000390|
89916000391|
89916000416|
89916000417|
89916000418|
89916000419|
89916000420|
89916000421|
89916000422|
89916000423|
89916000448|
89916000449|
89916000450|
89916000451|
89916000452|
89916000453|
89916000454|
89916000455|
89916000480|
89916000481|
89916000482|
89916000483|
89916000484|
89916000485|
89916000486|
89916000487|
89916000512|
89916000513|
89916000514|
89916000515|
89916000516|
89916000517|
89916000518|
89916000519|
89916000544|
89916000545|
89916000546|
89916000547|
89916000548|
89916000549|
89916000550|
89916000551|
89916000576|
89916000577|
89916000578|
89916000579|
89916000580|
89916000581|
89916000582|
89916000583|
89916000608|
89916000609|
89916000610|
89916000611|
89916000612|
89916000613|
89916000614|
89916000615|
89916000640|
89916000641|
89916000642|
89916000643|
89916000644|
89916000645|
89916000646|
89916000647|
89916000672|
89916000673|
89916000674|
89916000675|
89916000676|
89916000677|
89916000678|
89916000679|
89916000704|
89916000705|
89916000706|
89916000707|
89916000708|
89916000709|
89916000710|
89916000711|
89916000736|
89916000737|
89916000738|
