276000167|
276000192|
276000193|
276000194|
276000195|
276000196|
276000197|
276000198|
276000199|
276000224|
276000225|
276000226|
276000227|
276000228|
276000229|
276000230|
276000231|
276000256|
276000257|
276000258|
276000259|
276000260|
276000261|
276000262|
276000263|
276000288|
276000289|
276000290|
276000291|
276000292|
276000293|
276000294|
276000295|
276000320|
276000321|
276000322|
276000323|
276000324|
276000325|
276000326|
276000327|
276000352|
276000353|
276000354|
276000355|
276000356|
276000357|
276000358|
276000359|
276000384|
276000385|
276000386|
276000387|
276000388|
276000389|
276000390|
276000391|
276000416|
276000417|
276000418|
276000419|
276000420|
276000421|
276000422|
276000423|
276000448|
276000449|
276000450|
276000451|
276000452|
276000453|
276000454|
276000455|
276000480|
276000481|
276000482|
276000483|
276000484|
276000485|
276000486|
276000487|
276000512|
276000513|
276000514|
276000515|
276000516|
276000517|
276000518|
276000519|
276000544|
276000545|
276000546|
276000547|
276000548|
276000549|
276000550|
276000551|
276000576|
276000577|
276000578|
