89754000228|
89754000229|
89754000230|
89754000231|
89754000256|
89754000257|
89754000258|
89754000259|
89754000260|
89754000261|
89754000262|
89754000263|
89754000288|
89754000289|
89754000290|
89754000291|
89754000292|
89754000293|
89754000294|
89754000295|
89754000320|
89754000321|
89754000322|
89754000323|
89754000324|
89754000325|
89754000326|
89754000327|
89754000352|
89754000353|
89754000354|
89754000355|
89754000356|
89754000357|
89754000358|
89754000359|
89754000384|
89754000385|
89754000386|
89754000387|
89754000388|
89754000389|
89754000390|
89754000391|
89754000416|
89754000417|
89754000418|
89754000419|
89754000420|
89754000421|
89754000422|
89754000423|
89754000448|
89754000449|
89754000450|
89754000451|
89754000452|
89754000453|
89754000454|
89754000455|
89754000480|
89754000481|
89754000482|
89754000483|
89754000484|
89754000485|
89754000486|
89754000487|
89754000512|
89754000513|
89754000514|
89754000515|
89754000516|
89754000517|
89754000518|
89754000519|
89754000544|
89754000545|
89754000546|
89754000547|
89754000548|
89754000549|
89754000550|
89754000551|
89754000576|
89754000577|
89754000578|
89754000579|
89754000580|
89754000581|
89754000582|
89754000583|
89754000608|
89754000609|
89754000610|
89754000611|
89754000612|
89754000613|
89754000614|
89754000615|
