44706000196|
44706000197|
44706000198|
44706000199|
44706000224|
44706000225|
44706000226|
44706000227|
44706000228|
44706000229|
44706000230|
44706000231|
44706000256|
44706000257|
44706000258|
44706000259|
44706000260|
44706000261|
44706000262|
44706000263|
44706000288|
44706000289|
44706000290|
44706000291|
44706000292|
44706000293|
44706000294|
44706000295|
44706000320|
44706000321|
44706000322|
44706000323|
44706000324|
44706000325|
44706000326|
44706000327|
44706000352|
44706000353|
44706000354|
44706000355|
44706000356|
44706000357|
44706000358|
44706000359|
44706000384|
44706000385|
44706000386|
44706000387|
44706000388|
44706000389|
44706000390|
44706000391|
44706000416|
44706000417|
44706000418|
44706000419|
44706000420|
44706000421|
44706000422|
44706000423|
44706000448|
44706000449|
44706000450|
44706000451|
44706000452|
44706000453|
44706000454|
44706000455|
44706000480|
44706000481|
44706000482|
44706000483|
44706000484|
44706000485|
44706000486|
44706000487|
44706000512|
44706000513|
44706000514|
44706000515|
44706000516|
44706000517|
44706000518|
44706000519|
44706000544|
44706000545|
44706000546|
44706000547|
44706000548|
44706000549|
44706000550|
44706000551|
44706000576|
44706000577|
44706000578|
44706000579|
44706000580|
44706000581|
44706000582|
44706000583|
