438000290|
438000291|
438000292|
438000293|
438000294|
438000295|
438000320|
438000321|
438000322|
438000323|
438000324|
438000325|
438000326|
438000327|
438000352|
438000353|
438000354|
438000355|
438000356|
438000357|
438000358|
438000359|
438000384|
438000385|
438000386|
438000387|
438000388|
438000389|
438000390|
438000391|
438000416|
438000417|
438000418|
438000419|
438000420|
438000421|
438000422|
438000423|
438000448|
438000449|
438000450|
438000451|
438000452|
438000453|
438000454|
438000455|
438000480|
438000481|
438000482|
438000483|
438000484|
438000485|
438000486|
438000487|
438000512|
438000513|
438000514|
438000515|
438000516|
438000517|
438000518|
438000519|
438000544|
438000545|
438000546|
438000547|
438000548|
438000549|
438000550|
438000551|
438000576|
438000577|
438000578|
438000579|
438000580|
438000581|
438000582|
438000583|
438000608|
438000609|
438000610|
438000611|
438000612|
438000613|
438000614|
438000615|
438000640|
438000641|
438000642|
438000643|
438000644|
438000645|
438000646|
438000647|
438000672|
438000673|
438000674|
438000675|
438000676|
438000677|
