44922000352|
44922000353|
44922000354|
44922000355|
44922000356|
44922000357|
44922000358|
44922000359|
44922000384|
44922000385|
44922000386|
44922000387|
44922000388|
44922000389|
44922000390|
44922000391|
44922000416|
44922000417|
44922000418|
44922000419|
44922000420|
44922000421|
44922000422|
44922000423|
44922000448|
44922000449|
44922000450|
44922000451|
44922000452|
44922000453|
44922000454|
44922000455|
44922000480|
44922000481|
44922000482|
44922000483|
44922000484|
44922000485|
44922000486|
44922000487|
44922000512|
44922000513|
44922000514|
44922000515|
44922000516|
44922000517|
44922000518|
44922000519|
44922000544|
44922000545|
44922000546|
44922000547|
44922000548|
44922000549|
44922000550|
44922000551|
44922000576|
44922000577|
44922000578|
44922000579|
44922000580|
44922000581|
44922000582|
44922000583|
44922000608|
44922000609|
44922000610|
44922000611|
44922000612|
44922000613|
44922000614|
44922000615|
44922000640|
44922000641|
44922000642|
44922000643|
44922000644|
44922000645|
44922000646|
44922000647|
44922000672|
44922000673|
44922000674|
44922000675|
44922000676|
44922000677|
44922000678|
44922000679|
44922000704|
44922000705|
44922000706|
44922000707|
44922000708|
44922000709|
44922000710|
44922000711|
44922000736|
44922000737|
44922000738|
44922000739|
