444000291|
444000292|
444000293|
444000294|
444000295|
444000320|
444000321|
444000322|
444000323|
444000324|
444000325|
444000326|
444000327|
444000352|
444000353|
444000354|
444000355|
444000356|
444000357|
444000358|
444000359|
444000384|
444000385|
444000386|
444000387|
444000388|
444000389|
444000390|
444000391|
444000416|
444000417|
444000418|
444000419|
444000420|
444000421|
444000422|
444000423|
444000448|
444000449|
444000450|
444000451|
444000452|
444000453|
444000454|
444000455|
444000480|
444000481|
444000482|
444000483|
444000484|
444000485|
444000486|
444000487|
444000512|
444000513|
444000514|
444000515|
444000516|
444000517|
444000518|
444000519|
444000544|
444000545|
444000546|
444000547|
444000548|
444000549|
444000550|
444000551|
444000576|
444000577|
444000578|
444000579|
444000580|
444000581|
444000582|
444000583|
444000608|
444000609|
444000610|
444000611|
444000612|
444000613|
444000614|
444000615|
444000640|
444000641|
444000642|
444000643|
444000644|
444000645|
444000646|
444000647|
444000672|
444000673|
444000674|
444000675|
444000676|
444000677|
444000678|
