384000257|
384000258|
384000259|
384000260|
384000261|
384000262|
384000263|
384000288|
384000289|
384000290|
384000291|
384000292|
384000293|
384000294|
384000295|
384000320|
384000321|
384000322|
384000323|
384000324|
384000325|
384000326|
384000327|
384000352|
384000353|
384000354|
384000355|
384000356|
384000357|
384000358|
384000359|
384000384|
384000385|
384000386|
384000387|
384000388|
384000389|
384000390|
384000391|
384000416|
384000417|
384000418|
384000419|
384000420|
384000421|
384000422|
384000423|
384000448|
384000449|
384000450|
384000451|
384000452|
384000453|
384000454|
384000455|
384000480|
384000481|
384000482|
384000483|
384000484|
384000485|
384000486|
384000487|
384000512|
384000513|
384000514|
384000515|
384000516|
384000517|
384000518|
384000519|
384000544|
384000545|
384000546|
384000547|
384000548|
384000549|
384000550|
384000551|
384000576|
384000577|
384000578|
384000579|
384000580|
384000581|
384000582|
384000583|
384000608|
384000609|
384000610|
384000611|
384000612|
384000613|
384000614|
384000615|
384000640|
384000641|
384000642|
384000643|
384000644|
