300000195|
300000196|
300000197|
300000198|
300000199|
300000224|
300000225|
300000226|
300000227|
300000228|
300000229|
300000230|
300000231|
300000256|
300000257|
300000258|
300000259|
300000260|
300000261|
300000262|
300000263|
300000288|
300000289|
300000290|
300000291|
300000292|
300000293|
300000294|
300000295|
300000320|
300000321|
300000322|
300000323|
300000324|
300000325|
300000326|
300000327|
300000352|
300000353|
300000354|
300000355|
300000356|
300000357|
300000358|
300000359|
300000384|
300000385|
300000386|
300000387|
300000388|
300000389|
300000390|
300000391|
300000416|
300000417|
300000418|
300000419|
300000420|
300000421|
300000422|
300000423|
300000448|
300000449|
300000450|
300000451|
300000452|
300000453|
300000454|
300000455|
300000480|
300000481|
300000482|
300000483|
300000484|
300000485|
300000486|
300000487|
300000512|
300000513|
300000514|
300000515|
300000516|
300000517|
300000518|
300000519|
300000544|
300000545|
300000546|
300000547|
300000548|
300000549|
300000550|
300000551|
300000576|
300000577|
300000578|
300000579|
300000580|
300000581|
300000582|
