89496000065|
89496000066|
89496000067|
89496000068|
89496000069|
89496000070|
89496000071|
89496000096|
89496000097|
89496000098|
89496000099|
89496000100|
89496000101|
89496000102|
89496000103|
89496000128|
89496000129|
89496000130|
89496000131|
89496000132|
89496000133|
89496000134|
89496000135|
89496000160|
89496000161|
89496000162|
89496000163|
89496000164|
89496000165|
89496000166|
89496000167|
89496000192|
89496000193|
89496000194|
89496000195|
89496000196|
89496000197|
89496000198|
89496000199|
89496000224|
89496000225|
89496000226|
89496000227|
89496000228|
89496000229|
89496000230|
89496000231|
89496000256|
89496000257|
89496000258|
89496000259|
89496000260|
89496000261|
89496000262|
89496000263|
89496000288|
89496000289|
89496000290|
89496000291|
89496000292|
89496000293|
89496000294|
89496000295|
89496000320|
89496000321|
89496000322|
89496000323|
89496000324|
89496000325|
89496000326|
89496000327|
89496000352|
89496000353|
89496000354|
89496000355|
89496000356|
89496000357|
89496000358|
89496000359|
89496000384|
89496000385|
89496000386|
89496000387|
89496000388|
89496000389|
89496000390|
89496000391|
89496000416|
89496000417|
89496000418|
89496000419|
89496000420|
89496000421|
89496000422|
89496000423|
89496000448|
89496000449|
89496000450|
89496000451|
89496000452|
