336000225|
336000226|
336000227|
336000228|
336000229|
336000230|
336000231|
336000256|
336000257|
336000258|
336000259|
336000260|
336000261|
336000262|
336000263|
336000288|
336000289|
336000290|
336000291|
336000292|
336000293|
336000294|
336000295|
336000320|
336000321|
336000322|
336000323|
336000324|
336000325|
336000326|
336000327|
336000352|
336000353|
336000354|
336000355|
336000356|
336000357|
336000358|
336000359|
336000384|
336000385|
336000386|
336000387|
336000388|
336000389|
336000390|
336000391|
336000416|
336000417|
336000418|
336000419|
336000420|
336000421|
336000422|
336000423|
336000448|
336000449|
336000450|
336000451|
336000452|
336000453|
336000454|
336000455|
336000480|
336000481|
336000482|
336000483|
336000484|
336000485|
336000486|
336000487|
336000512|
336000513|
336000514|
336000515|
336000516|
336000517|
336000518|
336000519|
336000544|
336000545|
336000546|
336000547|
336000548|
336000549|
336000550|
336000551|
336000576|
336000577|
336000578|
336000579|
336000580|
336000581|
336000582|
336000583|
336000608|
336000609|
336000610|
336000611|
336000612|
