288000193|
288000194|
288000195|
288000196|
288000197|
288000198|
288000199|
288000224|
288000225|
288000226|
288000227|
288000228|
288000229|
288000230|
288000231|
288000256|
288000257|
288000258|
288000259|
288000260|
288000261|
288000262|
288000263|
288000288|
288000289|
288000290|
288000291|
288000292|
288000293|
288000294|
288000295|
288000320|
288000321|
288000322|
288000323|
288000324|
288000325|
288000326|
288000327|
288000352|
288000353|
288000354|
288000355|
288000356|
288000357|
288000358|
288000359|
288000384|
288000385|
288000386|
288000387|
288000388|
288000389|
288000390|
288000391|
288000416|
288000417|
288000418|
288000419|
288000420|
288000421|
288000422|
288000423|
288000448|
288000449|
288000450|
288000451|
288000452|
288000453|
288000454|
288000455|
288000480|
288000481|
288000482|
288000483|
288000484|
288000485|
288000486|
288000487|
288000512|
288000513|
288000514|
288000515|
288000516|
288000517|
288000518|
288000519|
288000544|
288000545|
288000546|
288000547|
288000548|
288000549|
288000550|
288000551|
288000576|
288000577|
288000578|
288000579|
288000580|
