44844000291|
44844000292|
44844000293|
44844000294|
44844000295|
44844000320|
44844000321|
44844000322|
44844000323|
44844000324|
44844000325|
44844000326|
44844000327|
44844000352|
44844000353|
44844000354|
44844000355|
44844000356|
44844000357|
44844000358|
44844000359|
44844000384|
44844000385|
44844000386|
44844000387|
44844000388|
44844000389|
44844000390|
44844000391|
44844000416|
44844000417|
44844000418|
44844000419|
44844000420|
44844000421|
44844000422|
44844000423|
44844000448|
44844000449|
44844000450|
44844000451|
44844000452|
44844000453|
44844000454|
44844000455|
44844000480|
44844000481|
44844000482|
44844000483|
44844000484|
44844000485|
44844000486|
44844000487|
44844000512|
44844000513|
44844000514|
44844000515|
44844000516|
44844000517|
44844000518|
44844000519|
44844000544|
44844000545|
44844000546|
44844000547|
44844000548|
44844000549|
44844000550|
44844000551|
44844000576|
44844000577|
44844000578|
44844000579|
44844000580|
44844000581|
44844000582|
44844000583|
44844000608|
44844000609|
44844000610|
44844000611|
44844000612|
44844000613|
44844000614|
44844000615|
44844000640|
44844000641|
44844000642|
44844000643|
44844000644|
44844000645|
44844000646|
44844000647|
44844000672|
44844000673|
44844000674|
44844000675|
44844000676|
44844000677|
44844000678|
