72000037|
72000038|
72000039|
72000064|
72000065|
72000066|
72000067|
72000068|
72000069|
72000070|
72000071|
72000096|
72000097|
72000098|
72000099|
72000100|
72000101|
72000102|
72000103|
72000128|
72000129|
72000130|
72000131|
72000132|
72000133|
72000134|
72000135|
72000160|
72000161|
72000162|
72000163|
72000164|
72000165|
72000166|
72000167|
72000192|
72000193|
72000194|
72000195|
72000196|
72000197|
72000198|
72000199|
72000224|
72000225|
72000226|
72000227|
72000228|
72000229|
72000230|
72000231|
72000256|
72000257|
72000258|
72000259|
72000260|
72000261|
72000262|
72000263|
72000288|
72000289|
72000290|
72000291|
72000292|
72000293|
72000294|
72000295|
72000320|
72000321|
72000322|
72000323|
72000324|
72000325|
72000326|
72000327|
72000352|
72000353|
72000354|
72000355|
72000356|
72000357|
72000358|
72000359|
72000384|
72000385|
72000386|
72000387|
72000388|
72000389|
72000390|
72000391|
72000416|
72000417|
72000418|
72000419|
72000420|
72000421|
72000422|
72000423|
72000448|
