462000294|
462000295|
462000320|
462000321|
462000322|
462000323|
462000324|
462000325|
462000326|
462000327|
462000352|
462000353|
462000354|
462000355|
462000356|
462000357|
462000358|
462000359|
462000384|
462000385|
462000386|
462000387|
462000388|
462000389|
462000390|
462000391|
462000416|
462000417|
462000418|
462000419|
462000420|
462000421|
462000422|
462000423|
462000448|
462000449|
462000450|
462000451|
462000452|
462000453|
462000454|
462000455|
462000480|
462000481|
462000482|
462000483|
462000484|
462000485|
462000486|
462000487|
462000512|
462000513|
462000514|
462000515|
462000516|
462000517|
462000518|
462000519|
462000544|
462000545|
462000546|
462000547|
462000548|
462000549|
462000550|
462000551|
462000576|
462000577|
462000578|
462000579|
462000580|
462000581|
462000582|
462000583|
462000608|
462000609|
462000610|
462000611|
462000612|
462000613|
462000614|
462000615|
462000640|
462000641|
462000642|
462000643|
462000644|
462000645|
462000646|
462000647|
462000672|
462000673|
462000674|
462000675|
462000676|
462000677|
462000678|
462000679|
462000704|
462000705|
