44880000321|
44880000322|
44880000323|
44880000324|
44880000325|
44880000326|
44880000327|
44880000352|
44880000353|
44880000354|
44880000355|
44880000356|
44880000357|
44880000358|
44880000359|
44880000384|
44880000385|
44880000386|
44880000387|
44880000388|
44880000389|
44880000390|
44880000391|
44880000416|
44880000417|
44880000418|
44880000419|
44880000420|
44880000421|
44880000422|
44880000423|
44880000448|
44880000449|
44880000450|
44880000451|
44880000452|
44880000453|
44880000454|
44880000455|
44880000480|
44880000481|
44880000482|
44880000483|
44880000484|
44880000485|
44880000486|
44880000487|
44880000512|
44880000513|
44880000514|
44880000515|
44880000516|
44880000517|
44880000518|
44880000519|
44880000544|
44880000545|
44880000546|
44880000547|
44880000548|
44880000549|
44880000550|
44880000551|
44880000576|
44880000577|
44880000578|
44880000579|
44880000580|
44880000581|
44880000582|
44880000583|
44880000608|
44880000609|
44880000610|
44880000611|
44880000612|
44880000613|
44880000614|
44880000615|
44880000640|
44880000641|
44880000642|
44880000643|
44880000644|
44880000645|
44880000646|
44880000647|
44880000672|
44880000673|
44880000674|
44880000675|
44880000676|
44880000677|
44880000678|
44880000679|
44880000704|
44880000705|
44880000706|
44880000707|
44880000708|
