44658000164|
44658000165|
44658000166|
44658000167|
44658000192|
44658000193|
44658000194|
44658000195|
44658000196|
44658000197|
44658000198|
44658000199|
44658000224|
44658000225|
44658000226|
44658000227|
44658000228|
44658000229|
44658000230|
44658000231|
44658000256|
44658000257|
44658000258|
44658000259|
44658000260|
44658000261|
44658000262|
44658000263|
44658000288|
44658000289|
44658000290|
44658000291|
44658000292|
44658000293|
44658000294|
44658000295|
44658000320|
44658000321|
44658000322|
44658000323|
44658000324|
44658000325|
44658000326|
44658000327|
44658000352|
44658000353|
44658000354|
44658000355|
44658000356|
44658000357|
44658000358|
44658000359|
44658000384|
44658000385|
44658000386|
44658000387|
44658000388|
44658000389|
44658000390|
44658000391|
44658000416|
44658000417|
44658000418|
44658000419|
44658000420|
44658000421|
44658000422|
44658000423|
44658000448|
44658000449|
44658000450|
44658000451|
44658000452|
44658000453|
44658000454|
44658000455|
44658000480|
44658000481|
44658000482|
44658000483|
44658000484|
44658000485|
44658000486|
44658000487|
44658000512|
44658000513|
44658000514|
44658000515|
44658000516|
44658000517|
44658000518|
44658000519|
44658000544|
44658000545|
44658000546|
44658000547|
44658000548|
44658000549|
44658000550|
44658000551|
