44748000227|
44748000228|
44748000229|
44748000230|
44748000231|
44748000256|
44748000257|
44748000258|
44748000259|
44748000260|
44748000261|
44748000262|
44748000263|
44748000288|
44748000289|
44748000290|
44748000291|
44748000292|
44748000293|
44748000294|
44748000295|
44748000320|
44748000321|
44748000322|
44748000323|
44748000324|
44748000325|
44748000326|
44748000327|
44748000352|
44748000353|
44748000354|
44748000355|
44748000356|
44748000357|
44748000358|
44748000359|
44748000384|
44748000385|
44748000386|
44748000387|
44748000388|
44748000389|
44748000390|
44748000391|
44748000416|
44748000417|
44748000418|
44748000419|
44748000420|
44748000421|
44748000422|
44748000423|
44748000448|
44748000449|
44748000450|
44748000451|
44748000452|
44748000453|
44748000454|
44748000455|
44748000480|
44748000481|
44748000482|
44748000483|
44748000484|
44748000485|
44748000486|
44748000487|
44748000512|
44748000513|
44748000514|
44748000515|
44748000516|
44748000517|
44748000518|
44748000519|
44748000544|
44748000545|
44748000546|
44748000547|
44748000548|
44748000549|
44748000550|
44748000551|
44748000576|
44748000577|
44748000578|
44748000579|
44748000580|
44748000581|
44748000582|
44748000583|
44748000608|
44748000609|
44748000610|
44748000611|
44748000612|
44748000613|
44748000614|
