44802000260|
44802000261|
44802000262|
44802000263|
44802000288|
44802000289|
44802000290|
44802000291|
44802000292|
44802000293|
44802000294|
44802000295|
44802000320|
44802000321|
44802000322|
44802000323|
44802000324|
44802000325|
44802000326|
44802000327|
44802000352|
44802000353|
44802000354|
44802000355|
44802000356|
44802000357|
44802000358|
44802000359|
44802000384|
44802000385|
44802000386|
44802000387|
44802000388|
44802000389|
44802000390|
44802000391|
44802000416|
44802000417|
44802000418|
44802000419|
44802000420|
44802000421|
44802000422|
44802000423|
44802000448|
44802000449|
44802000450|
44802000451|
44802000452|
44802000453|
44802000454|
44802000455|
44802000480|
44802000481|
44802000482|
44802000483|
44802000484|
44802000485|
44802000486|
44802000487|
44802000512|
44802000513|
44802000514|
44802000515|
44802000516|
44802000517|
44802000518|
44802000519|
44802000544|
44802000545|
44802000546|
44802000547|
44802000548|
44802000549|
44802000550|
44802000551|
44802000576|
44802000577|
44802000578|
44802000579|
44802000580|
44802000581|
44802000582|
44802000583|
44802000608|
44802000609|
44802000610|
44802000611|
44802000612|
44802000613|
44802000614|
44802000615|
44802000640|
44802000641|
44802000642|
44802000643|
44802000644|
44802000645|
44802000646|
44802000647|
