396000259|
396000260|
396000261|
396000262|
396000263|
396000288|
396000289|
396000290|
396000291|
396000292|
396000293|
396000294|
396000295|
396000320|
396000321|
396000322|
396000323|
396000324|
396000325|
396000326|
396000327|
396000352|
396000353|
396000354|
396000355|
396000356|
396000357|
396000358|
396000359|
396000384|
396000385|
396000386|
396000387|
396000388|
396000389|
396000390|
396000391|
396000416|
396000417|
396000418|
396000419|
396000420|
396000421|
396000422|
396000423|
396000448|
396000449|
396000450|
396000451|
396000452|
396000453|
396000454|
396000455|
396000480|
396000481|
396000482|
396000483|
396000484|
396000485|
396000486|
396000487|
396000512|
396000513|
396000514|
396000515|
396000516|
396000517|
396000518|
396000519|
396000544|
396000545|
396000546|
396000547|
396000548|
396000549|
396000550|
396000551|
396000576|
396000577|
396000578|
396000579|
396000580|
396000581|
396000582|
396000583|
396000608|
396000609|
396000610|
396000611|
396000612|
396000613|
396000614|
396000615|
396000640|
396000641|
396000642|
396000643|
396000644|
396000645|
396000646|
