126000070|
126000071|
126000096|
126000097|
126000098|
126000099|
126000100|
126000101|
126000102|
126000103|
126000128|
126000129|
126000130|
126000131|
126000132|
126000133|
126000134|
126000135|
126000160|
126000161|
126000162|
126000163|
126000164|
126000165|
126000166|
126000167|
126000192|
126000193|
126000194|
126000195|
126000196|
126000197|
126000198|
126000199|
126000224|
126000225|
126000226|
126000227|
126000228|
126000229|
126000230|
126000231|
126000256|
126000257|
126000258|
126000259|
126000260|
126000261|
126000262|
126000263|
126000288|
126000289|
126000290|
126000291|
126000292|
126000293|
126000294|
126000295|
126000320|
126000321|
126000322|
126000323|
126000324|
126000325|
126000326|
126000327|
126000352|
126000353|
126000354|
126000355|
126000356|
126000357|
126000358|
126000359|
126000384|
126000385|
126000386|
126000387|
126000388|
126000389|
126000390|
126000391|
126000416|
126000417|
126000418|
126000419|
126000420|
126000421|
126000422|
126000423|
126000448|
126000449|
126000450|
126000451|
126000452|
126000453|
126000454|
126000455|
126000480|
126000481|
