54000034|
54000035|
54000036|
54000037|
54000038|
54000039|
54000064|
54000065|
54000066|
54000067|
54000068|
54000069|
54000070|
54000071|
54000096|
54000097|
54000098|
54000099|
54000100|
54000101|
54000102|
54000103|
54000128|
54000129|
54000130|
54000131|
54000132|
54000133|
54000134|
54000135|
54000160|
54000161|
54000162|
54000163|
54000164|
54000165|
54000166|
54000167|
54000192|
54000193|
54000194|
54000195|
54000196|
54000197|
54000198|
54000199|
54000224|
54000225|
54000226|
54000227|
54000228|
54000229|
54000230|
54000231|
54000256|
54000257|
54000258|
54000259|
54000260|
54000261|
54000262|
54000263|
54000288|
54000289|
54000290|
54000291|
54000292|
54000293|
54000294|
54000295|
54000320|
54000321|
54000322|
54000323|
54000324|
54000325|
54000326|
54000327|
54000352|
54000353|
54000354|
54000355|
54000356|
54000357|
54000358|
54000359|
54000384|
54000385|
54000386|
54000387|
54000388|
54000389|
54000390|
54000391|
54000416|
54000417|
54000418|
54000419|
54000420|
54000421|
