89790000258|
89790000259|
89790000260|
89790000261|
89790000262|
89790000263|
89790000288|
89790000289|
89790000290|
89790000291|
89790000292|
89790000293|
89790000294|
89790000295|
89790000320|
89790000321|
89790000322|
89790000323|
89790000324|
89790000325|
89790000326|
89790000327|
89790000352|
89790000353|
89790000354|
89790000355|
89790000356|
89790000357|
89790000358|
89790000359|
89790000384|
89790000385|
89790000386|
89790000387|
89790000388|
89790000389|
89790000390|
89790000391|
89790000416|
89790000417|
89790000418|
89790000419|
89790000420|
89790000421|
89790000422|
89790000423|
89790000448|
89790000449|
89790000450|
89790000451|
89790000452|
89790000453|
89790000454|
89790000455|
89790000480|
89790000481|
89790000482|
89790000483|
89790000484|
89790000485|
89790000486|
89790000487|
89790000512|
89790000513|
89790000514|
89790000515|
89790000516|
89790000517|
89790000518|
89790000519|
89790000544|
89790000545|
89790000546|
89790000547|
89790000548|
89790000549|
89790000550|
89790000551|
89790000576|
89790000577|
89790000578|
89790000579|
89790000580|
89790000581|
89790000582|
89790000583|
89790000608|
89790000609|
89790000610|
89790000611|
89790000612|
89790000613|
89790000614|
89790000615|
89790000640|
89790000641|
89790000642|
89790000643|
89790000644|
89790000645|
