44574000102|
44574000103|
44574000128|
44574000129|
44574000130|
44574000131|
44574000132|
44574000133|
44574000134|
44574000135|
44574000160|
44574000161|
44574000162|
44574000163|
44574000164|
44574000165|
44574000166|
44574000167|
44574000192|
44574000193|
44574000194|
44574000195|
44574000196|
44574000197|
44574000198|
44574000199|
44574000224|
44574000225|
44574000226|
44574000227|
44574000228|
44574000229|
44574000230|
44574000231|
44574000256|
44574000257|
44574000258|
44574000259|
44574000260|
44574000261|
44574000262|
44574000263|
44574000288|
44574000289|
44574000290|
44574000291|
44574000292|
44574000293|
44574000294|
44574000295|
44574000320|
44574000321|
44574000322|
44574000323|
44574000324|
44574000325|
44574000326|
44574000327|
44574000352|
44574000353|
44574000354|
44574000355|
44574000356|
44574000357|
44574000358|
44574000359|
44574000384|
44574000385|
44574000386|
44574000387|
44574000388|
44574000389|
44574000390|
44574000391|
44574000416|
44574000417|
44574000418|
44574000419|
44574000420|
44574000421|
44574000422|
44574000423|
44574000448|
44574000449|
44574000450|
44574000451|
44574000452|
44574000453|
44574000454|
44574000455|
44574000480|
44574000481|
44574000482|
44574000483|
44574000484|
44574000485|
44574000486|
44574000487|
44574000512|
44574000513|
