89682000192|
89682000193|
89682000194|
89682000195|
89682000196|
89682000197|
89682000198|
89682000199|
89682000224|
89682000225|
89682000226|
89682000227|
89682000228|
89682000229|
89682000230|
89682000231|
89682000256|
89682000257|
89682000258|
89682000259|
89682000260|
89682000261|
89682000262|
89682000263|
89682000288|
89682000289|
89682000290|
89682000291|
89682000292|
89682000293|
89682000294|
89682000295|
89682000320|
89682000321|
89682000322|
89682000323|
89682000324|
89682000325|
89682000326|
89682000327|
89682000352|
89682000353|
89682000354|
89682000355|
89682000356|
89682000357|
89682000358|
89682000359|
89682000384|
89682000385|
89682000386|
89682000387|
89682000388|
89682000389|
89682000390|
89682000391|
89682000416|
89682000417|
89682000418|
89682000419|
89682000420|
89682000421|
89682000422|
89682000423|
89682000448|
89682000449|
89682000450|
89682000451|
89682000452|
89682000453|
89682000454|
89682000455|
89682000480|
89682000481|
89682000482|
89682000483|
89682000484|
89682000485|
89682000486|
89682000487|
89682000512|
89682000513|
89682000514|
89682000515|
89682000516|
89682000517|
89682000518|
89682000519|
89682000544|
89682000545|
89682000546|
89682000547|
89682000548|
89682000549|
89682000550|
89682000551|
89682000576|
89682000577|
89682000578|
89682000579|
