44892000323|
44892000324|
44892000325|
44892000326|
44892000327|
44892000352|
44892000353|
44892000354|
44892000355|
44892000356|
44892000357|
44892000358|
44892000359|
44892000384|
44892000385|
44892000386|
44892000387|
44892000388|
44892000389|
44892000390|
44892000391|
44892000416|
44892000417|
44892000418|
44892000419|
44892000420|
44892000421|
44892000422|
44892000423|
44892000448|
44892000449|
44892000450|
44892000451|
44892000452|
44892000453|
44892000454|
44892000455|
44892000480|
44892000481|
44892000482|
44892000483|
44892000484|
44892000485|
44892000486|
44892000487|
44892000512|
44892000513|
44892000514|
44892000515|
44892000516|
44892000517|
44892000518|
44892000519|
44892000544|
44892000545|
44892000546|
44892000547|
44892000548|
44892000549|
44892000550|
44892000551|
44892000576|
44892000577|
44892000578|
44892000579|
44892000580|
44892000581|
44892000582|
44892000583|
44892000608|
44892000609|
44892000610|
44892000611|
44892000612|
44892000613|
44892000614|
44892000615|
44892000640|
44892000641|
44892000642|
44892000643|
44892000644|
44892000645|
44892000646|
44892000647|
44892000672|
44892000673|
44892000674|
44892000675|
44892000676|
44892000677|
44892000678|
44892000679|
44892000704|
44892000705|
44892000706|
44892000707|
44892000708|
44892000709|
44892000710|
