44754000228|
44754000229|
44754000230|
44754000231|
44754000256|
44754000257|
44754000258|
44754000259|
44754000260|
44754000261|
44754000262|
44754000263|
44754000288|
44754000289|
44754000290|
44754000291|
44754000292|
44754000293|
44754000294|
44754000295|
44754000320|
44754000321|
44754000322|
44754000323|
44754000324|
44754000325|
44754000326|
44754000327|
44754000352|
44754000353|
44754000354|
44754000355|
44754000356|
44754000357|
44754000358|
44754000359|
44754000384|
44754000385|
44754000386|
44754000387|
44754000388|
44754000389|
44754000390|
44754000391|
44754000416|
44754000417|
44754000418|
44754000419|
44754000420|
44754000421|
44754000422|
44754000423|
44754000448|
44754000449|
44754000450|
44754000451|
44754000452|
44754000453|
44754000454|
44754000455|
44754000480|
44754000481|
44754000482|
44754000483|
44754000484|
44754000485|
44754000486|
44754000487|
44754000512|
44754000513|
44754000514|
44754000515|
44754000516|
44754000517|
44754000518|
44754000519|
44754000544|
44754000545|
44754000546|
44754000547|
44754000548|
44754000549|
44754000550|
44754000551|
44754000576|
44754000577|
44754000578|
44754000579|
44754000580|
44754000581|
44754000582|
44754000583|
44754000608|
44754000609|
44754000610|
44754000611|
44754000612|
44754000613|
44754000614|
44754000615|
