594000388|
594000389|
594000390|
594000391|
594000416|
594000417|
594000418|
594000419|
594000420|
594000421|
594000422|
594000423|
594000448|
594000449|
594000450|
594000451|
594000452|
594000453|
594000454|
594000455|
594000480|
594000481|
594000482|
594000483|
594000484|
594000485|
594000486|
594000487|
594000512|
594000513|
594000514|
594000515|
594000516|
594000517|
594000518|
594000519|
594000544|
594000545|
594000546|
594000547|
594000548|
594000549|
594000550|
594000551|
594000576|
594000577|
594000578|
594000579|
594000580|
594000581|
594000582|
594000583|
594000608|
594000609|
594000610|
594000611|
594000612|
594000613|
594000614|
594000615|
594000640|
594000641|
594000642|
594000643|
594000644|
594000645|
594000646|
594000647|
594000672|
594000673|
594000674|
594000675|
594000676|
594000677|
594000678|
594000679|
594000704|
594000705|
594000706|
594000707|
594000708|
594000709|
594000710|
594000711|
594000736|
594000737|
594000738|
594000739|
594000740|
594000741|
594000742|
594000743|
594000768|
594000769|
594000770|
594000771|
594000772|
594000773|
594000774|
594000775|
