89454000034|
89454000035|
89454000036|
89454000037|
89454000038|
89454000039|
89454000064|
89454000065|
89454000066|
89454000067|
89454000068|
89454000069|
89454000070|
89454000071|
89454000096|
89454000097|
89454000098|
89454000099|
89454000100|
89454000101|
89454000102|
89454000103|
89454000128|
89454000129|
89454000130|
89454000131|
89454000132|
89454000133|
89454000134|
89454000135|
89454000160|
89454000161|
89454000162|
89454000163|
89454000164|
89454000165|
89454000166|
89454000167|
89454000192|
89454000193|
89454000194|
89454000195|
89454000196|
89454000197|
89454000198|
89454000199|
89454000224|
89454000225|
89454000226|
89454000227|
89454000228|
89454000229|
89454000230|
89454000231|
89454000256|
89454000257|
89454000258|
89454000259|
89454000260|
89454000261|
89454000262|
89454000263|
89454000288|
89454000289|
89454000290|
89454000291|
89454000292|
89454000293|
89454000294|
89454000295|
89454000320|
89454000321|
89454000322|
89454000323|
89454000324|
89454000325|
89454000326|
89454000327|
89454000352|
89454000353|
89454000354|
89454000355|
89454000356|
89454000357|
89454000358|
89454000359|
89454000384|
89454000385|
89454000386|
89454000387|
89454000388|
89454000389|
89454000390|
89454000391|
89454000416|
89454000417|
89454000418|
89454000419|
89454000420|
89454000421|
