44964000359|
44964000384|
44964000385|
44964000386|
44964000387|
44964000388|
44964000389|
44964000390|
44964000391|
44964000416|
44964000417|
44964000418|
44964000419|
44964000420|
44964000421|
44964000422|
44964000423|
44964000448|
44964000449|
44964000450|
44964000451|
44964000452|
44964000453|
44964000454|
44964000455|
44964000480|
44964000481|
44964000482|
44964000483|
44964000484|
44964000485|
44964000486|
44964000487|
44964000512|
44964000513|
44964000514|
44964000515|
44964000516|
44964000517|
44964000518|
44964000519|
44964000544|
44964000545|
44964000546|
44964000547|
44964000548|
44964000549|
44964000550|
44964000551|
44964000576|
44964000577|
44964000578|
44964000579|
44964000580|
44964000581|
44964000582|
44964000583|
44964000608|
44964000609|
44964000610|
44964000611|
44964000612|
44964000613|
44964000614|
44964000615|
44964000640|
44964000641|
44964000642|
44964000643|
44964000644|
44964000645|
44964000646|
44964000647|
44964000672|
44964000673|
44964000674|
44964000675|
44964000676|
44964000677|
44964000678|
44964000679|
44964000704|
44964000705|
44964000706|
44964000707|
44964000708|
44964000709|
44964000710|
44964000711|
44964000736|
44964000737|
44964000738|
44964000739|
44964000740|
44964000741|
44964000742|
44964000743|
44964000768|
44964000769|
44964000770|
