89574000102|
89574000103|
89574000128|
89574000129|
89574000130|
89574000131|
89574000132|
89574000133|
89574000134|
89574000135|
89574000160|
89574000161|
89574000162|
89574000163|
89574000164|
89574000165|
89574000166|
89574000167|
89574000192|
89574000193|
89574000194|
89574000195|
89574000196|
89574000197|
89574000198|
89574000199|
89574000224|
89574000225|
89574000226|
89574000227|
89574000228|
89574000229|
89574000230|
89574000231|
89574000256|
89574000257|
89574000258|
89574000259|
89574000260|
89574000261|
89574000262|
89574000263|
89574000288|
89574000289|
89574000290|
89574000291|
89574000292|
89574000293|
89574000294|
89574000295|
89574000320|
89574000321|
89574000322|
89574000323|
89574000324|
89574000325|
89574000326|
89574000327|
89574000352|
89574000353|
89574000354|
89574000355|
89574000356|
89574000357|
89574000358|
89574000359|
89574000384|
89574000385|
89574000386|
89574000387|
89574000388|
89574000389|
89574000390|
89574000391|
89574000416|
89574000417|
89574000418|
89574000419|
89574000420|
89574000421|
89574000422|
89574000423|
89574000448|
89574000449|
89574000450|
89574000451|
89574000452|
89574000453|
89574000454|
89574000455|
89574000480|
89574000481|
89574000482|
89574000483|
89574000484|
89574000485|
89574000486|
89574000487|
89574000512|
89574000513|
