89874000320|
89874000321|
89874000322|
89874000323|
89874000324|
89874000325|
89874000326|
89874000327|
89874000352|
89874000353|
89874000354|
89874000355|
89874000356|
89874000357|
89874000358|
89874000359|
89874000384|
89874000385|
89874000386|
89874000387|
89874000388|
89874000389|
89874000390|
89874000391|
89874000416|
89874000417|
89874000418|
89874000419|
89874000420|
89874000421|
89874000422|
89874000423|
89874000448|
89874000449|
89874000450|
89874000451|
89874000452|
89874000453|
89874000454|
89874000455|
89874000480|
89874000481|
89874000482|
89874000483|
89874000484|
89874000485|
89874000486|
89874000487|
89874000512|
89874000513|
89874000514|
89874000515|
89874000516|
89874000517|
89874000518|
89874000519|
89874000544|
89874000545|
89874000546|
89874000547|
89874000548|
89874000549|
89874000550|
89874000551|
89874000576|
89874000577|
89874000578|
89874000579|
89874000580|
89874000581|
89874000582|
89874000583|
89874000608|
89874000609|
89874000610|
89874000611|
89874000612|
89874000613|
89874000614|
89874000615|
89874000640|
89874000641|
89874000642|
89874000643|
89874000644|
89874000645|
89874000646|
89874000647|
89874000672|
89874000673|
89874000674|
89874000675|
89874000676|
89874000677|
89874000678|
89874000679|
89874000704|
89874000705|
89874000706|
89874000707|
