192000129|
192000130|
192000131|
192000132|
192000133|
192000134|
192000135|
192000160|
192000161|
192000162|
192000163|
192000164|
192000165|
192000166|
192000167|
192000192|
192000193|
192000194|
192000195|
192000196|
192000197|
192000198|
192000199|
192000224|
192000225|
192000226|
192000227|
192000228|
192000229|
192000230|
192000231|
192000256|
192000257|
192000258|
192000259|
192000260|
192000261|
192000262|
192000263|
192000288|
192000289|
192000290|
192000291|
192000292|
192000293|
192000294|
192000295|
192000320|
192000321|
192000322|
192000323|
192000324|
192000325|
192000326|
192000327|
192000352|
192000353|
192000354|
192000355|
192000356|
192000357|
192000358|
192000359|
192000384|
192000385|
192000386|
192000387|
192000388|
192000389|
192000390|
192000391|
192000416|
192000417|
192000418|
192000419|
192000420|
192000421|
192000422|
192000423|
192000448|
192000449|
192000450|
192000451|
192000452|
192000453|
192000454|
192000455|
192000480|
192000481|
192000482|
192000483|
192000484|
192000485|
192000486|
192000487|
192000512|
192000513|
192000514|
192000515|
192000516|
