44556000099|
44556000100|
44556000101|
44556000102|
44556000103|
44556000128|
44556000129|
44556000130|
44556000131|
44556000132|
44556000133|
44556000134|
44556000135|
44556000160|
44556000161|
44556000162|
44556000163|
44556000164|
44556000165|
44556000166|
44556000167|
44556000192|
44556000193|
44556000194|
44556000195|
44556000196|
44556000197|
44556000198|
44556000199|
44556000224|
44556000225|
44556000226|
44556000227|
44556000228|
44556000229|
44556000230|
44556000231|
44556000256|
44556000257|
44556000258|
44556000259|
44556000260|
44556000261|
44556000262|
44556000263|
44556000288|
44556000289|
44556000290|
44556000291|
44556000292|
44556000293|
44556000294|
44556000295|
44556000320|
44556000321|
44556000322|
44556000323|
44556000324|
44556000325|
44556000326|
44556000327|
44556000352|
44556000353|
44556000354|
44556000355|
44556000356|
44556000357|
44556000358|
44556000359|
44556000384|
44556000385|
44556000386|
44556000387|
44556000388|
44556000389|
44556000390|
44556000391|
44556000416|
44556000417|
44556000418|
44556000419|
44556000420|
44556000421|
44556000422|
44556000423|
44556000448|
44556000449|
44556000450|
44556000451|
44556000452|
44556000453|
44556000454|
44556000455|
44556000480|
44556000481|
44556000482|
44556000483|
44556000484|
44556000485|
44556000486|
