44622000134|
44622000135|
44622000160|
44622000161|
44622000162|
44622000163|
44622000164|
44622000165|
44622000166|
44622000167|
44622000192|
44622000193|
44622000194|
44622000195|
44622000196|
44622000197|
44622000198|
44622000199|
44622000224|
44622000225|
44622000226|
44622000227|
44622000228|
44622000229|
44622000230|
44622000231|
44622000256|
44622000257|
44622000258|
44622000259|
44622000260|
44622000261|
44622000262|
44622000263|
44622000288|
44622000289|
44622000290|
44622000291|
44622000292|
44622000293|
44622000294|
44622000295|
44622000320|
44622000321|
44622000322|
44622000323|
44622000324|
44622000325|
44622000326|
44622000327|
44622000352|
44622000353|
44622000354|
44622000355|
44622000356|
44622000357|
44622000358|
44622000359|
44622000384|
44622000385|
44622000386|
44622000387|
44622000388|
44622000389|
44622000390|
44622000391|
44622000416|
44622000417|
44622000418|
44622000419|
44622000420|
44622000421|
44622000422|
44622000423|
44622000448|
44622000449|
44622000450|
44622000451|
44622000452|
44622000453|
44622000454|
44622000455|
44622000480|
44622000481|
44622000482|
44622000483|
44622000484|
44622000485|
44622000486|
44622000487|
44622000512|
44622000513|
44622000514|
44622000515|
44622000516|
44622000517|
44622000518|
44622000519|
44622000544|
44622000545|
