44634000160|
44634000161|
44634000162|
44634000163|
44634000164|
44634000165|
44634000166|
44634000167|
44634000192|
44634000193|
44634000194|
44634000195|
44634000196|
44634000197|
44634000198|
44634000199|
44634000224|
44634000225|
44634000226|
44634000227|
44634000228|
44634000229|
44634000230|
44634000231|
44634000256|
44634000257|
44634000258|
44634000259|
44634000260|
44634000261|
44634000262|
44634000263|
44634000288|
44634000289|
44634000290|
44634000291|
44634000292|
44634000293|
44634000294|
44634000295|
44634000320|
44634000321|
44634000322|
44634000323|
44634000324|
44634000325|
44634000326|
44634000327|
44634000352|
44634000353|
44634000354|
44634000355|
44634000356|
44634000357|
44634000358|
44634000359|
44634000384|
44634000385|
44634000386|
44634000387|
44634000388|
44634000389|
44634000390|
44634000391|
44634000416|
44634000417|
44634000418|
44634000419|
44634000420|
44634000421|
44634000422|
44634000423|
44634000448|
44634000449|
44634000450|
44634000451|
44634000452|
44634000453|
44634000454|
44634000455|
44634000480|
44634000481|
44634000482|
44634000483|
44634000484|
44634000485|
44634000486|
44634000487|
44634000512|
44634000513|
44634000514|
44634000515|
44634000516|
44634000517|
44634000518|
44634000519|
44634000544|
44634000545|
44634000546|
44634000547|
