564000359|
564000384|
564000385|
564000386|
564000387|
564000388|
564000389|
564000390|
564000391|
564000416|
564000417|
564000418|
564000419|
564000420|
564000421|
564000422|
564000423|
564000448|
564000449|
564000450|
564000451|
564000452|
564000453|
564000454|
564000455|
564000480|
564000481|
564000482|
564000483|
564000484|
564000485|
564000486|
564000487|
564000512|
564000513|
564000514|
564000515|
564000516|
564000517|
564000518|
564000519|
564000544|
564000545|
564000546|
564000547|
564000548|
564000549|
564000550|
564000551|
564000576|
564000577|
564000578|
564000579|
564000580|
564000581|
564000582|
564000583|
564000608|
564000609|
564000610|
564000611|
564000612|
564000613|
564000614|
564000615|
564000640|
564000641|
564000642|
564000643|
564000644|
564000645|
564000646|
564000647|
564000672|
564000673|
564000674|
564000675|
564000676|
564000677|
564000678|
564000679|
564000704|
564000705|
564000706|
564000707|
564000708|
564000709|
564000710|
564000711|
564000736|
564000737|
564000738|
564000739|
564000740|
564000741|
564000742|
564000743|
564000768|
564000769|
564000770|
