44652000163|
44652000164|
44652000165|
44652000166|
44652000167|
44652000192|
44652000193|
44652000194|
44652000195|
44652000196|
44652000197|
44652000198|
44652000199|
44652000224|
44652000225|
44652000226|
44652000227|
44652000228|
44652000229|
44652000230|
44652000231|
44652000256|
44652000257|
44652000258|
44652000259|
44652000260|
44652000261|
44652000262|
44652000263|
44652000288|
44652000289|
44652000290|
44652000291|
44652000292|
44652000293|
44652000294|
44652000295|
44652000320|
44652000321|
44652000322|
44652000323|
44652000324|
44652000325|
44652000326|
44652000327|
44652000352|
44652000353|
44652000354|
44652000355|
44652000356|
44652000357|
44652000358|
44652000359|
44652000384|
44652000385|
44652000386|
44652000387|
44652000388|
44652000389|
44652000390|
44652000391|
44652000416|
44652000417|
44652000418|
44652000419|
44652000420|
44652000421|
44652000422|
44652000423|
44652000448|
44652000449|
44652000450|
44652000451|
44652000452|
44652000453|
44652000454|
44652000455|
44652000480|
44652000481|
44652000482|
44652000483|
44652000484|
44652000485|
44652000486|
44652000487|
44652000512|
44652000513|
44652000514|
44652000515|
44652000516|
44652000517|
44652000518|
44652000519|
44652000544|
44652000545|
44652000546|
44652000547|
44652000548|
44652000549|
44652000550|
