89712000197|
89712000198|
89712000199|
89712000224|
89712000225|
89712000226|
89712000227|
89712000228|
89712000229|
89712000230|
89712000231|
89712000256|
89712000257|
89712000258|
89712000259|
89712000260|
89712000261|
89712000262|
89712000263|
89712000288|
89712000289|
89712000290|
89712000291|
89712000292|
89712000293|
89712000294|
89712000295|
89712000320|
89712000321|
89712000322|
89712000323|
89712000324|
89712000325|
89712000326|
89712000327|
89712000352|
89712000353|
89712000354|
89712000355|
89712000356|
89712000357|
89712000358|
89712000359|
89712000384|
89712000385|
89712000386|
89712000387|
89712000388|
89712000389|
89712000390|
89712000391|
89712000416|
89712000417|
89712000418|
89712000419|
89712000420|
89712000421|
89712000422|
89712000423|
89712000448|
89712000449|
89712000450|
89712000451|
89712000452|
89712000453|
89712000454|
89712000455|
89712000480|
89712000481|
89712000482|
89712000483|
89712000484|
89712000485|
89712000486|
89712000487|
89712000512|
89712000513|
89712000514|
89712000515|
89712000516|
89712000517|
89712000518|
89712000519|
89712000544|
89712000545|
89712000546|
89712000547|
89712000548|
89712000549|
89712000550|
89712000551|
89712000576|
89712000577|
89712000578|
89712000579|
89712000580|
89712000581|
89712000582|
89712000583|
89712000608|
