44610000132|
44610000133|
44610000134|
44610000135|
44610000160|
44610000161|
44610000162|
44610000163|
44610000164|
44610000165|
44610000166|
44610000167|
44610000192|
44610000193|
44610000194|
44610000195|
44610000196|
44610000197|
44610000198|
44610000199|
44610000224|
44610000225|
44610000226|
44610000227|
44610000228|
44610000229|
44610000230|
44610000231|
44610000256|
44610000257|
44610000258|
44610000259|
44610000260|
44610000261|
44610000262|
44610000263|
44610000288|
44610000289|
44610000290|
44610000291|
44610000292|
44610000293|
44610000294|
44610000295|
44610000320|
44610000321|
44610000322|
44610000323|
44610000324|
44610000325|
44610000326|
44610000327|
44610000352|
44610000353|
44610000354|
44610000355|
44610000356|
44610000357|
44610000358|
44610000359|
44610000384|
44610000385|
44610000386|
44610000387|
44610000388|
44610000389|
44610000390|
44610000391|
44610000416|
44610000417|
44610000418|
44610000419|
44610000420|
44610000421|
44610000422|
44610000423|
44610000448|
44610000449|
44610000450|
44610000451|
44610000452|
44610000453|
44610000454|
44610000455|
44610000480|
44610000481|
44610000482|
44610000483|
44610000484|
44610000485|
44610000486|
44610000487|
44610000512|
44610000513|
44610000514|
44610000515|
44610000516|
44610000517|
44610000518|
44610000519|
