44490000064|
44490000065|
44490000066|
44490000067|
44490000068|
44490000069|
44490000070|
44490000071|
44490000096|
44490000097|
44490000098|
44490000099|
44490000100|
44490000101|
44490000102|
44490000103|
44490000128|
44490000129|
44490000130|
44490000131|
44490000132|
44490000133|
44490000134|
44490000135|
44490000160|
44490000161|
44490000162|
44490000163|
44490000164|
44490000165|
44490000166|
44490000167|
44490000192|
44490000193|
44490000194|
44490000195|
44490000196|
44490000197|
44490000198|
44490000199|
44490000224|
44490000225|
44490000226|
44490000227|
44490000228|
44490000229|
44490000230|
44490000231|
44490000256|
44490000257|
44490000258|
44490000259|
44490000260|
44490000261|
44490000262|
44490000263|
44490000288|
44490000289|
44490000290|
44490000291|
44490000292|
44490000293|
44490000294|
44490000295|
44490000320|
44490000321|
44490000322|
44490000323|
44490000324|
44490000325|
44490000326|
44490000327|
44490000352|
44490000353|
44490000354|
44490000355|
44490000356|
44490000357|
44490000358|
44490000359|
44490000384|
44490000385|
44490000386|
44490000387|
44490000388|
44490000389|
44490000390|
44490000391|
44490000416|
44490000417|
44490000418|
44490000419|
44490000420|
44490000421|
44490000422|
44490000423|
44490000448|
44490000449|
44490000450|
44490000451|
