44550000098|
44550000099|
44550000100|
44550000101|
44550000102|
44550000103|
44550000128|
44550000129|
44550000130|
44550000131|
44550000132|
44550000133|
44550000134|
44550000135|
44550000160|
44550000161|
44550000162|
44550000163|
44550000164|
44550000165|
44550000166|
44550000167|
44550000192|
44550000193|
44550000194|
44550000195|
44550000196|
44550000197|
44550000198|
44550000199|
44550000224|
44550000225|
44550000226|
44550000227|
44550000228|
44550000229|
44550000230|
44550000231|
44550000256|
44550000257|
44550000258|
44550000259|
44550000260|
44550000261|
44550000262|
44550000263|
44550000288|
44550000289|
44550000290|
44550000291|
44550000292|
44550000293|
44550000294|
44550000295|
44550000320|
44550000321|
44550000322|
44550000323|
44550000324|
44550000325|
44550000326|
44550000327|
44550000352|
44550000353|
44550000354|
44550000355|
44550000356|
44550000357|
44550000358|
44550000359|
44550000384|
44550000385|
44550000386|
44550000387|
44550000388|
44550000389|
44550000390|
44550000391|
44550000416|
44550000417|
44550000418|
44550000419|
44550000420|
44550000421|
44550000422|
44550000423|
44550000448|
44550000449|
44550000450|
44550000451|
44550000452|
44550000453|
44550000454|
44550000455|
44550000480|
44550000481|
44550000482|
44550000483|
44550000484|
44550000485|
