89886000322|
89886000323|
89886000324|
89886000325|
89886000326|
89886000327|
89886000352|
89886000353|
89886000354|
89886000355|
89886000356|
89886000357|
89886000358|
89886000359|
89886000384|
89886000385|
89886000386|
89886000387|
89886000388|
89886000389|
89886000390|
89886000391|
89886000416|
89886000417|
89886000418|
89886000419|
89886000420|
89886000421|
89886000422|
89886000423|
89886000448|
89886000449|
89886000450|
89886000451|
89886000452|
89886000453|
89886000454|
89886000455|
89886000480|
89886000481|
89886000482|
89886000483|
89886000484|
89886000485|
89886000486|
89886000487|
89886000512|
89886000513|
89886000514|
89886000515|
89886000516|
89886000517|
89886000518|
89886000519|
89886000544|
89886000545|
89886000546|
89886000547|
89886000548|
89886000549|
89886000550|
89886000551|
89886000576|
89886000577|
89886000578|
89886000579|
89886000580|
89886000581|
89886000582|
89886000583|
89886000608|
89886000609|
89886000610|
89886000611|
89886000612|
89886000613|
89886000614|
89886000615|
89886000640|
89886000641|
89886000642|
89886000643|
89886000644|
89886000645|
89886000646|
89886000647|
89886000672|
89886000673|
89886000674|
89886000675|
89886000676|
89886000677|
89886000678|
89886000679|
89886000704|
89886000705|
89886000706|
89886000707|
89886000708|
89886000709|
