89598000130|
89598000131|
89598000132|
89598000133|
89598000134|
89598000135|
89598000160|
89598000161|
89598000162|
89598000163|
89598000164|
89598000165|
89598000166|
89598000167|
89598000192|
89598000193|
89598000194|
89598000195|
89598000196|
89598000197|
89598000198|
89598000199|
89598000224|
89598000225|
89598000226|
89598000227|
89598000228|
89598000229|
89598000230|
89598000231|
89598000256|
89598000257|
89598000258|
89598000259|
89598000260|
89598000261|
89598000262|
89598000263|
89598000288|
89598000289|
89598000290|
89598000291|
89598000292|
89598000293|
89598000294|
89598000295|
89598000320|
89598000321|
89598000322|
89598000323|
89598000324|
89598000325|
89598000326|
89598000327|
89598000352|
89598000353|
89598000354|
89598000355|
89598000356|
89598000357|
89598000358|
89598000359|
89598000384|
89598000385|
89598000386|
89598000387|
89598000388|
89598000389|
89598000390|
89598000391|
89598000416|
89598000417|
89598000418|
89598000419|
89598000420|
89598000421|
89598000422|
89598000423|
89598000448|
89598000449|
89598000450|
89598000451|
89598000452|
89598000453|
89598000454|
89598000455|
89598000480|
89598000481|
89598000482|
89598000483|
89598000484|
89598000485|
89598000486|
89598000487|
89598000512|
89598000513|
89598000514|
89598000515|
89598000516|
89598000517|
