324000199|
324000224|
324000225|
324000226|
324000227|
324000228|
324000229|
324000230|
324000231|
324000256|
324000257|
324000258|
324000259|
324000260|
324000261|
324000262|
324000263|
324000288|
324000289|
324000290|
324000291|
324000292|
324000293|
324000294|
324000295|
324000320|
324000321|
324000322|
324000323|
324000324|
324000325|
324000326|
324000327|
324000352|
324000353|
324000354|
324000355|
324000356|
324000357|
324000358|
324000359|
324000384|
324000385|
324000386|
324000387|
324000388|
324000389|
324000390|
324000391|
324000416|
324000417|
324000418|
324000419|
324000420|
324000421|
324000422|
324000423|
324000448|
324000449|
324000450|
324000451|
324000452|
324000453|
324000454|
324000455|
324000480|
324000481|
324000482|
324000483|
324000484|
324000485|
324000486|
324000487|
324000512|
324000513|
324000514|
324000515|
324000516|
324000517|
324000518|
324000519|
324000544|
324000545|
324000546|
324000547|
324000548|
324000549|
324000550|
324000551|
324000576|
324000577|
324000578|
324000579|
324000580|
324000581|
324000582|
324000583|
324000608|
324000609|
324000610|
