44604000131|
44604000132|
44604000133|
44604000134|
44604000135|
44604000160|
44604000161|
44604000162|
44604000163|
44604000164|
44604000165|
44604000166|
44604000167|
44604000192|
44604000193|
44604000194|
44604000195|
44604000196|
44604000197|
44604000198|
44604000199|
44604000224|
44604000225|
44604000226|
44604000227|
44604000228|
44604000229|
44604000230|
44604000231|
44604000256|
44604000257|
44604000258|
44604000259|
44604000260|
44604000261|
44604000262|
44604000263|
44604000288|
44604000289|
44604000290|
44604000291|
44604000292|
44604000293|
44604000294|
44604000295|
44604000320|
44604000321|
44604000322|
44604000323|
44604000324|
44604000325|
44604000326|
44604000327|
44604000352|
44604000353|
44604000354|
44604000355|
44604000356|
44604000357|
44604000358|
44604000359|
44604000384|
44604000385|
44604000386|
44604000387|
44604000388|
44604000389|
44604000390|
44604000391|
44604000416|
44604000417|
44604000418|
44604000419|
44604000420|
44604000421|
44604000422|
44604000423|
44604000448|
44604000449|
44604000450|
44604000451|
44604000452|
44604000453|
44604000454|
44604000455|
44604000480|
44604000481|
44604000482|
44604000483|
44604000484|
44604000485|
44604000486|
44604000487|
44604000512|
44604000513|
44604000514|
44604000515|
44604000516|
44604000517|
44604000518|
