144000097|
144000098|
144000099|
144000100|
144000101|
144000102|
144000103|
144000128|
144000129|
144000130|
144000131|
144000132|
144000133|
144000134|
144000135|
144000160|
144000161|
144000162|
144000163|
144000164|
144000165|
144000166|
144000167|
144000192|
144000193|
144000194|
144000195|
144000196|
144000197|
144000198|
144000199|
144000224|
144000225|
144000226|
144000227|
144000228|
144000229|
144000230|
144000231|
144000256|
144000257|
144000258|
144000259|
144000260|
144000261|
144000262|
144000263|
144000288|
144000289|
144000290|
144000291|
144000292|
144000293|
144000294|
144000295|
144000320|
144000321|
144000322|
144000323|
144000324|
144000325|
144000326|
144000327|
144000352|
144000353|
144000354|
144000355|
144000356|
144000357|
144000358|
144000359|
144000384|
144000385|
144000386|
144000387|
144000388|
144000389|
144000390|
144000391|
144000416|
144000417|
144000418|
144000419|
144000420|
144000421|
144000422|
144000423|
144000448|
144000449|
144000450|
144000451|
144000452|
144000453|
144000454|
144000455|
144000480|
144000481|
144000482|
144000483|
144000484|
