89766000230|
89766000231|
89766000256|
89766000257|
89766000258|
89766000259|
89766000260|
89766000261|
89766000262|
89766000263|
89766000288|
89766000289|
89766000290|
89766000291|
89766000292|
89766000293|
89766000294|
89766000295|
89766000320|
89766000321|
89766000322|
89766000323|
89766000324|
89766000325|
89766000326|
89766000327|
89766000352|
89766000353|
89766000354|
89766000355|
89766000356|
89766000357|
89766000358|
89766000359|
89766000384|
89766000385|
89766000386|
89766000387|
89766000388|
89766000389|
89766000390|
89766000391|
89766000416|
89766000417|
89766000418|
89766000419|
89766000420|
89766000421|
89766000422|
89766000423|
89766000448|
89766000449|
89766000450|
89766000451|
89766000452|
89766000453|
89766000454|
89766000455|
89766000480|
89766000481|
89766000482|
89766000483|
89766000484|
89766000485|
89766000486|
89766000487|
89766000512|
89766000513|
89766000514|
89766000515|
89766000516|
89766000517|
89766000518|
89766000519|
89766000544|
89766000545|
89766000546|
89766000547|
89766000548|
89766000549|
89766000550|
89766000551|
89766000576|
89766000577|
89766000578|
89766000579|
89766000580|
89766000581|
89766000582|
89766000583|
89766000608|
89766000609|
89766000610|
89766000611|
89766000612|
89766000613|
89766000614|
89766000615|
89766000640|
89766000641|
