89616000133|
89616000134|
89616000135|
89616000160|
89616000161|
89616000162|
89616000163|
89616000164|
89616000165|
89616000166|
89616000167|
89616000192|
89616000193|
89616000194|
89616000195|
89616000196|
89616000197|
89616000198|
89616000199|
89616000224|
89616000225|
89616000226|
89616000227|
89616000228|
89616000229|
89616000230|
89616000231|
89616000256|
89616000257|
89616000258|
89616000259|
89616000260|
89616000261|
89616000262|
89616000263|
89616000288|
89616000289|
89616000290|
89616000291|
89616000292|
89616000293|
89616000294|
89616000295|
89616000320|
89616000321|
89616000322|
89616000323|
89616000324|
89616000325|
89616000326|
89616000327|
89616000352|
89616000353|
89616000354|
89616000355|
89616000356|
89616000357|
89616000358|
89616000359|
89616000384|
89616000385|
89616000386|
89616000387|
89616000388|
89616000389|
89616000390|
89616000391|
89616000416|
89616000417|
89616000418|
89616000419|
89616000420|
89616000421|
89616000422|
89616000423|
89616000448|
89616000449|
89616000450|
89616000451|
89616000452|
89616000453|
89616000454|
89616000455|
89616000480|
89616000481|
89616000482|
89616000483|
89616000484|
89616000485|
89616000486|
89616000487|
89616000512|
89616000513|
89616000514|
89616000515|
89616000516|
89616000517|
89616000518|
89616000519|
89616000544|
