44664000165|
44664000166|
44664000167|
44664000192|
44664000193|
44664000194|
44664000195|
44664000196|
44664000197|
44664000198|
44664000199|
44664000224|
44664000225|
44664000226|
44664000227|
44664000228|
44664000229|
44664000230|
44664000231|
44664000256|
44664000257|
44664000258|
44664000259|
44664000260|
44664000261|
44664000262|
44664000263|
44664000288|
44664000289|
44664000290|
44664000291|
44664000292|
44664000293|
44664000294|
44664000295|
44664000320|
44664000321|
44664000322|
44664000323|
44664000324|
44664000325|
44664000326|
44664000327|
44664000352|
44664000353|
44664000354|
44664000355|
44664000356|
44664000357|
44664000358|
44664000359|
44664000384|
44664000385|
44664000386|
44664000387|
44664000388|
44664000389|
44664000390|
44664000391|
44664000416|
44664000417|
44664000418|
44664000419|
44664000420|
44664000421|
44664000422|
44664000423|
44664000448|
44664000449|
44664000450|
44664000451|
44664000452|
44664000453|
44664000454|
44664000455|
44664000480|
44664000481|
44664000482|
44664000483|
44664000484|
44664000485|
44664000486|
44664000487|
44664000512|
44664000513|
44664000514|
44664000515|
44664000516|
44664000517|
44664000518|
44664000519|
44664000544|
44664000545|
44664000546|
44664000547|
44664000548|
44664000549|
44664000550|
44664000551|
44664000576|
