44712000197|
44712000198|
44712000199|
44712000224|
44712000225|
44712000226|
44712000227|
44712000228|
44712000229|
44712000230|
44712000231|
44712000256|
44712000257|
44712000258|
44712000259|
44712000260|
44712000261|
44712000262|
44712000263|
44712000288|
44712000289|
44712000290|
44712000291|
44712000292|
44712000293|
44712000294|
44712000295|
44712000320|
44712000321|
44712000322|
44712000323|
44712000324|
44712000325|
44712000326|
44712000327|
44712000352|
44712000353|
44712000354|
44712000355|
44712000356|
44712000357|
44712000358|
44712000359|
44712000384|
44712000385|
44712000386|
44712000387|
44712000388|
44712000389|
44712000390|
44712000391|
44712000416|
44712000417|
44712000418|
44712000419|
44712000420|
44712000421|
44712000422|
44712000423|
44712000448|
44712000449|
44712000450|
44712000451|
44712000452|
44712000453|
44712000454|
44712000455|
44712000480|
44712000481|
44712000482|
44712000483|
44712000484|
44712000485|
44712000486|
44712000487|
44712000512|
44712000513|
44712000514|
44712000515|
44712000516|
44712000517|
44712000518|
44712000519|
44712000544|
44712000545|
44712000546|
44712000547|
44712000548|
44712000549|
44712000550|
44712000551|
44712000576|
44712000577|
44712000578|
44712000579|
44712000580|
44712000581|
44712000582|
44712000583|
44712000608|
