264000165|
264000166|
264000167|
264000192|
264000193|
264000194|
264000195|
264000196|
264000197|
264000198|
264000199|
264000224|
264000225|
264000226|
264000227|
264000228|
264000229|
264000230|
264000231|
264000256|
264000257|
264000258|
264000259|
264000260|
264000261|
264000262|
264000263|
264000288|
264000289|
264000290|
264000291|
264000292|
264000293|
264000294|
264000295|
264000320|
264000321|
264000322|
264000323|
264000324|
264000325|
264000326|
264000327|
264000352|
264000353|
264000354|
264000355|
264000356|
264000357|
264000358|
264000359|
264000384|
264000385|
264000386|
264000387|
264000388|
264000389|
264000390|
264000391|
264000416|
264000417|
264000418|
264000419|
264000420|
264000421|
264000422|
264000423|
264000448|
264000449|
264000450|
264000451|
264000452|
264000453|
264000454|
264000455|
264000480|
264000481|
264000482|
264000483|
264000484|
264000485|
264000486|
264000487|
264000512|
264000513|
264000514|
264000515|
264000516|
264000517|
264000518|
264000519|
264000544|
264000545|
264000546|
264000547|
264000548|
264000549|
264000550|
264000551|
264000576|
