108000067|
108000068|
108000069|
108000070|
108000071|
108000096|
108000097|
108000098|
108000099|
108000100|
108000101|
108000102|
108000103|
108000128|
108000129|
108000130|
108000131|
108000132|
108000133|
108000134|
108000135|
108000160|
108000161|
108000162|
108000163|
108000164|
108000165|
108000166|
108000167|
108000192|
108000193|
108000194|
108000195|
108000196|
108000197|
108000198|
108000199|
108000224|
108000225|
108000226|
108000227|
108000228|
108000229|
108000230|
108000231|
108000256|
108000257|
108000258|
108000259|
108000260|
108000261|
108000262|
108000263|
108000288|
108000289|
108000290|
108000291|
108000292|
108000293|
108000294|
108000295|
108000320|
108000321|
108000322|
108000323|
108000324|
108000325|
108000326|
108000327|
108000352|
108000353|
108000354|
108000355|
108000356|
108000357|
108000358|
108000359|
108000384|
108000385|
108000386|
108000387|
108000388|
108000389|
108000390|
108000391|
108000416|
108000417|
108000418|
108000419|
108000420|
108000421|
108000422|
108000423|
108000448|
108000449|
108000450|
108000451|
108000452|
108000453|
108000454|
