89466000036|
89466000037|
89466000038|
89466000039|
89466000064|
89466000065|
89466000066|
89466000067|
89466000068|
89466000069|
89466000070|
89466000071|
89466000096|
89466000097|
89466000098|
89466000099|
89466000100|
89466000101|
89466000102|
89466000103|
89466000128|
89466000129|
89466000130|
89466000131|
89466000132|
89466000133|
89466000134|
89466000135|
89466000160|
89466000161|
89466000162|
89466000163|
89466000164|
89466000165|
89466000166|
89466000167|
89466000192|
89466000193|
89466000194|
89466000195|
89466000196|
89466000197|
89466000198|
89466000199|
89466000224|
89466000225|
89466000226|
89466000227|
89466000228|
89466000229|
89466000230|
89466000231|
89466000256|
89466000257|
89466000258|
89466000259|
89466000260|
89466000261|
89466000262|
89466000263|
89466000288|
89466000289|
89466000290|
89466000291|
89466000292|
89466000293|
89466000294|
89466000295|
89466000320|
89466000321|
89466000322|
89466000323|
89466000324|
89466000325|
89466000326|
89466000327|
89466000352|
89466000353|
89466000354|
89466000355|
89466000356|
89466000357|
89466000358|
89466000359|
89466000384|
89466000385|
89466000386|
89466000387|
89466000388|
89466000389|
89466000390|
89466000391|
89466000416|
89466000417|
89466000418|
89466000419|
89466000420|
89466000421|
89466000422|
89466000423|
