432000289|
432000290|
432000291|
432000292|
432000293|
432000294|
432000295|
432000320|
432000321|
432000322|
432000323|
432000324|
432000325|
432000326|
432000327|
432000352|
432000353|
432000354|
432000355|
432000356|
432000357|
432000358|
432000359|
432000384|
432000385|
432000386|
432000387|
432000388|
432000389|
432000390|
432000391|
432000416|
432000417|
432000418|
432000419|
432000420|
432000421|
432000422|
432000423|
432000448|
432000449|
432000450|
432000451|
432000452|
432000453|
432000454|
432000455|
432000480|
432000481|
432000482|
432000483|
432000484|
432000485|
432000486|
432000487|
432000512|
432000513|
432000514|
432000515|
432000516|
432000517|
432000518|
432000519|
432000544|
432000545|
432000546|
432000547|
432000548|
432000549|
432000550|
432000551|
432000576|
432000577|
432000578|
432000579|
432000580|
432000581|
432000582|
432000583|
432000608|
432000609|
432000610|
432000611|
432000612|
432000613|
432000614|
432000615|
432000640|
432000641|
432000642|
432000643|
432000644|
432000645|
432000646|
432000647|
432000672|
432000673|
432000674|
432000675|
432000676|
