44466000036|
44466000037|
44466000038|
44466000039|
44466000064|
44466000065|
44466000066|
44466000067|
44466000068|
44466000069|
44466000070|
44466000071|
44466000096|
44466000097|
44466000098|
44466000099|
44466000100|
44466000101|
44466000102|
44466000103|
44466000128|
44466000129|
44466000130|
44466000131|
44466000132|
44466000133|
44466000134|
44466000135|
44466000160|
44466000161|
44466000162|
44466000163|
44466000164|
44466000165|
44466000166|
44466000167|
44466000192|
44466000193|
44466000194|
44466000195|
44466000196|
44466000197|
44466000198|
44466000199|
44466000224|
44466000225|
44466000226|
44466000227|
44466000228|
44466000229|
44466000230|
44466000231|
44466000256|
44466000257|
44466000258|
44466000259|
44466000260|
44466000261|
44466000262|
44466000263|
44466000288|
44466000289|
44466000290|
44466000291|
44466000292|
44466000293|
44466000294|
44466000295|
44466000320|
44466000321|
44466000322|
44466000323|
44466000324|
44466000325|
44466000326|
44466000327|
44466000352|
44466000353|
44466000354|
44466000355|
44466000356|
44466000357|
44466000358|
44466000359|
44466000384|
44466000385|
44466000386|
44466000387|
44466000388|
44466000389|
44466000390|
44466000391|
44466000416|
44466000417|
44466000418|
44466000419|
44466000420|
44466000421|
44466000422|
44466000423|
