168000101|
168000102|
168000103|
168000128|
168000129|
168000130|
168000131|
168000132|
168000133|
168000134|
168000135|
168000160|
168000161|
168000162|
168000163|
168000164|
168000165|
168000166|
168000167|
168000192|
168000193|
168000194|
168000195|
168000196|
168000197|
168000198|
168000199|
168000224|
168000225|
168000226|
168000227|
168000228|
168000229|
168000230|
168000231|
168000256|
168000257|
168000258|
168000259|
168000260|
168000261|
168000262|
168000263|
168000288|
168000289|
168000290|
168000291|
168000292|
168000293|
168000294|
168000295|
168000320|
168000321|
168000322|
168000323|
168000324|
168000325|
168000326|
168000327|
168000352|
168000353|
168000354|
168000355|
168000356|
168000357|
168000358|
168000359|
168000384|
168000385|
168000386|
168000387|
168000388|
168000389|
168000390|
168000391|
168000416|
168000417|
168000418|
168000419|
168000420|
168000421|
168000422|
168000423|
168000448|
168000449|
168000450|
168000451|
168000452|
168000453|
168000454|
168000455|
168000480|
168000481|
168000482|
168000483|
168000484|
168000485|
168000486|
168000487|
168000512|
