89592000129|
89592000130|
89592000131|
89592000132|
89592000133|
89592000134|
89592000135|
89592000160|
89592000161|
89592000162|
89592000163|
89592000164|
89592000165|
89592000166|
89592000167|
89592000192|
89592000193|
89592000194|
89592000195|
89592000196|
89592000197|
89592000198|
89592000199|
89592000224|
89592000225|
89592000226|
89592000227|
89592000228|
89592000229|
89592000230|
89592000231|
89592000256|
89592000257|
89592000258|
89592000259|
89592000260|
89592000261|
89592000262|
89592000263|
89592000288|
89592000289|
89592000290|
89592000291|
89592000292|
89592000293|
89592000294|
89592000295|
89592000320|
89592000321|
89592000322|
89592000323|
89592000324|
89592000325|
89592000326|
89592000327|
89592000352|
89592000353|
89592000354|
89592000355|
89592000356|
89592000357|
89592000358|
89592000359|
89592000384|
89592000385|
89592000386|
89592000387|
89592000388|
89592000389|
89592000390|
89592000391|
89592000416|
89592000417|
89592000418|
89592000419|
89592000420|
89592000421|
89592000422|
89592000423|
89592000448|
89592000449|
89592000450|
89592000451|
89592000452|
89592000453|
89592000454|
89592000455|
89592000480|
89592000481|
89592000482|
89592000483|
89592000484|
89592000485|
89592000486|
89592000487|
89592000512|
89592000513|
89592000514|
89592000515|
89592000516|
