44832000289|
44832000290|
44832000291|
44832000292|
44832000293|
44832000294|
44832000295|
44832000320|
44832000321|
44832000322|
44832000323|
44832000324|
44832000325|
44832000326|
44832000327|
44832000352|
44832000353|
44832000354|
44832000355|
44832000356|
44832000357|
44832000358|
44832000359|
44832000384|
44832000385|
44832000386|
44832000387|
44832000388|
44832000389|
44832000390|
44832000391|
44832000416|
44832000417|
44832000418|
44832000419|
44832000420|
44832000421|
44832000422|
44832000423|
44832000448|
44832000449|
44832000450|
44832000451|
44832000452|
44832000453|
44832000454|
44832000455|
44832000480|
44832000481|
44832000482|
44832000483|
44832000484|
44832000485|
44832000486|
44832000487|
44832000512|
44832000513|
44832000514|
44832000515|
44832000516|
44832000517|
44832000518|
44832000519|
44832000544|
44832000545|
44832000546|
44832000547|
44832000548|
44832000549|
44832000550|
44832000551|
44832000576|
44832000577|
44832000578|
44832000579|
44832000580|
44832000581|
44832000582|
44832000583|
44832000608|
44832000609|
44832000610|
44832000611|
44832000612|
44832000613|
44832000614|
44832000615|
44832000640|
44832000641|
44832000642|
44832000643|
44832000644|
44832000645|
44832000646|
44832000647|
44832000672|
44832000673|
44832000674|
44832000675|
44832000676|
