90000064|
90000065|
90000066|
90000067|
90000068|
90000069|
90000070|
90000071|
90000096|
90000097|
90000098|
90000099|
90000100|
90000101|
90000102|
90000103|
90000128|
90000129|
90000130|
90000131|
90000132|
90000133|
90000134|
90000135|
90000160|
90000161|
90000162|
90000163|
90000164|
90000165|
90000166|
90000167|
90000192|
90000193|
90000194|
90000195|
90000196|
90000197|
90000198|
90000199|
90000224|
90000225|
90000226|
90000227|
90000228|
90000229|
90000230|
90000231|
90000256|
90000257|
90000258|
90000259|
90000260|
90000261|
90000262|
90000263|
90000288|
90000289|
90000290|
90000291|
90000292|
90000293|
90000294|
90000295|
90000320|
90000321|
90000322|
90000323|
90000324|
90000325|
90000326|
90000327|
90000352|
90000353|
90000354|
90000355|
90000356|
90000357|
90000358|
90000359|
90000384|
90000385|
90000386|
90000387|
90000388|
90000389|
90000390|
90000391|
90000416|
90000417|
90000418|
90000419|
90000420|
90000421|
90000422|
90000423|
90000448|
90000449|
90000450|
90000451|
