89664000165|
89664000166|
89664000167|
89664000192|
89664000193|
89664000194|
89664000195|
89664000196|
89664000197|
89664000198|
89664000199|
89664000224|
89664000225|
89664000226|
89664000227|
89664000228|
89664000229|
89664000230|
89664000231|
89664000256|
89664000257|
89664000258|
89664000259|
89664000260|
89664000261|
89664000262|
89664000263|
89664000288|
89664000289|
89664000290|
89664000291|
89664000292|
89664000293|
89664000294|
89664000295|
89664000320|
89664000321|
89664000322|
89664000323|
89664000324|
89664000325|
89664000326|
89664000327|
89664000352|
89664000353|
89664000354|
89664000355|
89664000356|
89664000357|
89664000358|
89664000359|
89664000384|
89664000385|
89664000386|
89664000387|
89664000388|
89664000389|
89664000390|
89664000391|
89664000416|
89664000417|
89664000418|
89664000419|
89664000420|
89664000421|
89664000422|
89664000423|
89664000448|
89664000449|
89664000450|
89664000451|
89664000452|
89664000453|
89664000454|
89664000455|
89664000480|
89664000481|
89664000482|
89664000483|
89664000484|
89664000485|
89664000486|
89664000487|
89664000512|
89664000513|
89664000514|
89664000515|
89664000516|
89664000517|
89664000518|
89664000519|
89664000544|
89664000545|
89664000546|
89664000547|
89664000548|
89664000549|
89664000550|
89664000551|
89664000576|
