44688000193|
44688000194|
44688000195|
44688000196|
44688000197|
44688000198|
44688000199|
44688000224|
44688000225|
44688000226|
44688000227|
44688000228|
44688000229|
44688000230|
44688000231|
44688000256|
44688000257|
44688000258|
44688000259|
44688000260|
44688000261|
44688000262|
44688000263|
44688000288|
44688000289|
44688000290|
44688000291|
44688000292|
44688000293|
44688000294|
44688000295|
44688000320|
44688000321|
44688000322|
44688000323|
44688000324|
44688000325|
44688000326|
44688000327|
44688000352|
44688000353|
44688000354|
44688000355|
44688000356|
44688000357|
44688000358|
44688000359|
44688000384|
44688000385|
44688000386|
44688000387|
44688000388|
44688000389|
44688000390|
44688000391|
44688000416|
44688000417|
44688000418|
44688000419|
44688000420|
44688000421|
44688000422|
44688000423|
44688000448|
44688000449|
44688000450|
44688000451|
44688000452|
44688000453|
44688000454|
44688000455|
44688000480|
44688000481|
44688000482|
44688000483|
44688000484|
44688000485|
44688000486|
44688000487|
44688000512|
44688000513|
44688000514|
44688000515|
44688000516|
44688000517|
44688000518|
44688000519|
44688000544|
44688000545|
44688000546|
44688000547|
44688000548|
44688000549|
44688000550|
44688000551|
44688000576|
44688000577|
44688000578|
44688000579|
44688000580|
