89604000131|
89604000132|
89604000133|
89604000134|
89604000135|
89604000160|
89604000161|
89604000162|
89604000163|
89604000164|
89604000165|
89604000166|
89604000167|
89604000192|
89604000193|
89604000194|
89604000195|
89604000196|
89604000197|
89604000198|
89604000199|
89604000224|
89604000225|
89604000226|
89604000227|
89604000228|
89604000229|
89604000230|
89604000231|
89604000256|
89604000257|
89604000258|
89604000259|
89604000260|
89604000261|
89604000262|
89604000263|
89604000288|
89604000289|
89604000290|
89604000291|
89604000292|
89604000293|
89604000294|
89604000295|
89604000320|
89604000321|
89604000322|
89604000323|
89604000324|
89604000325|
89604000326|
89604000327|
89604000352|
89604000353|
89604000354|
89604000355|
89604000356|
89604000357|
89604000358|
89604000359|
89604000384|
89604000385|
89604000386|
89604000387|
89604000388|
89604000389|
89604000390|
89604000391|
89604000416|
89604000417|
89604000418|
89604000419|
89604000420|
89604000421|
89604000422|
89604000423|
89604000448|
89604000449|
89604000450|
89604000451|
89604000452|
89604000453|
89604000454|
89604000455|
89604000480|
89604000481|
89604000482|
89604000483|
89604000484|
89604000485|
89604000486|
89604000487|
89604000512|
89604000513|
89604000514|
89604000515|
89604000516|
89604000517|
89604000518|
