89838000290|
89838000291|
89838000292|
89838000293|
89838000294|
89838000295|
89838000320|
89838000321|
89838000322|
89838000323|
89838000324|
89838000325|
89838000326|
89838000327|
89838000352|
89838000353|
89838000354|
89838000355|
89838000356|
89838000357|
89838000358|
89838000359|
89838000384|
89838000385|
89838000386|
89838000387|
89838000388|
89838000389|
89838000390|
89838000391|
89838000416|
89838000417|
89838000418|
89838000419|
89838000420|
89838000421|
89838000422|
89838000423|
89838000448|
89838000449|
89838000450|
89838000451|
89838000452|
89838000453|
89838000454|
89838000455|
89838000480|
89838000481|
89838000482|
89838000483|
89838000484|
89838000485|
89838000486|
89838000487|
89838000512|
89838000513|
89838000514|
89838000515|
89838000516|
89838000517|
89838000518|
89838000519|
89838000544|
89838000545|
89838000546|
89838000547|
89838000548|
89838000549|
89838000550|
89838000551|
89838000576|
89838000577|
89838000578|
89838000579|
89838000580|
89838000581|
89838000582|
89838000583|
89838000608|
89838000609|
89838000610|
89838000611|
89838000612|
89838000613|
89838000614|
89838000615|
89838000640|
89838000641|
89838000642|
89838000643|
89838000644|
89838000645|
89838000646|
89838000647|
89838000672|
89838000673|
89838000674|
89838000675|
89838000676|
89838000677|
