44958000358|
44958000359|
44958000384|
44958000385|
44958000386|
44958000387|
44958000388|
44958000389|
44958000390|
44958000391|
44958000416|
44958000417|
44958000418|
44958000419|
44958000420|
44958000421|
44958000422|
44958000423|
44958000448|
44958000449|
44958000450|
44958000451|
44958000452|
44958000453|
44958000454|
44958000455|
44958000480|
44958000481|
44958000482|
44958000483|
44958000484|
44958000485|
44958000486|
44958000487|
44958000512|
44958000513|
44958000514|
44958000515|
44958000516|
44958000517|
44958000518|
44958000519|
44958000544|
44958000545|
44958000546|
44958000547|
44958000548|
44958000549|
44958000550|
44958000551|
44958000576|
44958000577|
44958000578|
44958000579|
44958000580|
44958000581|
44958000582|
44958000583|
44958000608|
44958000609|
44958000610|
44958000611|
44958000612|
44958000613|
44958000614|
44958000615|
44958000640|
44958000641|
44958000642|
44958000643|
44958000644|
44958000645|
44958000646|
44958000647|
44958000672|
44958000673|
44958000674|
44958000675|
44958000676|
44958000677|
44958000678|
44958000679|
44958000704|
44958000705|
44958000706|
44958000707|
44958000708|
44958000709|
44958000710|
44958000711|
44958000736|
44958000737|
44958000738|
44958000739|
44958000740|
44958000741|
44958000742|
44958000743|
44958000768|
44958000769|
