89700000195|
89700000196|
89700000197|
89700000198|
89700000199|
89700000224|
89700000225|
89700000226|
89700000227|
89700000228|
89700000229|
89700000230|
89700000231|
89700000256|
89700000257|
89700000258|
89700000259|
89700000260|
89700000261|
89700000262|
89700000263|
89700000288|
89700000289|
89700000290|
89700000291|
89700000292|
89700000293|
89700000294|
89700000295|
89700000320|
89700000321|
89700000322|
89700000323|
89700000324|
89700000325|
89700000326|
89700000327|
89700000352|
89700000353|
89700000354|
89700000355|
89700000356|
89700000357|
89700000358|
89700000359|
89700000384|
89700000385|
89700000386|
89700000387|
89700000388|
89700000389|
89700000390|
89700000391|
89700000416|
89700000417|
89700000418|
89700000419|
89700000420|
89700000421|
89700000422|
89700000423|
89700000448|
89700000449|
89700000450|
89700000451|
89700000452|
89700000453|
89700000454|
89700000455|
89700000480|
89700000481|
89700000482|
89700000483|
89700000484|
89700000485|
89700000486|
89700000487|
89700000512|
89700000513|
89700000514|
89700000515|
89700000516|
89700000517|
89700000518|
89700000519|
89700000544|
89700000545|
89700000546|
89700000547|
89700000548|
89700000549|
89700000550|
89700000551|
89700000576|
89700000577|
89700000578|
89700000579|
89700000580|
89700000581|
89700000582|
