89532000071|
89532000096|
89532000097|
89532000098|
89532000099|
89532000100|
89532000101|
89532000102|
89532000103|
89532000128|
89532000129|
89532000130|
89532000131|
89532000132|
89532000133|
89532000134|
89532000135|
89532000160|
89532000161|
89532000162|
89532000163|
89532000164|
89532000165|
89532000166|
89532000167|
89532000192|
89532000193|
89532000194|
89532000195|
89532000196|
89532000197|
89532000198|
89532000199|
89532000224|
89532000225|
89532000226|
89532000227|
89532000228|
89532000229|
89532000230|
89532000231|
89532000256|
89532000257|
89532000258|
89532000259|
89532000260|
89532000261|
89532000262|
89532000263|
89532000288|
89532000289|
89532000290|
89532000291|
89532000292|
89532000293|
89532000294|
89532000295|
89532000320|
89532000321|
89532000322|
89532000323|
89532000324|
89532000325|
89532000326|
89532000327|
89532000352|
89532000353|
89532000354|
89532000355|
89532000356|
89532000357|
89532000358|
89532000359|
89532000384|
89532000385|
89532000386|
89532000387|
89532000388|
89532000389|
89532000390|
89532000391|
89532000416|
89532000417|
89532000418|
89532000419|
89532000420|
89532000421|
89532000422|
89532000423|
89532000448|
89532000449|
89532000450|
89532000451|
89532000452|
89532000453|
89532000454|
89532000455|
89532000480|
89532000481|
89532000482|
