44772000231|
44772000256|
44772000257|
44772000258|
44772000259|
44772000260|
44772000261|
44772000262|
44772000263|
44772000288|
44772000289|
44772000290|
44772000291|
44772000292|
44772000293|
44772000294|
44772000295|
44772000320|
44772000321|
44772000322|
44772000323|
44772000324|
44772000325|
44772000326|
44772000327|
44772000352|
44772000353|
44772000354|
44772000355|
44772000356|
44772000357|
44772000358|
44772000359|
44772000384|
44772000385|
44772000386|
44772000387|
44772000388|
44772000389|
44772000390|
44772000391|
44772000416|
44772000417|
44772000418|
44772000419|
44772000420|
44772000421|
44772000422|
44772000423|
44772000448|
44772000449|
44772000450|
44772000451|
44772000452|
44772000453|
44772000454|
44772000455|
44772000480|
44772000481|
44772000482|
44772000483|
44772000484|
44772000485|
44772000486|
44772000487|
44772000512|
44772000513|
44772000514|
44772000515|
44772000516|
44772000517|
44772000518|
44772000519|
44772000544|
44772000545|
44772000546|
44772000547|
44772000548|
44772000549|
44772000550|
44772000551|
44772000576|
44772000577|
44772000578|
44772000579|
44772000580|
44772000581|
44772000582|
44772000583|
44772000608|
44772000609|
44772000610|
44772000611|
44772000612|
44772000613|
44772000614|
44772000615|
44772000640|
44772000641|
44772000642|
