89730000224|
89730000225|
89730000226|
89730000227|
89730000228|
89730000229|
89730000230|
89730000231|
89730000256|
89730000257|
89730000258|
89730000259|
89730000260|
89730000261|
89730000262|
89730000263|
89730000288|
89730000289|
89730000290|
89730000291|
89730000292|
89730000293|
89730000294|
89730000295|
89730000320|
89730000321|
89730000322|
89730000323|
89730000324|
89730000325|
89730000326|
89730000327|
89730000352|
89730000353|
89730000354|
89730000355|
89730000356|
89730000357|
89730000358|
89730000359|
89730000384|
89730000385|
89730000386|
89730000387|
89730000388|
89730000389|
89730000390|
89730000391|
89730000416|
89730000417|
89730000418|
89730000419|
89730000420|
89730000421|
89730000422|
89730000423|
89730000448|
89730000449|
89730000450|
89730000451|
89730000452|
89730000453|
89730000454|
89730000455|
89730000480|
89730000481|
89730000482|
89730000483|
89730000484|
89730000485|
89730000486|
89730000487|
89730000512|
89730000513|
89730000514|
89730000515|
89730000516|
89730000517|
89730000518|
89730000519|
89730000544|
89730000545|
89730000546|
89730000547|
89730000548|
89730000549|
89730000550|
89730000551|
89730000576|
89730000577|
89730000578|
89730000579|
89730000580|
89730000581|
89730000582|
89730000583|
89730000608|
89730000609|
89730000610|
89730000611|
