354000228|
354000229|
354000230|
354000231|
354000256|
354000257|
354000258|
354000259|
354000260|
354000261|
354000262|
354000263|
354000288|
354000289|
354000290|
354000291|
354000292|
354000293|
354000294|
354000295|
354000320|
354000321|
354000322|
354000323|
354000324|
354000325|
354000326|
354000327|
354000352|
354000353|
354000354|
354000355|
354000356|
354000357|
354000358|
354000359|
354000384|
354000385|
354000386|
354000387|
354000388|
354000389|
354000390|
354000391|
354000416|
354000417|
354000418|
354000419|
354000420|
354000421|
354000422|
354000423|
354000448|
354000449|
354000450|
354000451|
354000452|
354000453|
354000454|
354000455|
354000480|
354000481|
354000482|
354000483|
354000484|
354000485|
354000486|
354000487|
354000512|
354000513|
354000514|
354000515|
354000516|
354000517|
354000518|
354000519|
354000544|
354000545|
354000546|
354000547|
354000548|
354000549|
354000550|
354000551|
354000576|
354000577|
354000578|
354000579|
354000580|
354000581|
354000582|
354000583|
354000608|
354000609|
354000610|
354000611|
354000612|
354000613|
354000614|
354000615|
