60000035|
60000036|
60000037|
60000038|
60000039|
60000064|
60000065|
60000066|
60000067|
60000068|
60000069|
60000070|
60000071|
60000096|
60000097|
60000098|
60000099|
60000100|
60000101|
60000102|
60000103|
60000128|
60000129|
60000130|
60000131|
60000132|
60000133|
60000134|
60000135|
60000160|
60000161|
60000162|
60000163|
60000164|
60000165|
60000166|
60000167|
60000192|
60000193|
60000194|
60000195|
60000196|
60000197|
60000198|
60000199|
60000224|
60000225|
60000226|
60000227|
60000228|
60000229|
60000230|
60000231|
60000256|
60000257|
60000258|
60000259|
60000260|
60000261|
60000262|
60000263|
60000288|
60000289|
60000290|
60000291|
60000292|
60000293|
60000294|
60000295|
60000320|
60000321|
60000322|
60000323|
60000324|
60000325|
60000326|
60000327|
60000352|
60000353|
60000354|
60000355|
60000356|
60000357|
60000358|
60000359|
60000384|
60000385|
60000386|
60000387|
60000388|
60000389|
60000390|
60000391|
60000416|
60000417|
60000418|
60000419|
60000420|
60000421|
60000422|
