44784000257|
44784000258|
44784000259|
44784000260|
44784000261|
44784000262|
44784000263|
44784000288|
44784000289|
44784000290|
44784000291|
44784000292|
44784000293|
44784000294|
44784000295|
44784000320|
44784000321|
44784000322|
44784000323|
44784000324|
44784000325|
44784000326|
44784000327|
44784000352|
44784000353|
44784000354|
44784000355|
44784000356|
44784000357|
44784000358|
44784000359|
44784000384|
44784000385|
44784000386|
44784000387|
44784000388|
44784000389|
44784000390|
44784000391|
44784000416|
44784000417|
44784000418|
44784000419|
44784000420|
44784000421|
44784000422|
44784000423|
44784000448|
44784000449|
44784000450|
44784000451|
44784000452|
44784000453|
44784000454|
44784000455|
44784000480|
44784000481|
44784000482|
44784000483|
44784000484|
44784000485|
44784000486|
44784000487|
44784000512|
44784000513|
44784000514|
44784000515|
44784000516|
44784000517|
44784000518|
44784000519|
44784000544|
44784000545|
44784000546|
44784000547|
44784000548|
44784000549|
44784000550|
44784000551|
44784000576|
44784000577|
44784000578|
44784000579|
44784000580|
44784000581|
44784000582|
44784000583|
44784000608|
44784000609|
44784000610|
44784000611|
44784000612|
44784000613|
44784000614|
44784000615|
44784000640|
44784000641|
44784000642|
44784000643|
44784000644|
