89736000225|
89736000226|
89736000227|
89736000228|
89736000229|
89736000230|
89736000231|
89736000256|
89736000257|
89736000258|
89736000259|
89736000260|
89736000261|
89736000262|
89736000263|
89736000288|
89736000289|
89736000290|
89736000291|
89736000292|
89736000293|
89736000294|
89736000295|
89736000320|
89736000321|
89736000322|
89736000323|
89736000324|
89736000325|
89736000326|
89736000327|
89736000352|
89736000353|
89736000354|
89736000355|
89736000356|
89736000357|
89736000358|
89736000359|
89736000384|
89736000385|
89736000386|
89736000387|
89736000388|
89736000389|
89736000390|
89736000391|
89736000416|
89736000417|
89736000418|
89736000419|
89736000420|
89736000421|
89736000422|
89736000423|
89736000448|
89736000449|
89736000450|
89736000451|
89736000452|
89736000453|
89736000454|
89736000455|
89736000480|
89736000481|
89736000482|
89736000483|
89736000484|
89736000485|
89736000486|
89736000487|
89736000512|
89736000513|
89736000514|
89736000515|
89736000516|
89736000517|
89736000518|
89736000519|
89736000544|
89736000545|
89736000546|
89736000547|
89736000548|
89736000549|
89736000550|
89736000551|
89736000576|
89736000577|
89736000578|
89736000579|
89736000580|
89736000581|
89736000582|
89736000583|
89736000608|
89736000609|
89736000610|
89736000611|
89736000612|
