44838000290|
44838000291|
44838000292|
44838000293|
44838000294|
44838000295|
44838000320|
44838000321|
44838000322|
44838000323|
44838000324|
44838000325|
44838000326|
44838000327|
44838000352|
44838000353|
44838000354|
44838000355|
44838000356|
44838000357|
44838000358|
44838000359|
44838000384|
44838000385|
44838000386|
44838000387|
44838000388|
44838000389|
44838000390|
44838000391|
44838000416|
44838000417|
44838000418|
44838000419|
44838000420|
44838000421|
44838000422|
44838000423|
44838000448|
44838000449|
44838000450|
44838000451|
44838000452|
44838000453|
44838000454|
44838000455|
44838000480|
44838000481|
44838000482|
44838000483|
44838000484|
44838000485|
44838000486|
44838000487|
44838000512|
44838000513|
44838000514|
44838000515|
44838000516|
44838000517|
44838000518|
44838000519|
44838000544|
44838000545|
44838000546|
44838000547|
44838000548|
44838000549|
44838000550|
44838000551|
44838000576|
44838000577|
44838000578|
44838000579|
44838000580|
44838000581|
44838000582|
44838000583|
44838000608|
44838000609|
44838000610|
44838000611|
44838000612|
44838000613|
44838000614|
44838000615|
44838000640|
44838000641|
44838000642|
44838000643|
44838000644|
44838000645|
44838000646|
44838000647|
44838000672|
44838000673|
44838000674|
44838000675|
44838000676|
44838000677|
