44646000162|
44646000163|
44646000164|
44646000165|
44646000166|
44646000167|
44646000192|
44646000193|
44646000194|
44646000195|
44646000196|
44646000197|
44646000198|
44646000199|
44646000224|
44646000225|
44646000226|
44646000227|
44646000228|
44646000229|
44646000230|
44646000231|
44646000256|
44646000257|
44646000258|
44646000259|
44646000260|
44646000261|
44646000262|
44646000263|
44646000288|
44646000289|
44646000290|
44646000291|
44646000292|
44646000293|
44646000294|
44646000295|
44646000320|
44646000321|
44646000322|
44646000323|
44646000324|
44646000325|
44646000326|
44646000327|
44646000352|
44646000353|
44646000354|
44646000355|
44646000356|
44646000357|
44646000358|
44646000359|
44646000384|
44646000385|
44646000386|
44646000387|
44646000388|
44646000389|
44646000390|
44646000391|
44646000416|
44646000417|
44646000418|
44646000419|
44646000420|
44646000421|
44646000422|
44646000423|
44646000448|
44646000449|
44646000450|
44646000451|
44646000452|
44646000453|
44646000454|
44646000455|
44646000480|
44646000481|
44646000482|
44646000483|
44646000484|
44646000485|
44646000486|
44646000487|
44646000512|
44646000513|
44646000514|
44646000515|
44646000516|
44646000517|
44646000518|
44646000519|
44646000544|
44646000545|
44646000546|
44646000547|
44646000548|
44646000549|
