132000071|
132000096|
132000097|
132000098|
132000099|
132000100|
132000101|
132000102|
132000103|
132000128|
132000129|
132000130|
132000131|
132000132|
132000133|
132000134|
132000135|
132000160|
132000161|
132000162|
132000163|
132000164|
132000165|
132000166|
132000167|
132000192|
132000193|
132000194|
132000195|
132000196|
132000197|
132000198|
132000199|
132000224|
132000225|
132000226|
132000227|
132000228|
132000229|
132000230|
132000231|
132000256|
132000257|
132000258|
132000259|
132000260|
132000261|
132000262|
132000263|
132000288|
132000289|
132000290|
132000291|
132000292|
132000293|
132000294|
132000295|
132000320|
132000321|
132000322|
132000323|
132000324|
132000325|
132000326|
132000327|
132000352|
132000353|
132000354|
132000355|
132000356|
132000357|
132000358|
132000359|
132000384|
132000385|
132000386|
132000387|
132000388|
132000389|
132000390|
132000391|
132000416|
132000417|
132000418|
132000419|
132000420|
132000421|
132000422|
132000423|
132000448|
132000449|
132000450|
132000451|
132000452|
132000453|
132000454|
132000455|
132000480|
132000481|
132000482|
