150000098|
150000099|
150000100|
150000101|
150000102|
150000103|
150000128|
150000129|
150000130|
150000131|
150000132|
150000133|
150000134|
150000135|
150000160|
150000161|
150000162|
150000163|
150000164|
150000165|
150000166|
150000167|
150000192|
150000193|
150000194|
150000195|
150000196|
150000197|
150000198|
150000199|
150000224|
150000225|
150000226|
150000227|
150000228|
150000229|
150000230|
150000231|
150000256|
150000257|
150000258|
150000259|
150000260|
150000261|
150000262|
150000263|
150000288|
150000289|
150000290|
150000291|
150000292|
150000293|
150000294|
150000295|
150000320|
150000321|
150000322|
150000323|
150000324|
150000325|
150000326|
150000327|
150000352|
150000353|
150000354|
150000355|
150000356|
150000357|
150000358|
150000359|
150000384|
150000385|
150000386|
150000387|
150000388|
150000389|
150000390|
150000391|
150000416|
150000417|
150000418|
150000419|
150000420|
150000421|
150000422|
150000423|
150000448|
150000449|
150000450|
150000451|
150000452|
150000453|
150000454|
150000455|
150000480|
150000481|
150000482|
150000483|
150000484|
150000485|
