44790000258|
44790000259|
44790000260|
44790000261|
44790000262|
44790000263|
44790000288|
44790000289|
44790000290|
44790000291|
44790000292|
44790000293|
44790000294|
44790000295|
44790000320|
44790000321|
44790000322|
44790000323|
44790000324|
44790000325|
44790000326|
44790000327|
44790000352|
44790000353|
44790000354|
44790000355|
44790000356|
44790000357|
44790000358|
44790000359|
44790000384|
44790000385|
44790000386|
44790000387|
44790000388|
44790000389|
44790000390|
44790000391|
44790000416|
44790000417|
44790000418|
44790000419|
44790000420|
44790000421|
44790000422|
44790000423|
44790000448|
44790000449|
44790000450|
44790000451|
44790000452|
44790000453|
44790000454|
44790000455|
44790000480|
44790000481|
44790000482|
44790000483|
44790000484|
44790000485|
44790000486|
44790000487|
44790000512|
44790000513|
44790000514|
44790000515|
44790000516|
44790000517|
44790000518|
44790000519|
44790000544|
44790000545|
44790000546|
44790000547|
44790000548|
44790000549|
44790000550|
44790000551|
44790000576|
44790000577|
44790000578|
44790000579|
44790000580|
44790000581|
44790000582|
44790000583|
44790000608|
44790000609|
44790000610|
44790000611|
44790000612|
44790000613|
44790000614|
44790000615|
44790000640|
44790000641|
44790000642|
44790000643|
44790000644|
44790000645|
