89994000388|
89994000389|
89994000390|
89994000391|
89994000416|
89994000417|
89994000418|
89994000419|
89994000420|
89994000421|
89994000422|
89994000423|
89994000448|
89994000449|
89994000450|
89994000451|
89994000452|
89994000453|
89994000454|
89994000455|
89994000480|
89994000481|
89994000482|
89994000483|
89994000484|
89994000485|
89994000486|
89994000487|
89994000512|
89994000513|
89994000514|
89994000515|
89994000516|
89994000517|
89994000518|
89994000519|
89994000544|
89994000545|
89994000546|
89994000547|
89994000548|
89994000549|
89994000550|
89994000551|
89994000576|
89994000577|
89994000578|
89994000579|
89994000580|
89994000581|
89994000582|
89994000583|
89994000608|
89994000609|
89994000610|
89994000611|
89994000612|
89994000613|
89994000614|
89994000615|
89994000640|
89994000641|
89994000642|
89994000643|
89994000644|
89994000645|
89994000646|
89994000647|
89994000672|
89994000673|
89994000674|
89994000675|
89994000676|
89994000677|
89994000678|
89994000679|
89994000704|
89994000705|
89994000706|
89994000707|
89994000708|
89994000709|
89994000710|
89994000711|
89994000736|
89994000737|
89994000738|
89994000739|
89994000740|
89994000741|
89994000742|
89994000743|
89994000768|
89994000769|
89994000770|
89994000771|
89994000772|
89994000773|
89994000774|
89994000775|
