89808000261|
89808000262|
89808000263|
89808000288|
89808000289|
89808000290|
89808000291|
89808000292|
89808000293|
89808000294|
89808000295|
89808000320|
89808000321|
89808000322|
89808000323|
89808000324|
89808000325|
89808000326|
89808000327|
89808000352|
89808000353|
89808000354|
89808000355|
89808000356|
89808000357|
89808000358|
89808000359|
89808000384|
89808000385|
89808000386|
89808000387|
89808000388|
89808000389|
89808000390|
89808000391|
89808000416|
89808000417|
89808000418|
89808000419|
89808000420|
89808000421|
89808000422|
89808000423|
89808000448|
89808000449|
89808000450|
89808000451|
89808000452|
89808000453|
89808000454|
89808000455|
89808000480|
89808000481|
89808000482|
89808000483|
89808000484|
89808000485|
89808000486|
89808000487|
89808000512|
89808000513|
89808000514|
89808000515|
89808000516|
89808000517|
89808000518|
89808000519|
89808000544|
89808000545|
89808000546|
89808000547|
89808000548|
89808000549|
89808000550|
89808000551|
89808000576|
89808000577|
89808000578|
89808000579|
89808000580|
89808000581|
89808000582|
89808000583|
89808000608|
89808000609|
89808000610|
89808000611|
89808000612|
89808000613|
89808000614|
89808000615|
89808000640|
89808000641|
89808000642|
89808000643|
89808000644|
89808000645|
89808000646|
89808000647|
89808000672|
