89610000132|
89610000133|
89610000134|
89610000135|
89610000160|
89610000161|
89610000162|
89610000163|
89610000164|
89610000165|
89610000166|
89610000167|
89610000192|
89610000193|
89610000194|
89610000195|
89610000196|
89610000197|
89610000198|
89610000199|
89610000224|
89610000225|
89610000226|
89610000227|
89610000228|
89610000229|
89610000230|
89610000231|
89610000256|
89610000257|
89610000258|
89610000259|
89610000260|
89610000261|
89610000262|
89610000263|
89610000288|
89610000289|
89610000290|
89610000291|
89610000292|
89610000293|
89610000294|
89610000295|
89610000320|
89610000321|
89610000322|
89610000323|
89610000324|
89610000325|
89610000326|
89610000327|
89610000352|
89610000353|
89610000354|
89610000355|
89610000356|
89610000357|
89610000358|
89610000359|
89610000384|
89610000385|
89610000386|
89610000387|
89610000388|
89610000389|
89610000390|
89610000391|
89610000416|
89610000417|
89610000418|
89610000419|
89610000420|
89610000421|
89610000422|
89610000423|
89610000448|
89610000449|
89610000450|
89610000451|
89610000452|
89610000453|
89610000454|
89610000455|
89610000480|
89610000481|
89610000482|
89610000483|
89610000484|
89610000485|
89610000486|
89610000487|
89610000512|
89610000513|
89610000514|
89610000515|
89610000516|
89610000517|
89610000518|
89610000519|
