198000130|
198000131|
198000132|
198000133|
198000134|
198000135|
198000160|
198000161|
198000162|
198000163|
198000164|
198000165|
198000166|
198000167|
198000192|
198000193|
198000194|
198000195|
198000196|
198000197|
198000198|
198000199|
198000224|
198000225|
198000226|
198000227|
198000228|
198000229|
198000230|
198000231|
198000256|
198000257|
198000258|
198000259|
198000260|
198000261|
198000262|
198000263|
198000288|
198000289|
198000290|
198000291|
198000292|
198000293|
198000294|
198000295|
198000320|
198000321|
198000322|
198000323|
198000324|
198000325|
198000326|
198000327|
198000352|
198000353|
198000354|
198000355|
198000356|
198000357|
198000358|
198000359|
198000384|
198000385|
198000386|
198000387|
198000388|
198000389|
198000390|
198000391|
198000416|
198000417|
198000418|
198000419|
198000420|
198000421|
198000422|
198000423|
198000448|
198000449|
198000450|
198000451|
198000452|
198000453|
198000454|
198000455|
198000480|
198000481|
198000482|
198000483|
198000484|
198000485|
198000486|
198000487|
198000512|
198000513|
198000514|
198000515|
198000516|
198000517|
