44814000262|
44814000263|
44814000288|
44814000289|
44814000290|
44814000291|
44814000292|
44814000293|
44814000294|
44814000295|
44814000320|
44814000321|
44814000322|
44814000323|
44814000324|
44814000325|
44814000326|
44814000327|
44814000352|
44814000353|
44814000354|
44814000355|
44814000356|
44814000357|
44814000358|
44814000359|
44814000384|
44814000385|
44814000386|
44814000387|
44814000388|
44814000389|
44814000390|
44814000391|
44814000416|
44814000417|
44814000418|
44814000419|
44814000420|
44814000421|
44814000422|
44814000423|
44814000448|
44814000449|
44814000450|
44814000451|
44814000452|
44814000453|
44814000454|
44814000455|
44814000480|
44814000481|
44814000482|
44814000483|
44814000484|
44814000485|
44814000486|
44814000487|
44814000512|
44814000513|
44814000514|
44814000515|
44814000516|
44814000517|
44814000518|
44814000519|
44814000544|
44814000545|
44814000546|
44814000547|
44814000548|
44814000549|
44814000550|
44814000551|
44814000576|
44814000577|
44814000578|
44814000579|
44814000580|
44814000581|
44814000582|
44814000583|
44814000608|
44814000609|
44814000610|
44814000611|
44814000612|
44814000613|
44814000614|
44814000615|
44814000640|
44814000641|
44814000642|
44814000643|
44814000644|
44814000645|
44814000646|
44814000647|
44814000672|
44814000673|
