44808000261|
44808000262|
44808000263|
44808000288|
44808000289|
44808000290|
44808000291|
44808000292|
44808000293|
44808000294|
44808000295|
44808000320|
44808000321|
44808000322|
44808000323|
44808000324|
44808000325|
44808000326|
44808000327|
44808000352|
44808000353|
44808000354|
44808000355|
44808000356|
44808000357|
44808000358|
44808000359|
44808000384|
44808000385|
44808000386|
44808000387|
44808000388|
44808000389|
44808000390|
44808000391|
44808000416|
44808000417|
44808000418|
44808000419|
44808000420|
44808000421|
44808000422|
44808000423|
44808000448|
44808000449|
44808000450|
44808000451|
44808000452|
44808000453|
44808000454|
44808000455|
44808000480|
44808000481|
44808000482|
44808000483|
44808000484|
44808000485|
44808000486|
44808000487|
44808000512|
44808000513|
44808000514|
44808000515|
44808000516|
44808000517|
44808000518|
44808000519|
44808000544|
44808000545|
44808000546|
44808000547|
44808000548|
44808000549|
44808000550|
44808000551|
44808000576|
44808000577|
44808000578|
44808000579|
44808000580|
44808000581|
44808000582|
44808000583|
44808000608|
44808000609|
44808000610|
44808000611|
44808000612|
44808000613|
44808000614|
44808000615|
44808000640|
44808000641|
44808000642|
44808000643|
44808000644|
44808000645|
44808000646|
44808000647|
44808000672|
