89520000069|
89520000070|
89520000071|
89520000096|
89520000097|
89520000098|
89520000099|
89520000100|
89520000101|
89520000102|
89520000103|
89520000128|
89520000129|
89520000130|
89520000131|
89520000132|
89520000133|
89520000134|
89520000135|
89520000160|
89520000161|
89520000162|
89520000163|
89520000164|
89520000165|
89520000166|
89520000167|
89520000192|
89520000193|
89520000194|
89520000195|
89520000196|
89520000197|
89520000198|
89520000199|
89520000224|
89520000225|
89520000226|
89520000227|
89520000228|
89520000229|
89520000230|
89520000231|
89520000256|
89520000257|
89520000258|
89520000259|
89520000260|
89520000261|
89520000262|
89520000263|
89520000288|
89520000289|
89520000290|
89520000291|
89520000292|
89520000293|
89520000294|
89520000295|
89520000320|
89520000321|
89520000322|
89520000323|
89520000324|
89520000325|
89520000326|
89520000327|
89520000352|
89520000353|
89520000354|
89520000355|
89520000356|
89520000357|
89520000358|
89520000359|
89520000384|
89520000385|
89520000386|
89520000387|
89520000388|
89520000389|
89520000390|
89520000391|
89520000416|
89520000417|
89520000418|
89520000419|
89520000420|
89520000421|
89520000422|
89520000423|
89520000448|
89520000449|
89520000450|
89520000451|
89520000452|
89520000453|
89520000454|
89520000455|
89520000480|
