89892000323|
89892000324|
89892000325|
89892000326|
89892000327|
89892000352|
89892000353|
89892000354|
89892000355|
89892000356|
89892000357|
89892000358|
89892000359|
89892000384|
89892000385|
89892000386|
89892000387|
89892000388|
89892000389|
89892000390|
89892000391|
89892000416|
89892000417|
89892000418|
89892000419|
89892000420|
89892000421|
89892000422|
89892000423|
89892000448|
89892000449|
89892000450|
89892000451|
89892000452|
89892000453|
89892000454|
89892000455|
89892000480|
89892000481|
89892000482|
89892000483|
89892000484|
89892000485|
89892000486|
89892000487|
89892000512|
89892000513|
89892000514|
89892000515|
89892000516|
89892000517|
89892000518|
89892000519|
89892000544|
89892000545|
89892000546|
89892000547|
89892000548|
89892000549|
89892000550|
89892000551|
89892000576|
89892000577|
89892000578|
89892000579|
89892000580|
89892000581|
89892000582|
89892000583|
89892000608|
89892000609|
89892000610|
89892000611|
89892000612|
89892000613|
89892000614|
89892000615|
89892000640|
89892000641|
89892000642|
89892000643|
89892000644|
89892000645|
89892000646|
89892000647|
89892000672|
89892000673|
89892000674|
89892000675|
89892000676|
89892000677|
89892000678|
89892000679|
89892000704|
89892000705|
89892000706|
89892000707|
89892000708|
89892000709|
89892000710|
