44670000166|
44670000167|
44670000192|
44670000193|
44670000194|
44670000195|
44670000196|
44670000197|
44670000198|
44670000199|
44670000224|
44670000225|
44670000226|
44670000227|
44670000228|
44670000229|
44670000230|
44670000231|
44670000256|
44670000257|
44670000258|
44670000259|
44670000260|
44670000261|
44670000262|
44670000263|
44670000288|
44670000289|
44670000290|
44670000291|
44670000292|
44670000293|
44670000294|
44670000295|
44670000320|
44670000321|
44670000322|
44670000323|
44670000324|
44670000325|
44670000326|
44670000327|
44670000352|
44670000353|
44670000354|
44670000355|
44670000356|
44670000357|
44670000358|
44670000359|
44670000384|
44670000385|
44670000386|
44670000387|
44670000388|
44670000389|
44670000390|
44670000391|
44670000416|
44670000417|
44670000418|
44670000419|
44670000420|
44670000421|
44670000422|
44670000423|
44670000448|
44670000449|
44670000450|
44670000451|
44670000452|
44670000453|
44670000454|
44670000455|
44670000480|
44670000481|
44670000482|
44670000483|
44670000484|
44670000485|
44670000486|
44670000487|
44670000512|
44670000513|
44670000514|
44670000515|
44670000516|
44670000517|
44670000518|
44670000519|
44670000544|
44670000545|
44670000546|
44670000547|
44670000548|
44670000549|
44670000550|
44670000551|
44670000576|
44670000577|
