5280353|
5280354|
5280355|
5280356|
5280357|
5280358|
5280359|
5280384|
5280385|
5280386|
5280387|
5280388|
5280389|
5280390|
5280391|
5280416|
5280417|
5280418|
5280419|
5280420|
5280421|
5280422|
5280423|
5280448|
5280449|
5280450|
5280451|
5280452|
5280453|
5280454|
5280455|
5280480|
5280481|
5280482|
5280483|
5280484|
5280485|
5280486|
5280487|
5280512|
5280513|
5280514|
5280515|
5280516|
5280517|
5280518|
5280519|
5280544|
5280545|
5280546|
5280547|
5280548|
5280549|
5280550|
5280551|
5280576|
5280577|
5280578|
5280579|
5280580|
5280581|
5280582|
5280583|
5280608|
5280609|
5280610|
5280611|
5280612|
5280613|
5280614|
5280615|
5280640|
5280641|
5280642|
5280643|
5280644|
5280645|
5280646|
5280647|
5280672|
5280673|
5280674|
5280675|
5280676|
5280677|
5280678|
5280679|
5280704|
5280705|
5280706|
5280707|
5280708|
5280709|
5280710|
5280711|
5280736|
5280737|
5280738|
5280739|
5280740|
