5880387|
5880388|
5880389|
5880390|
5880391|
5880416|
5880417|
5880418|
5880419|
5880420|
5880421|
5880422|
5880423|
5880448|
5880449|
5880450|
5880451|
5880452|
5880453|
5880454|
5880455|
5880480|
5880481|
5880482|
5880483|
5880484|
5880485|
5880486|
5880487|
5880512|
5880513|
5880514|
5880515|
5880516|
5880517|
5880518|
5880519|
5880544|
5880545|
5880546|
5880547|
5880548|
5880549|
5880550|
5880551|
5880576|
5880577|
5880578|
5880579|
5880580|
5880581|
5880582|
5880583|
5880608|
5880609|
5880610|
5880611|
5880612|
5880613|
5880614|
5880615|
5880640|
5880641|
5880642|
5880643|
5880644|
5880645|
5880646|
5880647|
5880672|
5880673|
5880674|
5880675|
5880676|
5880677|
5880678|
5880679|
5880704|
5880705|
5880706|
5880707|
5880708|
5880709|
5880710|
5880711|
5880736|
5880737|
5880738|
5880739|
5880740|
5880741|
5880742|
5880743|
5880768|
5880769|
5880770|
5880771|
5880772|
5880773|
5880774|
