1740102|
1740103|
1740128|
1740129|
1740130|
1740131|
1740132|
1740133|
1740134|
1740135|
1740160|
1740161|
1740162|
1740163|
1740164|
1740165|
1740166|
1740167|
1740192|
1740193|
1740194|
1740195|
1740196|
1740197|
1740198|
1740199|
1740224|
1740225|
1740226|
1740227|
1740228|
1740229|
1740230|
1740231|
1740256|
1740257|
1740258|
1740259|
1740260|
1740261|
1740262|
1740263|
1740288|
1740289|
1740290|
1740291|
1740292|
1740293|
1740294|
1740295|
1740320|
1740321|
1740322|
1740323|
1740324|
1740325|
1740326|
1740327|
1740352|
1740353|
1740354|
1740355|
1740356|
1740357|
1740358|
1740359|
1740384|
1740385|
1740386|
1740387|
1740388|
1740389|
1740390|
1740391|
1740416|
1740417|
1740418|
1740419|
1740420|
1740421|
1740422|
1740423|
1740448|
1740449|
1740450|
1740451|
1740452|
1740453|
1740454|
1740455|
1740480|
1740481|
1740482|
1740483|
1740484|
1740485|
1740486|
1740487|
1740512|
1740513|
