5700384|
5700385|
5700386|
5700387|
5700388|
5700389|
5700390|
5700391|
5700416|
5700417|
5700418|
5700419|
5700420|
5700421|
5700422|
5700423|
5700448|
5700449|
5700450|
5700451|
5700452|
5700453|
5700454|
5700455|
5700480|
5700481|
5700482|
5700483|
5700484|
5700485|
5700486|
5700487|
5700512|
5700513|
5700514|
5700515|
5700516|
5700517|
5700518|
5700519|
5700544|
5700545|
5700546|
5700547|
5700548|
5700549|
5700550|
5700551|
5700576|
5700577|
5700578|
5700579|
5700580|
5700581|
5700582|
5700583|
5700608|
5700609|
5700610|
5700611|
5700612|
5700613|
5700614|
5700615|
5700640|
5700641|
5700642|
5700643|
5700644|
5700645|
5700646|
5700647|
5700672|
5700673|
5700674|
5700675|
5700676|
5700677|
5700678|
5700679|
5700704|
5700705|
5700706|
5700707|
5700708|
5700709|
5700710|
5700711|
5700736|
5700737|
5700738|
5700739|
5700740|
5700741|
5700742|
5700743|
5700768|
5700769|
5700770|
5700771|
