5580358|
5580359|
5580384|
5580385|
5580386|
5580387|
5580388|
5580389|
5580390|
5580391|
5580416|
5580417|
5580418|
5580419|
5580420|
5580421|
5580422|
5580423|
5580448|
5580449|
5580450|
5580451|
5580452|
5580453|
5580454|
5580455|
5580480|
5580481|
5580482|
5580483|
5580484|
5580485|
5580486|
5580487|
5580512|
5580513|
5580514|
5580515|
5580516|
5580517|
5580518|
5580519|
5580544|
5580545|
5580546|
5580547|
5580548|
5580549|
5580550|
5580551|
5580576|
5580577|
5580578|
5580579|
5580580|
5580581|
5580582|
5580583|
5580608|
5580609|
5580610|
5580611|
5580612|
5580613|
5580614|
5580615|
5580640|
5580641|
5580642|
5580643|
5580644|
5580645|
5580646|
5580647|
5580672|
5580673|
5580674|
5580675|
5580676|
5580677|
5580678|
5580679|
5580704|
5580705|
5580706|
5580707|
5580708|
5580709|
5580710|
5580711|
5580736|
5580737|
5580738|
5580739|
5580740|
5580741|
5580742|
5580743|
5580768|
5580769|
