896760167|
896760192|
896760193|
896760194|
896760195|
896760196|
896760197|
896760198|
896760199|
896760224|
896760225|
896760226|
896760227|
896760228|
896760229|
896760230|
896760231|
896760256|
896760257|
896760258|
896760259|
896760260|
896760261|
896760262|
896760263|
896760288|
896760289|
896760290|
896760291|
896760292|
896760293|
896760294|
896760295|
896760320|
896760321|
896760322|
896760323|
896760324|
896760325|
896760326|
896760327|
896760352|
896760353|
896760354|
896760355|
896760356|
896760357|
896760358|
896760359|
896760384|
896760385|
896760386|
896760387|
896760388|
896760389|
896760390|
896760391|
896760416|
896760417|
896760418|
896760419|
896760420|
896760421|
896760422|
896760423|
896760448|
896760449|
896760450|
896760451|
896760452|
896760453|
896760454|
896760455|
896760480|
896760481|
896760482|
896760483|
896760484|
896760485|
896760486|
896760487|
896760512|
896760513|
896760514|
896760515|
896760516|
896760517|
896760518|
896760519|
896760544|
896760545|
896760546|
896760547|
896760548|
896760549|
896760550|
896760551|
896760576|
896760577|
896760578|
