446700166|
446700167|
446700192|
446700193|
446700194|
446700195|
446700196|
446700197|
446700198|
446700199|
446700224|
446700225|
446700226|
446700227|
446700228|
446700229|
446700230|
446700231|
446700256|
446700257|
446700258|
446700259|
446700260|
446700261|
446700262|
446700263|
446700288|
446700289|
446700290|
446700291|
446700292|
446700293|
446700294|
446700295|
446700320|
446700321|
446700322|
446700323|
446700324|
446700325|
446700326|
446700327|
446700352|
446700353|
446700354|
446700355|
446700356|
446700357|
446700358|
446700359|
446700384|
446700385|
446700386|
446700387|
446700388|
446700389|
446700390|
446700391|
446700416|
446700417|
446700418|
446700419|
446700420|
446700421|
446700422|
446700423|
446700448|
446700449|
446700450|
446700451|
446700452|
446700453|
446700454|
446700455|
446700480|
446700481|
446700482|
446700483|
446700484|
446700485|
446700486|
446700487|
446700512|
446700513|
446700514|
446700515|
446700516|
446700517|
446700518|
446700519|
446700544|
446700545|
446700546|
446700547|
446700548|
446700549|
446700550|
446700551|
446700576|
446700577|
