1320071|
1320096|
1320097|
1320098|
1320099|
1320100|
1320101|
1320102|
1320103|
1320128|
1320129|
1320130|
1320131|
1320132|
1320133|
1320134|
1320135|
1320160|
1320161|
1320162|
1320163|
1320164|
1320165|
1320166|
1320167|
1320192|
1320193|
1320194|
1320195|
1320196|
1320197|
1320198|
1320199|
1320224|
1320225|
1320226|
1320227|
1320228|
1320229|
1320230|
1320231|
1320256|
1320257|
1320258|
1320259|
1320260|
1320261|
1320262|
1320263|
1320288|
1320289|
1320290|
1320291|
1320292|
1320293|
1320294|
1320295|
1320320|
1320321|
1320322|
1320323|
1320324|
1320325|
1320326|
1320327|
1320352|
1320353|
1320354|
1320355|
1320356|
1320357|
1320358|
1320359|
1320384|
1320385|
1320386|
1320387|
1320388|
1320389|
1320390|
1320391|
1320416|
1320417|
1320418|
1320419|
1320420|
1320421|
1320422|
1320423|
1320448|
1320449|
1320450|
1320451|
1320452|
1320453|
1320454|
1320455|
1320480|
1320481|
1320482|
