449940388|
449940389|
449940390|
449940391|
449940416|
449940417|
449940418|
449940419|
449940420|
449940421|
449940422|
449940423|
449940448|
449940449|
449940450|
449940451|
449940452|
449940453|
449940454|
449940455|
449940480|
449940481|
449940482|
449940483|
449940484|
449940485|
449940486|
449940487|
449940512|
449940513|
449940514|
449940515|
449940516|
449940517|
449940518|
449940519|
449940544|
449940545|
449940546|
449940547|
449940548|
449940549|
449940550|
449940551|
449940576|
449940577|
449940578|
449940579|
449940580|
449940581|
449940582|
449940583|
449940608|
449940609|
449940610|
449940611|
449940612|
449940613|
449940614|
449940615|
449940640|
449940641|
449940642|
449940643|
449940644|
449940645|
449940646|
449940647|
449940672|
449940673|
449940674|
449940675|
449940676|
449940677|
449940678|
449940679|
449940704|
449940705|
449940706|
449940707|
449940708|
449940709|
449940710|
449940711|
449940736|
449940737|
449940738|
449940739|
449940740|
449940741|
449940742|
449940743|
449940768|
449940769|
449940770|
449940771|
449940772|
449940773|
449940774|
449940775|
