898500292|
898500293|
898500294|
898500295|
898500320|
898500321|
898500322|
898500323|
898500324|
898500325|
898500326|
898500327|
898500352|
898500353|
898500354|
898500355|
898500356|
898500357|
898500358|
898500359|
898500384|
898500385|
898500386|
898500387|
898500388|
898500389|
898500390|
898500391|
898500416|
898500417|
898500418|
898500419|
898500420|
898500421|
898500422|
898500423|
898500448|
898500449|
898500450|
898500451|
898500452|
898500453|
898500454|
898500455|
898500480|
898500481|
898500482|
898500483|
898500484|
898500485|
898500486|
898500487|
898500512|
898500513|
898500514|
898500515|
898500516|
898500517|
898500518|
898500519|
898500544|
898500545|
898500546|
898500547|
898500548|
898500549|
898500550|
898500551|
898500576|
898500577|
898500578|
898500579|
898500580|
898500581|
898500582|
898500583|
898500608|
898500609|
898500610|
898500611|
898500612|
898500613|
898500614|
898500615|
898500640|
898500641|
898500642|
898500643|
898500644|
898500645|
898500646|
898500647|
898500672|
898500673|
898500674|
898500675|
898500676|
898500677|
898500678|
898500679|
