898860322|
898860323|
898860324|
898860325|
898860326|
898860327|
898860352|
898860353|
898860354|
898860355|
898860356|
898860357|
898860358|
898860359|
898860384|
898860385|
898860386|
898860387|
898860388|
898860389|
898860390|
898860391|
898860416|
898860417|
898860418|
898860419|
898860420|
898860421|
898860422|
898860423|
898860448|
898860449|
898860450|
898860451|
898860452|
898860453|
898860454|
898860455|
898860480|
898860481|
898860482|
898860483|
898860484|
898860485|
898860486|
898860487|
898860512|
898860513|
898860514|
898860515|
898860516|
898860517|
898860518|
898860519|
898860544|
898860545|
898860546|
898860547|
898860548|
898860549|
898860550|
898860551|
898860576|
898860577|
898860578|
898860579|
898860580|
898860581|
898860582|
898860583|
898860608|
898860609|
898860610|
898860611|
898860612|
898860613|
898860614|
898860615|
898860640|
898860641|
898860642|
898860643|
898860644|
898860645|
898860646|
898860647|
898860672|
898860673|
898860674|
898860675|
898860676|
898860677|
898860678|
898860679|
898860704|
898860705|
898860706|
898860707|
898860708|
898860709|
