895440097|
895440098|
895440099|
895440100|
895440101|
895440102|
895440103|
895440128|
895440129|
895440130|
895440131|
895440132|
895440133|
895440134|
895440135|
895440160|
895440161|
895440162|
895440163|
895440164|
895440165|
895440166|
895440167|
895440192|
895440193|
895440194|
895440195|
895440196|
895440197|
895440198|
895440199|
895440224|
895440225|
895440226|
895440227|
895440228|
895440229|
895440230|
895440231|
895440256|
895440257|
895440258|
895440259|
895440260|
895440261|
895440262|
895440263|
895440288|
895440289|
895440290|
895440291|
895440292|
895440293|
895440294|
895440295|
895440320|
895440321|
895440322|
895440323|
895440324|
895440325|
895440326|
895440327|
895440352|
895440353|
895440354|
895440355|
895440356|
895440357|
895440358|
895440359|
895440384|
895440385|
895440386|
895440387|
895440388|
895440389|
895440390|
895440391|
895440416|
895440417|
895440418|
895440419|
895440420|
895440421|
895440422|
895440423|
895440448|
895440449|
895440450|
895440451|
895440452|
895440453|
895440454|
895440455|
895440480|
895440481|
895440482|
895440483|
895440484|
