3180198|
3180199|
3180224|
3180225|
3180226|
3180227|
3180228|
3180229|
3180230|
3180231|
3180256|
3180257|
3180258|
3180259|
3180260|
3180261|
3180262|
3180263|
3180288|
3180289|
3180290|
3180291|
3180292|
3180293|
3180294|
3180295|
3180320|
3180321|
3180322|
3180323|
3180324|
3180325|
3180326|
3180327|
3180352|
3180353|
3180354|
3180355|
3180356|
3180357|
3180358|
3180359|
3180384|
3180385|
3180386|
3180387|
3180388|
3180389|
3180390|
3180391|
3180416|
3180417|
3180418|
3180419|
3180420|
3180421|
3180422|
3180423|
3180448|
3180449|
3180450|
3180451|
3180452|
3180453|
3180454|
3180455|
3180480|
3180481|
3180482|
3180483|
3180484|
3180485|
3180486|
3180487|
3180512|
3180513|
3180514|
3180515|
3180516|
3180517|
3180518|
3180519|
3180544|
3180545|
3180546|
3180547|
3180548|
3180549|
3180550|
3180551|
3180576|
3180577|
3180578|
3180579|
3180580|
3180581|
3180582|
3180583|
3180608|
3180609|
