897660230|
897660231|
897660256|
897660257|
897660258|
897660259|
897660260|
897660261|
897660262|
897660263|
897660288|
897660289|
897660290|
897660291|
897660292|
897660293|
897660294|
897660295|
897660320|
897660321|
897660322|
897660323|
897660324|
897660325|
897660326|
897660327|
897660352|
897660353|
897660354|
897660355|
897660356|
897660357|
897660358|
897660359|
897660384|
897660385|
897660386|
897660387|
897660388|
897660389|
897660390|
897660391|
897660416|
897660417|
897660418|
897660419|
897660420|
897660421|
897660422|
897660423|
897660448|
897660449|
897660450|
897660451|
897660452|
897660453|
897660454|
897660455|
897660480|
897660481|
897660482|
897660483|
897660484|
897660485|
897660486|
897660487|
897660512|
897660513|
897660514|
897660515|
897660516|
897660517|
897660518|
897660519|
897660544|
897660545|
897660546|
897660547|
897660548|
897660549|
897660550|
897660551|
897660576|
897660577|
897660578|
897660579|
897660580|
897660581|
897660582|
897660583|
897660608|
897660609|
897660610|
897660611|
897660612|
897660613|
897660614|
897660615|
897660640|
897660641|
