444720037|
444720038|
444720039|
444720064|
444720065|
444720066|
444720067|
444720068|
444720069|
444720070|
444720071|
444720096|
444720097|
444720098|
444720099|
444720100|
444720101|
444720102|
444720103|
444720128|
444720129|
444720130|
444720131|
444720132|
444720133|
444720134|
444720135|
444720160|
444720161|
444720162|
444720163|
444720164|
444720165|
444720166|
444720167|
444720192|
444720193|
444720194|
444720195|
444720196|
444720197|
444720198|
444720199|
444720224|
444720225|
444720226|
444720227|
444720228|
444720229|
444720230|
444720231|
444720256|
444720257|
444720258|
444720259|
444720260|
444720261|
444720262|
444720263|
444720288|
444720289|
444720290|
444720291|
444720292|
444720293|
444720294|
444720295|
444720320|
444720321|
444720322|
444720323|
444720324|
444720325|
444720326|
444720327|
444720352|
444720353|
444720354|
444720355|
444720356|
444720357|
444720358|
444720359|
444720384|
444720385|
444720386|
444720387|
444720388|
444720389|
444720390|
444720391|
444720416|
444720417|
444720418|
444720419|
444720420|
444720421|
444720422|
444720423|
444720448|
