4500292|
4500293|
4500294|
4500295|
4500320|
4500321|
4500322|
4500323|
4500324|
4500325|
4500326|
4500327|
4500352|
4500353|
4500354|
4500355|
4500356|
4500357|
4500358|
4500359|
4500384|
4500385|
4500386|
4500387|
4500388|
4500389|
4500390|
4500391|
4500416|
4500417|
4500418|
4500419|
4500420|
4500421|
4500422|
4500423|
4500448|
4500449|
4500450|
4500451|
4500452|
4500453|
4500454|
4500455|
4500480|
4500481|
4500482|
4500483|
4500484|
4500485|
4500486|
4500487|
4500512|
4500513|
4500514|
4500515|
4500516|
4500517|
4500518|
4500519|
4500544|
4500545|
4500546|
4500547|
4500548|
4500549|
4500550|
4500551|
4500576|
4500577|
4500578|
4500579|
4500580|
4500581|
4500582|
4500583|
4500608|
4500609|
4500610|
4500611|
4500612|
4500613|
4500614|
4500615|
4500640|
4500641|
4500642|
4500643|
4500644|
4500645|
4500646|
4500647|
4500672|
4500673|
4500674|
4500675|
4500676|
4500677|
4500678|
4500679|
