2460162|
2460163|
2460164|
2460165|
2460166|
2460167|
2460192|
2460193|
2460194|
2460195|
2460196|
2460197|
2460198|
2460199|
2460224|
2460225|
2460226|
2460227|
2460228|
2460229|
2460230|
2460231|
2460256|
2460257|
2460258|
2460259|
2460260|
2460261|
2460262|
2460263|
2460288|
2460289|
2460290|
2460291|
2460292|
2460293|
2460294|
2460295|
2460320|
2460321|
2460322|
2460323|
2460324|
2460325|
2460326|
2460327|
2460352|
2460353|
2460354|
2460355|
2460356|
2460357|
2460358|
2460359|
2460384|
2460385|
2460386|
2460387|
2460388|
2460389|
2460390|
2460391|
2460416|
2460417|
2460418|
2460419|
2460420|
2460421|
2460422|
2460423|
2460448|
2460449|
2460450|
2460451|
2460452|
2460453|
2460454|
2460455|
2460480|
2460481|
2460482|
2460483|
2460484|
2460485|
2460486|
2460487|
2460512|
2460513|
2460514|
2460515|
2460516|
2460517|
2460518|
2460519|
2460544|
2460545|
2460546|
2460547|
2460548|
2460549|
