449220352|
449220353|
449220354|
449220355|
449220356|
449220357|
449220358|
449220359|
449220384|
449220385|
449220386|
449220387|
449220388|
449220389|
449220390|
449220391|
449220416|
449220417|
449220418|
449220419|
449220420|
449220421|
449220422|
449220423|
449220448|
449220449|
449220450|
449220451|
449220452|
449220453|
449220454|
449220455|
449220480|
449220481|
449220482|
449220483|
449220484|
449220485|
449220486|
449220487|
449220512|
449220513|
449220514|
449220515|
449220516|
449220517|
449220518|
449220519|
449220544|
449220545|
449220546|
449220547|
449220548|
449220549|
449220550|
449220551|
449220576|
449220577|
449220578|
449220579|
449220580|
449220581|
449220582|
449220583|
449220608|
449220609|
449220610|
449220611|
449220612|
449220613|
449220614|
449220615|
449220640|
449220641|
449220642|
449220643|
449220644|
449220645|
449220646|
449220647|
449220672|
449220673|
449220674|
449220675|
449220676|
449220677|
449220678|
449220679|
449220704|
449220705|
449220706|
449220707|
449220708|
449220709|
449220710|
449220711|
449220736|
449220737|
449220738|
449220739|
