780038|
780039|
780064|
780065|
780066|
780067|
780068|
780069|
780070|
780071|
780096|
780097|
780098|
780099|
780100|
780101|
780102|
780103|
780128|
780129|
780130|
780131|
780132|
780133|
780134|
780135|
780160|
780161|
780162|
780163|
780164|
780165|
780166|
780167|
780192|
780193|
780194|
780195|
780196|
780197|
780198|
780199|
780224|
780225|
780226|
780227|
780228|
780229|
780230|
780231|
780256|
780257|
780258|
780259|
780260|
780261|
780262|
780263|
780288|
780289|
780290|
780291|
780292|
780293|
780294|
780295|
780320|
780321|
780322|
780323|
780324|
780325|
780326|
780327|
780352|
780353|
780354|
780355|
780356|
780357|
780358|
780359|
780384|
780385|
780386|
780387|
780388|
780389|
780390|
780391|
780416|
780417|
780418|
780419|
780420|
780421|
780422|
780423|
780448|
780449|
