895980130|
895980131|
895980132|
895980133|
895980134|
895980135|
895980160|
895980161|
895980162|
895980163|
895980164|
895980165|
895980166|
895980167|
895980192|
895980193|
895980194|
895980195|
895980196|
895980197|
895980198|
895980199|
895980224|
895980225|
895980226|
895980227|
895980228|
895980229|
895980230|
895980231|
895980256|
895980257|
895980258|
895980259|
895980260|
895980261|
895980262|
895980263|
895980288|
895980289|
895980290|
895980291|
895980292|
895980293|
895980294|
895980295|
895980320|
895980321|
895980322|
895980323|
895980324|
895980325|
895980326|
895980327|
895980352|
895980353|
895980354|
895980355|
895980356|
895980357|
895980358|
895980359|
895980384|
895980385|
895980386|
895980387|
895980388|
895980389|
895980390|
895980391|
895980416|
895980417|
895980418|
895980419|
895980420|
895980421|
895980422|
895980423|
895980448|
895980449|
895980450|
895980451|
895980452|
895980453|
895980454|
895980455|
895980480|
895980481|
895980482|
895980483|
895980484|
895980485|
895980486|
895980487|
895980512|
895980513|
895980514|
895980515|
895980516|
895980517|
