895860128|
895860129|
895860130|
895860131|
895860132|
895860133|
895860134|
895860135|
895860160|
895860161|
895860162|
895860163|
895860164|
895860165|
895860166|
895860167|
895860192|
895860193|
895860194|
895860195|
895860196|
895860197|
895860198|
895860199|
895860224|
895860225|
895860226|
895860227|
895860228|
895860229|
895860230|
895860231|
895860256|
895860257|
895860258|
895860259|
895860260|
895860261|
895860262|
895860263|
895860288|
895860289|
895860290|
895860291|
895860292|
895860293|
895860294|
895860295|
895860320|
895860321|
895860322|
895860323|
895860324|
895860325|
895860326|
895860327|
895860352|
895860353|
895860354|
895860355|
895860356|
895860357|
895860358|
895860359|
895860384|
895860385|
895860386|
895860387|
895860388|
895860389|
895860390|
895860391|
895860416|
895860417|
895860418|
895860419|
895860420|
895860421|
895860422|
895860423|
895860448|
895860449|
895860450|
895860451|
895860452|
895860453|
895860454|
895860455|
895860480|
895860481|
895860482|
895860483|
895860484|
895860485|
895860486|
895860487|
895860512|
895860513|
895860514|
895860515|
