4860322|
4860323|
4860324|
4860325|
4860326|
4860327|
4860352|
4860353|
4860354|
4860355|
4860356|
4860357|
4860358|
4860359|
4860384|
4860385|
4860386|
4860387|
4860388|
4860389|
4860390|
4860391|
4860416|
4860417|
4860418|
4860419|
4860420|
4860421|
4860422|
4860423|
4860448|
4860449|
4860450|
4860451|
4860452|
4860453|
4860454|
4860455|
4860480|
4860481|
4860482|
4860483|
4860484|
4860485|
4860486|
4860487|
4860512|
4860513|
4860514|
4860515|
4860516|
4860517|
4860518|
4860519|
4860544|
4860545|
4860546|
4860547|
4860548|
4860549|
4860550|
4860551|
4860576|
4860577|
4860578|
4860579|
4860580|
4860581|
4860582|
4860583|
4860608|
4860609|
4860610|
4860611|
4860612|
4860613|
4860614|
4860615|
4860640|
4860641|
4860642|
4860643|
4860644|
4860645|
4860646|
4860647|
4860672|
4860673|
4860674|
4860675|
4860676|
4860677|
4860678|
4860679|
4860704|
4860705|
4860706|
4860707|
4860708|
4860709|
