899040325|
899040326|
899040327|
899040352|
899040353|
899040354|
899040355|
899040356|
899040357|
899040358|
899040359|
899040384|
899040385|
899040386|
899040387|
899040388|
899040389|
899040390|
899040391|
899040416|
899040417|
899040418|
899040419|
899040420|
899040421|
899040422|
899040423|
899040448|
899040449|
899040450|
899040451|
899040452|
899040453|
899040454|
899040455|
899040480|
899040481|
899040482|
899040483|
899040484|
899040485|
899040486|
899040487|
899040512|
899040513|
899040514|
899040515|
899040516|
899040517|
899040518|
899040519|
899040544|
899040545|
899040546|
899040547|
899040548|
899040549|
899040550|
899040551|
899040576|
899040577|
899040578|
899040579|
899040580|
899040581|
899040582|
899040583|
899040608|
899040609|
899040610|
899040611|
899040612|
899040613|
899040614|
899040615|
899040640|
899040641|
899040642|
899040643|
899040644|
899040645|
899040646|
899040647|
899040672|
899040673|
899040674|
899040675|
899040676|
899040677|
899040678|
899040679|
899040704|
899040705|
899040706|
899040707|
899040708|
899040709|
899040710|
899040711|
899040736|
