445020066|
445020067|
445020068|
445020069|
445020070|
445020071|
445020096|
445020097|
445020098|
445020099|
445020100|
445020101|
445020102|
445020103|
445020128|
445020129|
445020130|
445020131|
445020132|
445020133|
445020134|
445020135|
445020160|
445020161|
445020162|
445020163|
445020164|
445020165|
445020166|
445020167|
445020192|
445020193|
445020194|
445020195|
445020196|
445020197|
445020198|
445020199|
445020224|
445020225|
445020226|
445020227|
445020228|
445020229|
445020230|
445020231|
445020256|
445020257|
445020258|
445020259|
445020260|
445020261|
445020262|
445020263|
445020288|
445020289|
445020290|
445020291|
445020292|
445020293|
445020294|
445020295|
445020320|
445020321|
445020322|
445020323|
445020324|
445020325|
445020326|
445020327|
445020352|
445020353|
445020354|
445020355|
445020356|
445020357|
445020358|
445020359|
445020384|
445020385|
445020386|
445020387|
445020388|
445020389|
445020390|
445020391|
445020416|
445020417|
445020418|
445020419|
445020420|
445020421|
445020422|
445020423|
445020448|
445020449|
445020450|
445020451|
445020452|
445020453|
