898740320|
898740321|
898740322|
898740323|
898740324|
898740325|
898740326|
898740327|
898740352|
898740353|
898740354|
898740355|
898740356|
898740357|
898740358|
898740359|
898740384|
898740385|
898740386|
898740387|
898740388|
898740389|
898740390|
898740391|
898740416|
898740417|
898740418|
898740419|
898740420|
898740421|
898740422|
898740423|
898740448|
898740449|
898740450|
898740451|
898740452|
898740453|
898740454|
898740455|
898740480|
898740481|
898740482|
898740483|
898740484|
898740485|
898740486|
898740487|
898740512|
898740513|
898740514|
898740515|
898740516|
898740517|
898740518|
898740519|
898740544|
898740545|
898740546|
898740547|
898740548|
898740549|
898740550|
898740551|
898740576|
898740577|
898740578|
898740579|
898740580|
898740581|
898740582|
898740583|
898740608|
898740609|
898740610|
898740611|
898740612|
898740613|
898740614|
898740615|
898740640|
898740641|
898740642|
898740643|
898740644|
898740645|
898740646|
898740647|
898740672|
898740673|
898740674|
898740675|
898740676|
898740677|
898740678|
898740679|
898740704|
898740705|
898740706|
898740707|
