3780256|
3780257|
3780258|
3780259|
3780260|
3780261|
3780262|
3780263|
3780288|
3780289|
3780290|
3780291|
3780292|
3780293|
3780294|
3780295|
3780320|
3780321|
3780322|
3780323|
3780324|
3780325|
3780326|
3780327|
3780352|
3780353|
3780354|
3780355|
3780356|
3780357|
3780358|
3780359|
3780384|
3780385|
3780386|
3780387|
3780388|
3780389|
3780390|
3780391|
3780416|
3780417|
3780418|
3780419|
3780420|
3780421|
3780422|
3780423|
3780448|
3780449|
3780450|
3780451|
3780452|
3780453|
3780454|
3780455|
3780480|
3780481|
3780482|
3780483|
3780484|
3780485|
3780486|
3780487|
3780512|
3780513|
3780514|
3780515|
3780516|
3780517|
3780518|
3780519|
3780544|
3780545|
3780546|
3780547|
3780548|
3780549|
3780550|
3780551|
3780576|
3780577|
3780578|
3780579|
3780580|
3780581|
3780582|
3780583|
3780608|
3780609|
3780610|
3780611|
3780612|
3780613|
3780614|
3780615|
3780640|
3780641|
3780642|
3780643|
