897480227|
897480228|
897480229|
897480230|
897480231|
897480256|
897480257|
897480258|
897480259|
897480260|
897480261|
897480262|
897480263|
897480288|
897480289|
897480290|
897480291|
897480292|
897480293|
897480294|
897480295|
897480320|
897480321|
897480322|
897480323|
897480324|
897480325|
897480326|
897480327|
897480352|
897480353|
897480354|
897480355|
897480356|
897480357|
897480358|
897480359|
897480384|
897480385|
897480386|
897480387|
897480388|
897480389|
897480390|
897480391|
897480416|
897480417|
897480418|
897480419|
897480420|
897480421|
897480422|
897480423|
897480448|
897480449|
897480450|
897480451|
897480452|
897480453|
897480454|
897480455|
897480480|
897480481|
897480482|
897480483|
897480484|
897480485|
897480486|
897480487|
897480512|
897480513|
897480514|
897480515|
897480516|
897480517|
897480518|
897480519|
897480544|
897480545|
897480546|
897480547|
897480548|
897480549|
897480550|
897480551|
897480576|
897480577|
897480578|
897480579|
897480580|
897480581|
897480582|
897480583|
897480608|
897480609|
897480610|
897480611|
897480612|
897480613|
897480614|
