5460356|
5460357|
5460358|
5460359|
5460384|
5460385|
5460386|
5460387|
5460388|
5460389|
5460390|
5460391|
5460416|
5460417|
5460418|
5460419|
5460420|
5460421|
5460422|
5460423|
5460448|
5460449|
5460450|
5460451|
5460452|
5460453|
5460454|
5460455|
5460480|
5460481|
5460482|
5460483|
5460484|
5460485|
5460486|
5460487|
5460512|
5460513|
5460514|
5460515|
5460516|
5460517|
5460518|
5460519|
5460544|
5460545|
5460546|
5460547|
5460548|
5460549|
5460550|
5460551|
5460576|
5460577|
5460578|
5460579|
5460580|
5460581|
5460582|
5460583|
5460608|
5460609|
5460610|
5460611|
5460612|
5460613|
5460614|
5460615|
5460640|
5460641|
5460642|
5460643|
5460644|
5460645|
5460646|
5460647|
5460672|
5460673|
5460674|
5460675|
5460676|
5460677|
5460678|
5460679|
5460704|
5460705|
5460706|
5460707|
5460708|
5460709|
5460710|
5460711|
5460736|
5460737|
5460738|
5460739|
5460740|
5460741|
5460742|
5460743|
