448140262|
448140263|
448140288|
448140289|
448140290|
448140291|
448140292|
448140293|
448140294|
448140295|
448140320|
448140321|
448140322|
448140323|
448140324|
448140325|
448140326|
448140327|
448140352|
448140353|
448140354|
448140355|
448140356|
448140357|
448140358|
448140359|
448140384|
448140385|
448140386|
448140387|
448140388|
448140389|
448140390|
448140391|
448140416|
448140417|
448140418|
448140419|
448140420|
448140421|
448140422|
448140423|
448140448|
448140449|
448140450|
448140451|
448140452|
448140453|
448140454|
448140455|
448140480|
448140481|
448140482|
448140483|
448140484|
448140485|
448140486|
448140487|
448140512|
448140513|
448140514|
448140515|
448140516|
448140517|
448140518|
448140519|
448140544|
448140545|
448140546|
448140547|
448140548|
448140549|
448140550|
448140551|
448140576|
448140577|
448140578|
448140579|
448140580|
448140581|
448140582|
448140583|
448140608|
448140609|
448140610|
448140611|
448140612|
448140613|
448140614|
448140615|
448140640|
448140641|
448140642|
448140643|
448140644|
448140645|
448140646|
448140647|
448140672|
448140673|
