449640359|
449640384|
449640385|
449640386|
449640387|
449640388|
449640389|
449640390|
449640391|
449640416|
449640417|
449640418|
449640419|
449640420|
449640421|
449640422|
449640423|
449640448|
449640449|
449640450|
449640451|
449640452|
449640453|
449640454|
449640455|
449640480|
449640481|
449640482|
449640483|
449640484|
449640485|
449640486|
449640487|
449640512|
449640513|
449640514|
449640515|
449640516|
449640517|
449640518|
449640519|
449640544|
449640545|
449640546|
449640547|
449640548|
449640549|
449640550|
449640551|
449640576|
449640577|
449640578|
449640579|
449640580|
449640581|
449640582|
449640583|
449640608|
449640609|
449640610|
449640611|
449640612|
449640613|
449640614|
449640615|
449640640|
449640641|
449640642|
449640643|
449640644|
449640645|
449640646|
449640647|
449640672|
449640673|
449640674|
449640675|
449640676|
449640677|
449640678|
449640679|
449640704|
449640705|
449640706|
449640707|
449640708|
449640709|
449640710|
449640711|
449640736|
449640737|
449640738|
449640739|
449640740|
449640741|
449640742|
449640743|
449640768|
449640769|
449640770|
