5040325|
5040326|
5040327|
5040352|
5040353|
5040354|
5040355|
5040356|
5040357|
5040358|
5040359|
5040384|
5040385|
5040386|
5040387|
5040388|
5040389|
5040390|
5040391|
5040416|
5040417|
5040418|
5040419|
5040420|
5040421|
5040422|
5040423|
5040448|
5040449|
5040450|
5040451|
5040452|
5040453|
5040454|
5040455|
5040480|
5040481|
5040482|
5040483|
5040484|
5040485|
5040486|
5040487|
5040512|
5040513|
5040514|
5040515|
5040516|
5040517|
5040518|
5040519|
5040544|
5040545|
5040546|
5040547|
5040548|
5040549|
5040550|
5040551|
5040576|
5040577|
5040578|
5040579|
5040580|
5040581|
5040582|
5040583|
5040608|
5040609|
5040610|
5040611|
5040612|
5040613|
5040614|
5040615|
5040640|
5040641|
5040642|
5040643|
5040644|
5040645|
5040646|
5040647|
5040672|
5040673|
5040674|
5040675|
5040676|
5040677|
5040678|
5040679|
5040704|
5040705|
5040706|
5040707|
5040708|
5040709|
5040710|
5040711|
5040736|
