446460162|
446460163|
446460164|
446460165|
446460166|
446460167|
446460192|
446460193|
446460194|
446460195|
446460196|
446460197|
446460198|
446460199|
446460224|
446460225|
446460226|
446460227|
446460228|
446460229|
446460230|
446460231|
446460256|
446460257|
446460258|
446460259|
446460260|
446460261|
446460262|
446460263|
446460288|
446460289|
446460290|
446460291|
446460292|
446460293|
446460294|
446460295|
446460320|
446460321|
446460322|
446460323|
446460324|
446460325|
446460326|
446460327|
446460352|
446460353|
446460354|
446460355|
446460356|
446460357|
446460358|
446460359|
446460384|
446460385|
446460386|
446460387|
446460388|
446460389|
446460390|
446460391|
446460416|
446460417|
446460418|
446460419|
446460420|
446460421|
446460422|
446460423|
446460448|
446460449|
446460450|
446460451|
446460452|
446460453|
446460454|
446460455|
446460480|
446460481|
446460482|
446460483|
446460484|
446460485|
446460486|
446460487|
446460512|
446460513|
446460514|
446460515|
446460516|
446460517|
446460518|
446460519|
446460544|
446460545|
446460546|
446460547|
446460548|
446460549|
