897120197|
897120198|
897120199|
897120224|
897120225|
897120226|
897120227|
897120228|
897120229|
897120230|
897120231|
897120256|
897120257|
897120258|
897120259|
897120260|
897120261|
897120262|
897120263|
897120288|
897120289|
897120290|
897120291|
897120292|
897120293|
897120294|
897120295|
897120320|
897120321|
897120322|
897120323|
897120324|
897120325|
897120326|
897120327|
897120352|
897120353|
897120354|
897120355|
897120356|
897120357|
897120358|
897120359|
897120384|
897120385|
897120386|
897120387|
897120388|
897120389|
897120390|
897120391|
897120416|
897120417|
897120418|
897120419|
897120420|
897120421|
897120422|
897120423|
897120448|
897120449|
897120450|
897120451|
897120452|
897120453|
897120454|
897120455|
897120480|
897120481|
897120482|
897120483|
897120484|
897120485|
897120486|
897120487|
897120512|
897120513|
897120514|
897120515|
897120516|
897120517|
897120518|
897120519|
897120544|
897120545|
897120546|
897120547|
897120548|
897120549|
897120550|
897120551|
897120576|
897120577|
897120578|
897120579|
897120580|
897120581|
897120582|
897120583|
897120608|
