2820192|
2820193|
2820194|
2820195|
2820196|
2820197|
2820198|
2820199|
2820224|
2820225|
2820226|
2820227|
2820228|
2820229|
2820230|
2820231|
2820256|
2820257|
2820258|
2820259|
2820260|
2820261|
2820262|
2820263|
2820288|
2820289|
2820290|
2820291|
2820292|
2820293|
2820294|
2820295|
2820320|
2820321|
2820322|
2820323|
2820324|
2820325|
2820326|
2820327|
2820352|
2820353|
2820354|
2820355|
2820356|
2820357|
2820358|
2820359|
2820384|
2820385|
2820386|
2820387|
2820388|
2820389|
2820390|
2820391|
2820416|
2820417|
2820418|
2820419|
2820420|
2820421|
2820422|
2820423|
2820448|
2820449|
2820450|
2820451|
2820452|
2820453|
2820454|
2820455|
2820480|
2820481|
2820482|
2820483|
2820484|
2820485|
2820486|
2820487|
2820512|
2820513|
2820514|
2820515|
2820516|
2820517|
2820518|
2820519|
2820544|
2820545|
2820546|
2820547|
2820548|
2820549|
2820550|
2820551|
2820576|
2820577|
2820578|
2820579|
