3120197|
3120198|
3120199|
3120224|
3120225|
3120226|
3120227|
3120228|
3120229|
3120230|
3120231|
3120256|
3120257|
3120258|
3120259|
3120260|
3120261|
3120262|
3120263|
3120288|
3120289|
3120290|
3120291|
3120292|
3120293|
3120294|
3120295|
3120320|
3120321|
3120322|
3120323|
3120324|
3120325|
3120326|
3120327|
3120352|
3120353|
3120354|
3120355|
3120356|
3120357|
3120358|
3120359|
3120384|
3120385|
3120386|
3120387|
3120388|
3120389|
3120390|
3120391|
3120416|
3120417|
3120418|
3120419|
3120420|
3120421|
3120422|
3120423|
3120448|
3120449|
3120450|
3120451|
3120452|
3120453|
3120454|
3120455|
3120480|
3120481|
3120482|
3120483|
3120484|
3120485|
3120486|
3120487|
3120512|
3120513|
3120514|
3120515|
3120516|
3120517|
3120518|
3120519|
3120544|
3120545|
3120546|
3120547|
3120548|
3120549|
3120550|
3120551|
3120576|
3120577|
3120578|
3120579|
3120580|
3120581|
3120582|
3120583|
3120608|
