4920323|
4920324|
4920325|
4920326|
4920327|
4920352|
4920353|
4920354|
4920355|
4920356|
4920357|
4920358|
4920359|
4920384|
4920385|
4920386|
4920387|
4920388|
4920389|
4920390|
4920391|
4920416|
4920417|
4920418|
4920419|
4920420|
4920421|
4920422|
4920423|
4920448|
4920449|
4920450|
4920451|
4920452|
4920453|
4920454|
4920455|
4920480|
4920481|
4920482|
4920483|
4920484|
4920485|
4920486|
4920487|
4920512|
4920513|
4920514|
4920515|
4920516|
4920517|
4920518|
4920519|
4920544|
4920545|
4920546|
4920547|
4920548|
4920549|
4920550|
4920551|
4920576|
4920577|
4920578|
4920579|
4920580|
4920581|
4920582|
4920583|
4920608|
4920609|
4920610|
4920611|
4920612|
4920613|
4920614|
4920615|
4920640|
4920641|
4920642|
4920643|
4920644|
4920645|
4920646|
4920647|
4920672|
4920673|
4920674|
4920675|
4920676|
4920677|
4920678|
4920679|
4920704|
4920705|
4920706|
4920707|
4920708|
4920709|
4920710|
