894780038|
894780039|
894780064|
894780065|
894780066|
894780067|
894780068|
894780069|
894780070|
894780071|
894780096|
894780097|
894780098|
894780099|
894780100|
894780101|
894780102|
894780103|
894780128|
894780129|
894780130|
894780131|
894780132|
894780133|
894780134|
894780135|
894780160|
894780161|
894780162|
894780163|
894780164|
894780165|
894780166|
894780167|
894780192|
894780193|
894780194|
894780195|
894780196|
894780197|
894780198|
894780199|
894780224|
894780225|
894780226|
894780227|
894780228|
894780229|
894780230|
894780231|
894780256|
894780257|
894780258|
894780259|
894780260|
894780261|
894780262|
894780263|
894780288|
894780289|
894780290|
894780291|
894780292|
894780293|
894780294|
894780295|
894780320|
894780321|
894780322|
894780323|
894780324|
894780325|
894780326|
894780327|
894780352|
894780353|
894780354|
894780355|
894780356|
894780357|
894780358|
894780359|
894780384|
894780385|
894780386|
894780387|
894780388|
894780389|
894780390|
894780391|
894780416|
894780417|
894780418|
894780419|
894780420|
894780421|
894780422|
894780423|
894780448|
894780449|
