448020260|
448020261|
448020262|
448020263|
448020288|
448020289|
448020290|
448020291|
448020292|
448020293|
448020294|
448020295|
448020320|
448020321|
448020322|
448020323|
448020324|
448020325|
448020326|
448020327|
448020352|
448020353|
448020354|
448020355|
448020356|
448020357|
448020358|
448020359|
448020384|
448020385|
448020386|
448020387|
448020388|
448020389|
448020390|
448020391|
448020416|
448020417|
448020418|
448020419|
448020420|
448020421|
448020422|
448020423|
448020448|
448020449|
448020450|
448020451|
448020452|
448020453|
448020454|
448020455|
448020480|
448020481|
448020482|
448020483|
448020484|
448020485|
448020486|
448020487|
448020512|
448020513|
448020514|
448020515|
448020516|
448020517|
448020518|
448020519|
448020544|
448020545|
448020546|
448020547|
448020548|
448020549|
448020550|
448020551|
448020576|
448020577|
448020578|
448020579|
448020580|
448020581|
448020582|
448020583|
448020608|
448020609|
448020610|
448020611|
448020612|
448020613|
448020614|
448020615|
448020640|
448020641|
448020642|
448020643|
448020644|
448020645|
448020646|
448020647|
