449760385|
449760386|
449760387|
449760388|
449760389|
449760390|
449760391|
449760416|
449760417|
449760418|
449760419|
449760420|
449760421|
449760422|
449760423|
449760448|
449760449|
449760450|
449760451|
449760452|
449760453|
449760454|
449760455|
449760480|
449760481|
449760482|
449760483|
449760484|
449760485|
449760486|
449760487|
449760512|
449760513|
449760514|
449760515|
449760516|
449760517|
449760518|
449760519|
449760544|
449760545|
449760546|
449760547|
449760548|
449760549|
449760550|
449760551|
449760576|
449760577|
449760578|
449760579|
449760580|
449760581|
449760582|
449760583|
449760608|
449760609|
449760610|
449760611|
449760612|
449760613|
449760614|
449760615|
449760640|
449760641|
449760642|
449760643|
449760644|
449760645|
449760646|
449760647|
449760672|
449760673|
449760674|
449760675|
449760676|
449760677|
449760678|
449760679|
449760704|
449760705|
449760706|
449760707|
449760708|
449760709|
449760710|
449760711|
449760736|
449760737|
449760738|
449760739|
449760740|
449760741|
449760742|
449760743|
449760768|
449760769|
449760770|
449760771|
449760772|
