896580164|
896580165|
896580166|
896580167|
896580192|
896580193|
896580194|
896580195|
896580196|
896580197|
896580198|
896580199|
896580224|
896580225|
896580226|
896580227|
896580228|
896580229|
896580230|
896580231|
896580256|
896580257|
896580258|
896580259|
896580260|
896580261|
896580262|
896580263|
896580288|
896580289|
896580290|
896580291|
896580292|
896580293|
896580294|
896580295|
896580320|
896580321|
896580322|
896580323|
896580324|
896580325|
896580326|
896580327|
896580352|
896580353|
896580354|
896580355|
896580356|
896580357|
896580358|
896580359|
896580384|
896580385|
896580386|
896580387|
896580388|
896580389|
896580390|
896580391|
896580416|
896580417|
896580418|
896580419|
896580420|
896580421|
896580422|
896580423|
896580448|
896580449|
896580450|
896580451|
896580452|
896580453|
896580454|
896580455|
896580480|
896580481|
896580482|
896580483|
896580484|
896580485|
896580486|
896580487|
896580512|
896580513|
896580514|
896580515|
896580516|
896580517|
896580518|
896580519|
896580544|
896580545|
896580546|
896580547|
896580548|
896580549|
896580550|
896580551|
