894720037|
894720038|
894720039|
894720064|
894720065|
894720066|
894720067|
894720068|
894720069|
894720070|
894720071|
894720096|
894720097|
894720098|
894720099|
894720100|
894720101|
894720102|
894720103|
894720128|
894720129|
894720130|
894720131|
894720132|
894720133|
894720134|
894720135|
894720160|
894720161|
894720162|
894720163|
894720164|
894720165|
894720166|
894720167|
894720192|
894720193|
894720194|
894720195|
894720196|
894720197|
894720198|
894720199|
894720224|
894720225|
894720226|
894720227|
894720228|
894720229|
894720230|
894720231|
894720256|
894720257|
894720258|
894720259|
894720260|
894720261|
894720262|
894720263|
894720288|
894720289|
894720290|
894720291|
894720292|
894720293|
894720294|
894720295|
894720320|
894720321|
894720322|
894720323|
894720324|
894720325|
894720326|
894720327|
894720352|
894720353|
894720354|
894720355|
894720356|
894720357|
894720358|
894720359|
894720384|
894720385|
894720386|
894720387|
894720388|
894720389|
894720390|
894720391|
894720416|
894720417|
894720418|
894720419|
894720420|
894720421|
894720422|
894720423|
894720448|
