899820386|
899820387|
899820388|
899820389|
899820390|
899820391|
899820416|
899820417|
899820418|
899820419|
899820420|
899820421|
899820422|
899820423|
899820448|
899820449|
899820450|
899820451|
899820452|
899820453|
899820454|
899820455|
899820480|
899820481|
899820482|
899820483|
899820484|
899820485|
899820486|
899820487|
899820512|
899820513|
899820514|
899820515|
899820516|
899820517|
899820518|
899820519|
899820544|
899820545|
899820546|
899820547|
899820548|
899820549|
899820550|
899820551|
899820576|
899820577|
899820578|
899820579|
899820580|
899820581|
899820582|
899820583|
899820608|
899820609|
899820610|
899820611|
899820612|
899820613|
899820614|
899820615|
899820640|
899820641|
899820642|
899820643|
899820644|
899820645|
899820646|
899820647|
899820672|
899820673|
899820674|
899820675|
899820676|
899820677|
899820678|
899820679|
899820704|
899820705|
899820706|
899820707|
899820708|
899820709|
899820710|
899820711|
899820736|
899820737|
899820738|
899820739|
899820740|
899820741|
899820742|
899820743|
899820768|
899820769|
899820770|
899820771|
899820772|
899820773|
