444660036|
444660037|
444660038|
444660039|
444660064|
444660065|
444660066|
444660067|
444660068|
444660069|
444660070|
444660071|
444660096|
444660097|
444660098|
444660099|
444660100|
444660101|
444660102|
444660103|
444660128|
444660129|
444660130|
444660131|
444660132|
444660133|
444660134|
444660135|
444660160|
444660161|
444660162|
444660163|
444660164|
444660165|
444660166|
444660167|
444660192|
444660193|
444660194|
444660195|
444660196|
444660197|
444660198|
444660199|
444660224|
444660225|
444660226|
444660227|
444660228|
444660229|
444660230|
444660231|
444660256|
444660257|
444660258|
444660259|
444660260|
444660261|
444660262|
444660263|
444660288|
444660289|
444660290|
444660291|
444660292|
444660293|
444660294|
444660295|
444660320|
444660321|
444660322|
444660323|
444660324|
444660325|
444660326|
444660327|
444660352|
444660353|
444660354|
444660355|
444660356|
444660357|
444660358|
444660359|
444660384|
444660385|
444660386|
444660387|
444660388|
444660389|
444660390|
444660391|
444660416|
444660417|
444660418|
444660419|
444660420|
444660421|
444660422|
444660423|
