898380290|
898380291|
898380292|
898380293|
898380294|
898380295|
898380320|
898380321|
898380322|
898380323|
898380324|
898380325|
898380326|
898380327|
898380352|
898380353|
898380354|
898380355|
898380356|
898380357|
898380358|
898380359|
898380384|
898380385|
898380386|
898380387|
898380388|
898380389|
898380390|
898380391|
898380416|
898380417|
898380418|
898380419|
898380420|
898380421|
898380422|
898380423|
898380448|
898380449|
898380450|
898380451|
898380452|
898380453|
898380454|
898380455|
898380480|
898380481|
898380482|
898380483|
898380484|
898380485|
898380486|
898380487|
898380512|
898380513|
898380514|
898380515|
898380516|
898380517|
898380518|
898380519|
898380544|
898380545|
898380546|
898380547|
898380548|
898380549|
898380550|
898380551|
898380576|
898380577|
898380578|
898380579|
898380580|
898380581|
898380582|
898380583|
898380608|
898380609|
898380610|
898380611|
898380612|
898380613|
898380614|
898380615|
898380640|
898380641|
898380642|
898380643|
898380644|
898380645|
898380646|
898380647|
898380672|
898380673|
898380674|
898380675|
898380676|
898380677|
