3600229|
3600230|
3600231|
3600256|
3600257|
3600258|
3600259|
3600260|
3600261|
3600262|
3600263|
3600288|
3600289|
3600290|
3600291|
3600292|
3600293|
3600294|
3600295|
3600320|
3600321|
3600322|
3600323|
3600324|
3600325|
3600326|
3600327|
3600352|
3600353|
3600354|
3600355|
3600356|
3600357|
3600358|
3600359|
3600384|
3600385|
3600386|
3600387|
3600388|
3600389|
3600390|
3600391|
3600416|
3600417|
3600418|
3600419|
3600420|
3600421|
3600422|
3600423|
3600448|
3600449|
3600450|
3600451|
3600452|
3600453|
3600454|
3600455|
3600480|
3600481|
3600482|
3600483|
3600484|
3600485|
3600486|
3600487|
3600512|
3600513|
3600514|
3600515|
3600516|
3600517|
3600518|
3600519|
3600544|
3600545|
3600546|
3600547|
3600548|
3600549|
3600550|
3600551|
3600576|
3600577|
3600578|
3600579|
3600580|
3600581|
3600582|
3600583|
3600608|
3600609|
3600610|
3600611|
3600612|
3600613|
3600614|
3600615|
3600640|
