448980324|
448980325|
448980326|
448980327|
448980352|
448980353|
448980354|
448980355|
448980356|
448980357|
448980358|
448980359|
448980384|
448980385|
448980386|
448980387|
448980388|
448980389|
448980390|
448980391|
448980416|
448980417|
448980418|
448980419|
448980420|
448980421|
448980422|
448980423|
448980448|
448980449|
448980450|
448980451|
448980452|
448980453|
448980454|
448980455|
448980480|
448980481|
448980482|
448980483|
448980484|
448980485|
448980486|
448980487|
448980512|
448980513|
448980514|
448980515|
448980516|
448980517|
448980518|
448980519|
448980544|
448980545|
448980546|
448980547|
448980548|
448980549|
448980550|
448980551|
448980576|
448980577|
448980578|
448980579|
448980580|
448980581|
448980582|
448980583|
448980608|
448980609|
448980610|
448980611|
448980612|
448980613|
448980614|
448980615|
448980640|
448980641|
448980642|
448980643|
448980644|
448980645|
448980646|
448980647|
448980672|
448980673|
448980674|
448980675|
448980676|
448980677|
448980678|
448980679|
448980704|
448980705|
448980706|
448980707|
448980708|
448980709|
448980710|
448980711|
