896700166|
896700167|
896700192|
896700193|
896700194|
896700195|
896700196|
896700197|
896700198|
896700199|
896700224|
896700225|
896700226|
896700227|
896700228|
896700229|
896700230|
896700231|
896700256|
896700257|
896700258|
896700259|
896700260|
896700261|
896700262|
896700263|
896700288|
896700289|
896700290|
896700291|
896700292|
896700293|
896700294|
896700295|
896700320|
896700321|
896700322|
896700323|
896700324|
896700325|
896700326|
896700327|
896700352|
896700353|
896700354|
896700355|
896700356|
896700357|
896700358|
896700359|
896700384|
896700385|
896700386|
896700387|
896700388|
896700389|
896700390|
896700391|
896700416|
896700417|
896700418|
896700419|
896700420|
896700421|
896700422|
896700423|
896700448|
896700449|
896700450|
896700451|
896700452|
896700453|
896700454|
896700455|
896700480|
896700481|
896700482|
896700483|
896700484|
896700485|
896700486|
896700487|
896700512|
896700513|
896700514|
896700515|
896700516|
896700517|
896700518|
896700519|
896700544|
896700545|
896700546|
896700547|
896700548|
896700549|
896700550|
896700551|
896700576|
896700577|
