446760167|
446760192|
446760193|
446760194|
446760195|
446760196|
446760197|
446760198|
446760199|
446760224|
446760225|
446760226|
446760227|
446760228|
446760229|
446760230|
446760231|
446760256|
446760257|
446760258|
446760259|
446760260|
446760261|
446760262|
446760263|
446760288|
446760289|
446760290|
446760291|
446760292|
446760293|
446760294|
446760295|
446760320|
446760321|
446760322|
446760323|
446760324|
446760325|
446760326|
446760327|
446760352|
446760353|
446760354|
446760355|
446760356|
446760357|
446760358|
446760359|
446760384|
446760385|
446760386|
446760387|
446760388|
446760389|
446760390|
446760391|
446760416|
446760417|
446760418|
446760419|
446760420|
446760421|
446760422|
446760423|
446760448|
446760449|
446760450|
446760451|
446760452|
446760453|
446760454|
446760455|
446760480|
446760481|
446760482|
446760483|
446760484|
446760485|
446760486|
446760487|
446760512|
446760513|
446760514|
446760515|
446760516|
446760517|
446760518|
446760519|
446760544|
446760545|
446760546|
446760547|
446760548|
446760549|
446760550|
446760551|
446760576|
446760577|
446760578|
