3360225|
3360226|
3360227|
3360228|
3360229|
3360230|
3360231|
3360256|
3360257|
3360258|
3360259|
3360260|
3360261|
3360262|
3360263|
3360288|
3360289|
3360290|
3360291|
3360292|
3360293|
3360294|
3360295|
3360320|
3360321|
3360322|
3360323|
3360324|
3360325|
3360326|
3360327|
3360352|
3360353|
3360354|
3360355|
3360356|
3360357|
3360358|
3360359|
3360384|
3360385|
3360386|
3360387|
3360388|
3360389|
3360390|
3360391|
3360416|
3360417|
3360418|
3360419|
3360420|
3360421|
3360422|
3360423|
3360448|
3360449|
3360450|
3360451|
3360452|
3360453|
3360454|
3360455|
3360480|
3360481|
3360482|
3360483|
3360484|
3360485|
3360486|
3360487|
3360512|
3360513|
3360514|
3360515|
3360516|
3360517|
3360518|
3360519|
3360544|
3360545|
3360546|
3360547|
3360548|
3360549|
3360550|
3360551|
3360576|
3360577|
3360578|
3360579|
3360580|
3360581|
3360582|
3360583|
3360608|
3360609|
3360610|
3360611|
3360612|
