444540034|
444540035|
444540036|
444540037|
444540038|
444540039|
444540064|
444540065|
444540066|
444540067|
444540068|
444540069|
444540070|
444540071|
444540096|
444540097|
444540098|
444540099|
444540100|
444540101|
444540102|
444540103|
444540128|
444540129|
444540130|
444540131|
444540132|
444540133|
444540134|
444540135|
444540160|
444540161|
444540162|
444540163|
444540164|
444540165|
444540166|
444540167|
444540192|
444540193|
444540194|
444540195|
444540196|
444540197|
444540198|
444540199|
444540224|
444540225|
444540226|
444540227|
444540228|
444540229|
444540230|
444540231|
444540256|
444540257|
444540258|
444540259|
444540260|
444540261|
444540262|
444540263|
444540288|
444540289|
444540290|
444540291|
444540292|
444540293|
444540294|
444540295|
444540320|
444540321|
444540322|
444540323|
444540324|
444540325|
444540326|
444540327|
444540352|
444540353|
444540354|
444540355|
444540356|
444540357|
444540358|
444540359|
444540384|
444540385|
444540386|
444540387|
444540388|
444540389|
444540390|
444540391|
444540416|
444540417|
444540418|
444540419|
444540420|
444540421|
