1560099|
1560100|
1560101|
1560102|
1560103|
1560128|
1560129|
1560130|
1560131|
1560132|
1560133|
1560134|
1560135|
1560160|
1560161|
1560162|
1560163|
1560164|
1560165|
1560166|
1560167|
1560192|
1560193|
1560194|
1560195|
1560196|
1560197|
1560198|
1560199|
1560224|
1560225|
1560226|
1560227|
1560228|
1560229|
1560230|
1560231|
1560256|
1560257|
1560258|
1560259|
1560260|
1560261|
1560262|
1560263|
1560288|
1560289|
1560290|
1560291|
1560292|
1560293|
1560294|
1560295|
1560320|
1560321|
1560322|
1560323|
1560324|
1560325|
1560326|
1560327|
1560352|
1560353|
1560354|
1560355|
1560356|
1560357|
1560358|
1560359|
1560384|
1560385|
1560386|
1560387|
1560388|
1560389|
1560390|
1560391|
1560416|
1560417|
1560418|
1560419|
1560420|
1560421|
1560422|
1560423|
1560448|
1560449|
1560450|
1560451|
1560452|
1560453|
1560454|
1560455|
1560480|
1560481|
1560482|
1560483|
1560484|
1560485|
1560486|
