3900258|
3900259|
3900260|
3900261|
3900262|
3900263|
3900288|
3900289|
3900290|
3900291|
3900292|
3900293|
3900294|
3900295|
3900320|
3900321|
3900322|
3900323|
3900324|
3900325|
3900326|
3900327|
3900352|
3900353|
3900354|
3900355|
3900356|
3900357|
3900358|
3900359|
3900384|
3900385|
3900386|
3900387|
3900388|
3900389|
3900390|
3900391|
3900416|
3900417|
3900418|
3900419|
3900420|
3900421|
3900422|
3900423|
3900448|
3900449|
3900450|
3900451|
3900452|
3900453|
3900454|
3900455|
3900480|
3900481|
3900482|
3900483|
3900484|
3900485|
3900486|
3900487|
3900512|
3900513|
3900514|
3900515|
3900516|
3900517|
3900518|
3900519|
3900544|
3900545|
3900546|
3900547|
3900548|
3900549|
3900550|
3900551|
3900576|
3900577|
3900578|
3900579|
3900580|
3900581|
3900582|
3900583|
3900608|
3900609|
3900610|
3900611|
3900612|
3900613|
3900614|
3900615|
3900640|
3900641|
3900642|
3900643|
3900644|
3900645|
