445200069|
445200070|
445200071|
445200096|
445200097|
445200098|
445200099|
445200100|
445200101|
445200102|
445200103|
445200128|
445200129|
445200130|
445200131|
445200132|
445200133|
445200134|
445200135|
445200160|
445200161|
445200162|
445200163|
445200164|
445200165|
445200166|
445200167|
445200192|
445200193|
445200194|
445200195|
445200196|
445200197|
445200198|
445200199|
445200224|
445200225|
445200226|
445200227|
445200228|
445200229|
445200230|
445200231|
445200256|
445200257|
445200258|
445200259|
445200260|
445200261|
445200262|
445200263|
445200288|
445200289|
445200290|
445200291|
445200292|
445200293|
445200294|
445200295|
445200320|
445200321|
445200322|
445200323|
445200324|
445200325|
445200326|
445200327|
445200352|
445200353|
445200354|
445200355|
445200356|
445200357|
445200358|
445200359|
445200384|
445200385|
445200386|
445200387|
445200388|
445200389|
445200390|
445200391|
445200416|
445200417|
445200418|
445200419|
445200420|
445200421|
445200422|
445200423|
445200448|
445200449|
445200450|
445200451|
445200452|
445200453|
445200454|
445200455|
445200480|
