446940194|
446940195|
446940196|
446940197|
446940198|
446940199|
446940224|
446940225|
446940226|
446940227|
446940228|
446940229|
446940230|
446940231|
446940256|
446940257|
446940258|
446940259|
446940260|
446940261|
446940262|
446940263|
446940288|
446940289|
446940290|
446940291|
446940292|
446940293|
446940294|
446940295|
446940320|
446940321|
446940322|
446940323|
446940324|
446940325|
446940326|
446940327|
446940352|
446940353|
446940354|
446940355|
446940356|
446940357|
446940358|
446940359|
446940384|
446940385|
446940386|
446940387|
446940388|
446940389|
446940390|
446940391|
446940416|
446940417|
446940418|
446940419|
446940420|
446940421|
446940422|
446940423|
446940448|
446940449|
446940450|
446940451|
446940452|
446940453|
446940454|
446940455|
446940480|
446940481|
446940482|
446940483|
446940484|
446940485|
446940486|
446940487|
446940512|
446940513|
446940514|
446940515|
446940516|
446940517|
446940518|
446940519|
446940544|
446940545|
446940546|
446940547|
446940548|
446940549|
446940550|
446940551|
446940576|
446940577|
446940578|
446940579|
446940580|
446940581|
