5640359|
5640384|
5640385|
5640386|
5640387|
5640388|
5640389|
5640390|
5640391|
5640416|
5640417|
5640418|
5640419|
5640420|
5640421|
5640422|
5640423|
5640448|
5640449|
5640450|
5640451|
5640452|
5640453|
5640454|
5640455|
5640480|
5640481|
5640482|
5640483|
5640484|
5640485|
5640486|
5640487|
5640512|
5640513|
5640514|
5640515|
5640516|
5640517|
5640518|
5640519|
5640544|
5640545|
5640546|
5640547|
5640548|
5640549|
5640550|
5640551|
5640576|
5640577|
5640578|
5640579|
5640580|
5640581|
5640582|
5640583|
5640608|
5640609|
5640610|
5640611|
5640612|
5640613|
5640614|
5640615|
5640640|
5640641|
5640642|
5640643|
5640644|
5640645|
5640646|
5640647|
5640672|
5640673|
5640674|
5640675|
5640676|
5640677|
5640678|
5640679|
5640704|
5640705|
5640706|
5640707|
5640708|
5640709|
5640710|
5640711|
5640736|
5640737|
5640738|
5640739|
5640740|
5640741|
5640742|
5640743|
5640768|
5640769|
5640770|
