3840257|
3840258|
3840259|
3840260|
3840261|
3840262|
3840263|
3840288|
3840289|
3840290|
3840291|
3840292|
3840293|
3840294|
3840295|
3840320|
3840321|
3840322|
3840323|
3840324|
3840325|
3840326|
3840327|
3840352|
3840353|
3840354|
3840355|
3840356|
3840357|
3840358|
3840359|
3840384|
3840385|
3840386|
3840387|
3840388|
3840389|
3840390|
3840391|
3840416|
3840417|
3840418|
3840419|
3840420|
3840421|
3840422|
3840423|
3840448|
3840449|
3840450|
3840451|
3840452|
3840453|
3840454|
3840455|
3840480|
3840481|
3840482|
3840483|
3840484|
3840485|
3840486|
3840487|
3840512|
3840513|
3840514|
3840515|
3840516|
3840517|
3840518|
3840519|
3840544|
3840545|
3840546|
3840547|
3840548|
3840549|
3840550|
3840551|
3840576|
3840577|
3840578|
3840579|
3840580|
3840581|
3840582|
3840583|
3840608|
3840609|
3840610|
3840611|
3840612|
3840613|
3840614|
3840615|
3840640|
3840641|
3840642|
3840643|
3840644|
