898680295|
898680320|
898680321|
898680322|
898680323|
898680324|
898680325|
898680326|
898680327|
898680352|
898680353|
898680354|
898680355|
898680356|
898680357|
898680358|
898680359|
898680384|
898680385|
898680386|
898680387|
898680388|
898680389|
898680390|
898680391|
898680416|
898680417|
898680418|
898680419|
898680420|
898680421|
898680422|
898680423|
898680448|
898680449|
898680450|
898680451|
898680452|
898680453|
898680454|
898680455|
898680480|
898680481|
898680482|
898680483|
898680484|
898680485|
898680486|
898680487|
898680512|
898680513|
898680514|
898680515|
898680516|
898680517|
898680518|
898680519|
898680544|
898680545|
898680546|
898680547|
898680548|
898680549|
898680550|
898680551|
898680576|
898680577|
898680578|
898680579|
898680580|
898680581|
898680582|
898680583|
898680608|
898680609|
898680610|
898680611|
898680612|
898680613|
898680614|
898680615|
898680640|
898680641|
898680642|
898680643|
898680644|
898680645|
898680646|
898680647|
898680672|
898680673|
898680674|
898680675|
898680676|
898680677|
898680678|
898680679|
898680704|
898680705|
898680706|
