447420226|
447420227|
447420228|
447420229|
447420230|
447420231|
447420256|
447420257|
447420258|
447420259|
447420260|
447420261|
447420262|
447420263|
447420288|
447420289|
447420290|
447420291|
447420292|
447420293|
447420294|
447420295|
447420320|
447420321|
447420322|
447420323|
447420324|
447420325|
447420326|
447420327|
447420352|
447420353|
447420354|
447420355|
447420356|
447420357|
447420358|
447420359|
447420384|
447420385|
447420386|
447420387|
447420388|
447420389|
447420390|
447420391|
447420416|
447420417|
447420418|
447420419|
447420420|
447420421|
447420422|
447420423|
447420448|
447420449|
447420450|
447420451|
447420452|
447420453|
447420454|
447420455|
447420480|
447420481|
447420482|
447420483|
447420484|
447420485|
447420486|
447420487|
447420512|
447420513|
447420514|
447420515|
447420516|
447420517|
447420518|
447420519|
447420544|
447420545|
447420546|
447420547|
447420548|
447420549|
447420550|
447420551|
447420576|
447420577|
447420578|
447420579|
447420580|
447420581|
447420582|
447420583|
447420608|
447420609|
447420610|
447420611|
447420612|
447420613|
