447240199|
447240224|
447240225|
447240226|
447240227|
447240228|
447240229|
447240230|
447240231|
447240256|
447240257|
447240258|
447240259|
447240260|
447240261|
447240262|
447240263|
447240288|
447240289|
447240290|
447240291|
447240292|
447240293|
447240294|
447240295|
447240320|
447240321|
447240322|
447240323|
447240324|
447240325|
447240326|
447240327|
447240352|
447240353|
447240354|
447240355|
447240356|
447240357|
447240358|
447240359|
447240384|
447240385|
447240386|
447240387|
447240388|
447240389|
447240390|
447240391|
447240416|
447240417|
447240418|
447240419|
447240420|
447240421|
447240422|
447240423|
447240448|
447240449|
447240450|
447240451|
447240452|
447240453|
447240454|
447240455|
447240480|
447240481|
447240482|
447240483|
447240484|
447240485|
447240486|
447240487|
447240512|
447240513|
447240514|
447240515|
447240516|
447240517|
447240518|
447240519|
447240544|
447240545|
447240546|
447240547|
447240548|
447240549|
447240550|
447240551|
447240576|
447240577|
447240578|
447240579|
447240580|
447240581|
447240582|
447240583|
447240608|
447240609|
447240610|
