899940388|
899940389|
899940390|
899940391|
899940416|
899940417|
899940418|
899940419|
899940420|
899940421|
899940422|
899940423|
899940448|
899940449|
899940450|
899940451|
899940452|
899940453|
899940454|
899940455|
899940480|
899940481|
899940482|
899940483|
899940484|
899940485|
899940486|
899940487|
899940512|
899940513|
899940514|
899940515|
899940516|
899940517|
899940518|
899940519|
899940544|
899940545|
899940546|
899940547|
899940548|
899940549|
899940550|
899940551|
899940576|
899940577|
899940578|
899940579|
899940580|
899940581|
899940582|
899940583|
899940608|
899940609|
899940610|
899940611|
899940612|
899940613|
899940614|
899940615|
899940640|
899940641|
899940642|
899940643|
899940644|
899940645|
899940646|
899940647|
899940672|
899940673|
899940674|
899940675|
899940676|
899940677|
899940678|
899940679|
899940704|
899940705|
899940706|
899940707|
899940708|
899940709|
899940710|
899940711|
899940736|
899940737|
899940738|
899940739|
899940740|
899940741|
899940742|
899940743|
899940768|
899940769|
899940770|
899940771|
899940772|
899940773|
899940774|
899940775|
