895920129|
895920130|
895920131|
895920132|
895920133|
895920134|
895920135|
895920160|
895920161|
895920162|
895920163|
895920164|
895920165|
895920166|
895920167|
895920192|
895920193|
895920194|
895920195|
895920196|
895920197|
895920198|
895920199|
895920224|
895920225|
895920226|
895920227|
895920228|
895920229|
895920230|
895920231|
895920256|
895920257|
895920258|
895920259|
895920260|
895920261|
895920262|
895920263|
895920288|
895920289|
895920290|
895920291|
895920292|
895920293|
895920294|
895920295|
895920320|
895920321|
895920322|
895920323|
895920324|
895920325|
895920326|
895920327|
895920352|
895920353|
895920354|
895920355|
895920356|
895920357|
895920358|
895920359|
895920384|
895920385|
895920386|
895920387|
895920388|
895920389|
895920390|
895920391|
895920416|
895920417|
895920418|
895920419|
895920420|
895920421|
895920422|
895920423|
895920448|
895920449|
895920450|
895920451|
895920452|
895920453|
895920454|
895920455|
895920480|
895920481|
895920482|
895920483|
895920484|
895920485|
895920486|
895920487|
895920512|
895920513|
895920514|
895920515|
895920516|
