448620294|
448620295|
448620320|
448620321|
448620322|
448620323|
448620324|
448620325|
448620326|
448620327|
448620352|
448620353|
448620354|
448620355|
448620356|
448620357|
448620358|
448620359|
448620384|
448620385|
448620386|
448620387|
448620388|
448620389|
448620390|
448620391|
448620416|
448620417|
448620418|
448620419|
448620420|
448620421|
448620422|
448620423|
448620448|
448620449|
448620450|
448620451|
448620452|
448620453|
448620454|
448620455|
448620480|
448620481|
448620482|
448620483|
448620484|
448620485|
448620486|
448620487|
448620512|
448620513|
448620514|
448620515|
448620516|
448620517|
448620518|
448620519|
448620544|
448620545|
448620546|
448620547|
448620548|
448620549|
448620550|
448620551|
448620576|
448620577|
448620578|
448620579|
448620580|
448620581|
448620582|
448620583|
448620608|
448620609|
448620610|
448620611|
448620612|
448620613|
448620614|
448620615|
448620640|
448620641|
448620642|
448620643|
448620644|
448620645|
448620646|
448620647|
448620672|
448620673|
448620674|
448620675|
448620676|
448620677|
448620678|
448620679|
448620704|
448620705|
