447660230|
447660231|
447660256|
447660257|
447660258|
447660259|
447660260|
447660261|
447660262|
447660263|
447660288|
447660289|
447660290|
447660291|
447660292|
447660293|
447660294|
447660295|
447660320|
447660321|
447660322|
447660323|
447660324|
447660325|
447660326|
447660327|
447660352|
447660353|
447660354|
447660355|
447660356|
447660357|
447660358|
447660359|
447660384|
447660385|
447660386|
447660387|
447660388|
447660389|
447660390|
447660391|
447660416|
447660417|
447660418|
447660419|
447660420|
447660421|
447660422|
447660423|
447660448|
447660449|
447660450|
447660451|
447660452|
447660453|
447660454|
447660455|
447660480|
447660481|
447660482|
447660483|
447660484|
447660485|
447660486|
447660487|
447660512|
447660513|
447660514|
447660515|
447660516|
447660517|
447660518|
447660519|
447660544|
447660545|
447660546|
447660547|
447660548|
447660549|
447660550|
447660551|
447660576|
447660577|
447660578|
447660579|
447660580|
447660581|
447660582|
447660583|
447660608|
447660609|
447660610|
447660611|
447660612|
447660613|
447660614|
447660615|
447660640|
447660641|
