445740102|
445740103|
445740128|
445740129|
445740130|
445740131|
445740132|
445740133|
445740134|
445740135|
445740160|
445740161|
445740162|
445740163|
445740164|
445740165|
445740166|
445740167|
445740192|
445740193|
445740194|
445740195|
445740196|
445740197|
445740198|
445740199|
445740224|
445740225|
445740226|
445740227|
445740228|
445740229|
445740230|
445740231|
445740256|
445740257|
445740258|
445740259|
445740260|
445740261|
445740262|
445740263|
445740288|
445740289|
445740290|
445740291|
445740292|
445740293|
445740294|
445740295|
445740320|
445740321|
445740322|
445740323|
445740324|
445740325|
445740326|
445740327|
445740352|
445740353|
445740354|
445740355|
445740356|
445740357|
445740358|
445740359|
445740384|
445740385|
445740386|
445740387|
445740388|
445740389|
445740390|
445740391|
445740416|
445740417|
445740418|
445740419|
445740420|
445740421|
445740422|
445740423|
445740448|
445740449|
445740450|
445740451|
445740452|
445740453|
445740454|
445740455|
445740480|
445740481|
445740482|
445740483|
445740484|
445740485|
445740486|
445740487|
445740512|
445740513|
