895620100|
895620101|
895620102|
895620103|
895620128|
895620129|
895620130|
895620131|
895620132|
895620133|
895620134|
895620135|
895620160|
895620161|
895620162|
895620163|
895620164|
895620165|
895620166|
895620167|
895620192|
895620193|
895620194|
895620195|
895620196|
895620197|
895620198|
895620199|
895620224|
895620225|
895620226|
895620227|
895620228|
895620229|
895620230|
895620231|
895620256|
895620257|
895620258|
895620259|
895620260|
895620261|
895620262|
895620263|
895620288|
895620289|
895620290|
895620291|
895620292|
895620293|
895620294|
895620295|
895620320|
895620321|
895620322|
895620323|
895620324|
895620325|
895620326|
895620327|
895620352|
895620353|
895620354|
895620355|
895620356|
895620357|
895620358|
895620359|
895620384|
895620385|
895620386|
895620387|
895620388|
895620389|
895620390|
895620391|
895620416|
895620417|
895620418|
895620419|
895620420|
895620421|
895620422|
895620423|
895620448|
895620449|
895620450|
895620451|
895620452|
895620453|
895620454|
895620455|
895620480|
895620481|
895620482|
895620483|
895620484|
895620485|
895620486|
895620487|
