448380290|
448380291|
448380292|
448380293|
448380294|
448380295|
448380320|
448380321|
448380322|
448380323|
448380324|
448380325|
448380326|
448380327|
448380352|
448380353|
448380354|
448380355|
448380356|
448380357|
448380358|
448380359|
448380384|
448380385|
448380386|
448380387|
448380388|
448380389|
448380390|
448380391|
448380416|
448380417|
448380418|
448380419|
448380420|
448380421|
448380422|
448380423|
448380448|
448380449|
448380450|
448380451|
448380452|
448380453|
448380454|
448380455|
448380480|
448380481|
448380482|
448380483|
448380484|
448380485|
448380486|
448380487|
448380512|
448380513|
448380514|
448380515|
448380516|
448380517|
448380518|
448380519|
448380544|
448380545|
448380546|
448380547|
448380548|
448380549|
448380550|
448380551|
448380576|
448380577|
448380578|
448380579|
448380580|
448380581|
448380582|
448380583|
448380608|
448380609|
448380610|
448380611|
448380612|
448380613|
448380614|
448380615|
448380640|
448380641|
448380642|
448380643|
448380644|
448380645|
448380646|
448380647|
448380672|
448380673|
448380674|
448380675|
448380676|
448380677|
