896640165|
896640166|
896640167|
896640192|
896640193|
896640194|
896640195|
896640196|
896640197|
896640198|
896640199|
896640224|
896640225|
896640226|
896640227|
896640228|
896640229|
896640230|
896640231|
896640256|
896640257|
896640258|
896640259|
896640260|
896640261|
896640262|
896640263|
896640288|
896640289|
896640290|
896640291|
896640292|
896640293|
896640294|
896640295|
896640320|
896640321|
896640322|
896640323|
896640324|
896640325|
896640326|
896640327|
896640352|
896640353|
896640354|
896640355|
896640356|
896640357|
896640358|
896640359|
896640384|
896640385|
896640386|
896640387|
896640388|
896640389|
896640390|
896640391|
896640416|
896640417|
896640418|
896640419|
896640420|
896640421|
896640422|
896640423|
896640448|
896640449|
896640450|
896640451|
896640452|
896640453|
896640454|
896640455|
896640480|
896640481|
896640482|
896640483|
896640484|
896640485|
896640486|
896640487|
896640512|
896640513|
896640514|
896640515|
896640516|
896640517|
896640518|
896640519|
896640544|
896640545|
896640546|
896640547|
896640548|
896640549|
896640550|
896640551|
896640576|
