960065|
960066|
960067|
960068|
960069|
960070|
960071|
960096|
960097|
960098|
960099|
960100|
960101|
960102|
960103|
960128|
960129|
960130|
960131|
960132|
960133|
960134|
960135|
960160|
960161|
960162|
960163|
960164|
960165|
960166|
960167|
960192|
960193|
960194|
960195|
960196|
960197|
960198|
960199|
960224|
960225|
960226|
960227|
960228|
960229|
960230|
960231|
960256|
960257|
960258|
960259|
960260|
960261|
960262|
960263|
960288|
960289|
960290|
960291|
960292|
960293|
960294|
960295|
960320|
960321|
960322|
960323|
960324|
960325|
960326|
960327|
960352|
960353|
960354|
960355|
960356|
960357|
960358|
960359|
960384|
960385|
960386|
960387|
960388|
960389|
960390|
960391|
960416|
960417|
960418|
960419|
960420|
960421|
960422|
960423|
960448|
960449|
960450|
960451|
960452|
