446520163|
446520164|
446520165|
446520166|
446520167|
446520192|
446520193|
446520194|
446520195|
446520196|
446520197|
446520198|
446520199|
446520224|
446520225|
446520226|
446520227|
446520228|
446520229|
446520230|
446520231|
446520256|
446520257|
446520258|
446520259|
446520260|
446520261|
446520262|
446520263|
446520288|
446520289|
446520290|
446520291|
446520292|
446520293|
446520294|
446520295|
446520320|
446520321|
446520322|
446520323|
446520324|
446520325|
446520326|
446520327|
446520352|
446520353|
446520354|
446520355|
446520356|
446520357|
446520358|
446520359|
446520384|
446520385|
446520386|
446520387|
446520388|
446520389|
446520390|
446520391|
446520416|
446520417|
446520418|
446520419|
446520420|
446520421|
446520422|
446520423|
446520448|
446520449|
446520450|
446520451|
446520452|
446520453|
446520454|
446520455|
446520480|
446520481|
446520482|
446520483|
446520484|
446520485|
446520486|
446520487|
446520512|
446520513|
446520514|
446520515|
446520516|
446520517|
446520518|
446520519|
446520544|
446520545|
446520546|
446520547|
446520548|
446520549|
446520550|
