3240199|
3240224|
3240225|
3240226|
3240227|
3240228|
3240229|
3240230|
3240231|
3240256|
3240257|
3240258|
3240259|
3240260|
3240261|
3240262|
3240263|
3240288|
3240289|
3240290|
3240291|
3240292|
3240293|
3240294|
3240295|
3240320|
3240321|
3240322|
3240323|
3240324|
3240325|
3240326|
3240327|
3240352|
3240353|
3240354|
3240355|
3240356|
3240357|
3240358|
3240359|
3240384|
3240385|
3240386|
3240387|
3240388|
3240389|
3240390|
3240391|
3240416|
3240417|
3240418|
3240419|
3240420|
3240421|
3240422|
3240423|
3240448|
3240449|
3240450|
3240451|
3240452|
3240453|
3240454|
3240455|
3240480|
3240481|
3240482|
3240483|
3240484|
3240485|
3240486|
3240487|
3240512|
3240513|
3240514|
3240515|
3240516|
3240517|
3240518|
3240519|
3240544|
3240545|
3240546|
3240547|
3240548|
3240549|
3240550|
3240551|
3240576|
3240577|
3240578|
3240579|
3240580|
3240581|
3240582|
3240583|
3240608|
3240609|
3240610|
