449040325|
449040326|
449040327|
449040352|
449040353|
449040354|
449040355|
449040356|
449040357|
449040358|
449040359|
449040384|
449040385|
449040386|
449040387|
449040388|
449040389|
449040390|
449040391|
449040416|
449040417|
449040418|
449040419|
449040420|
449040421|
449040422|
449040423|
449040448|
449040449|
449040450|
449040451|
449040452|
449040453|
449040454|
449040455|
449040480|
449040481|
449040482|
449040483|
449040484|
449040485|
449040486|
449040487|
449040512|
449040513|
449040514|
449040515|
449040516|
449040517|
449040518|
449040519|
449040544|
449040545|
449040546|
449040547|
449040548|
449040549|
449040550|
449040551|
449040576|
449040577|
449040578|
449040579|
449040580|
449040581|
449040582|
449040583|
449040608|
449040609|
449040610|
449040611|
449040612|
449040613|
449040614|
449040615|
449040640|
449040641|
449040642|
449040643|
449040644|
449040645|
449040646|
449040647|
449040672|
449040673|
449040674|
449040675|
449040676|
449040677|
449040678|
449040679|
449040704|
449040705|
449040706|
449040707|
449040708|
449040709|
449040710|
449040711|
449040736|
