894540034|
894540035|
894540036|
894540037|
894540038|
894540039|
894540064|
894540065|
894540066|
894540067|
894540068|
894540069|
894540070|
894540071|
894540096|
894540097|
894540098|
894540099|
894540100|
894540101|
894540102|
894540103|
894540128|
894540129|
894540130|
894540131|
894540132|
894540133|
894540134|
894540135|
894540160|
894540161|
894540162|
894540163|
894540164|
894540165|
894540166|
894540167|
894540192|
894540193|
894540194|
894540195|
894540196|
894540197|
894540198|
894540199|
894540224|
894540225|
894540226|
894540227|
894540228|
894540229|
894540230|
894540231|
894540256|
894540257|
894540258|
894540259|
894540260|
894540261|
894540262|
894540263|
894540288|
894540289|
894540290|
894540291|
894540292|
894540293|
894540294|
894540295|
894540320|
894540321|
894540322|
894540323|
894540324|
894540325|
894540326|
894540327|
894540352|
894540353|
894540354|
894540355|
894540356|
894540357|
894540358|
894540359|
894540384|
894540385|
894540386|
894540387|
894540388|
894540389|
894540390|
894540391|
894540416|
894540417|
894540418|
894540419|
894540420|
894540421|
