2280135|
2280160|
2280161|
2280162|
2280163|
2280164|
2280165|
2280166|
2280167|
2280192|
2280193|
2280194|
2280195|
2280196|
2280197|
2280198|
2280199|
2280224|
2280225|
2280226|
2280227|
2280228|
2280229|
2280230|
2280231|
2280256|
2280257|
2280258|
2280259|
2280260|
2280261|
2280262|
2280263|
2280288|
2280289|
2280290|
2280291|
2280292|
2280293|
2280294|
2280295|
2280320|
2280321|
2280322|
2280323|
2280324|
2280325|
2280326|
2280327|
2280352|
2280353|
2280354|
2280355|
2280356|
2280357|
2280358|
2280359|
2280384|
2280385|
2280386|
2280387|
2280388|
2280389|
2280390|
2280391|
2280416|
2280417|
2280418|
2280419|
2280420|
2280421|
2280422|
2280423|
2280448|
2280449|
2280450|
2280451|
2280452|
2280453|
2280454|
2280455|
2280480|
2280481|
2280482|
2280483|
2280484|
2280485|
2280486|
2280487|
2280512|
2280513|
2280514|
2280515|
2280516|
2280517|
2280518|
2280519|
2280544|
2280545|
2280546|
