449280353|
449280354|
449280355|
449280356|
449280357|
449280358|
449280359|
449280384|
449280385|
449280386|
449280387|
449280388|
449280389|
449280390|
449280391|
449280416|
449280417|
449280418|
449280419|
449280420|
449280421|
449280422|
449280423|
449280448|
449280449|
449280450|
449280451|
449280452|
449280453|
449280454|
449280455|
449280480|
449280481|
449280482|
449280483|
449280484|
449280485|
449280486|
449280487|
449280512|
449280513|
449280514|
449280515|
449280516|
449280517|
449280518|
449280519|
449280544|
449280545|
449280546|
449280547|
449280548|
449280549|
449280550|
449280551|
449280576|
449280577|
449280578|
449280579|
449280580|
449280581|
449280582|
449280583|
449280608|
449280609|
449280610|
449280611|
449280612|
449280613|
449280614|
449280615|
449280640|
449280641|
449280642|
449280643|
449280644|
449280645|
449280646|
449280647|
449280672|
449280673|
449280674|
449280675|
449280676|
449280677|
449280678|
449280679|
449280704|
449280705|
449280706|
449280707|
449280708|
449280709|
449280710|
449280711|
449280736|
449280737|
449280738|
449280739|
449280740|
