446880193|
446880194|
446880195|
446880196|
446880197|
446880198|
446880199|
446880224|
446880225|
446880226|
446880227|
446880228|
446880229|
446880230|
446880231|
446880256|
446880257|
446880258|
446880259|
446880260|
446880261|
446880262|
446880263|
446880288|
446880289|
446880290|
446880291|
446880292|
446880293|
446880294|
446880295|
446880320|
446880321|
446880322|
446880323|
446880324|
446880325|
446880326|
446880327|
446880352|
446880353|
446880354|
446880355|
446880356|
446880357|
446880358|
446880359|
446880384|
446880385|
446880386|
446880387|
446880388|
446880389|
446880390|
446880391|
446880416|
446880417|
446880418|
446880419|
446880420|
446880421|
446880422|
446880423|
446880448|
446880449|
446880450|
446880451|
446880452|
446880453|
446880454|
446880455|
446880480|
446880481|
446880482|
446880483|
446880484|
446880485|
446880486|
446880487|
446880512|
446880513|
446880514|
446880515|
446880516|
446880517|
446880518|
446880519|
446880544|
446880545|
446880546|
446880547|
446880548|
446880549|
446880550|
446880551|
446880576|
446880577|
446880578|
446880579|
446880580|
