3000195|
3000196|
3000197|
3000198|
3000199|
3000224|
3000225|
3000226|
3000227|
3000228|
3000229|
3000230|
3000231|
3000256|
3000257|
3000258|
3000259|
3000260|
3000261|
3000262|
3000263|
3000288|
3000289|
3000290|
3000291|
3000292|
3000293|
3000294|
3000295|
3000320|
3000321|
3000322|
3000323|
3000324|
3000325|
3000326|
3000327|
3000352|
3000353|
3000354|
3000355|
3000356|
3000357|
3000358|
3000359|
3000384|
3000385|
3000386|
3000387|
3000388|
3000389|
3000390|
3000391|
3000416|
3000417|
3000418|
3000419|
3000420|
3000421|
3000422|
3000423|
3000448|
3000449|
3000450|
3000451|
3000452|
3000453|
3000454|
3000455|
3000480|
3000481|
3000482|
3000483|
3000484|
3000485|
3000486|
3000487|
3000512|
3000513|
3000514|
3000515|
3000516|
3000517|
3000518|
3000519|
3000544|
3000545|
3000546|
3000547|
3000548|
3000549|
3000550|
3000551|
3000576|
3000577|
3000578|
3000579|
3000580|
3000581|
3000582|
