1860128|
1860129|
1860130|
1860131|
1860132|
1860133|
1860134|
1860135|
1860160|
1860161|
1860162|
1860163|
1860164|
1860165|
1860166|
1860167|
1860192|
1860193|
1860194|
1860195|
1860196|
1860197|
1860198|
1860199|
1860224|
1860225|
1860226|
1860227|
1860228|
1860229|
1860230|
1860231|
1860256|
1860257|
1860258|
1860259|
1860260|
1860261|
1860262|
1860263|
1860288|
1860289|
1860290|
1860291|
1860292|
1860293|
1860294|
1860295|
1860320|
1860321|
1860322|
1860323|
1860324|
1860325|
1860326|
1860327|
1860352|
1860353|
1860354|
1860355|
1860356|
1860357|
1860358|
1860359|
1860384|
1860385|
1860386|
1860387|
1860388|
1860389|
1860390|
1860391|
1860416|
1860417|
1860418|
1860419|
1860420|
1860421|
1860422|
1860423|
1860448|
1860449|
1860450|
1860451|
1860452|
1860453|
1860454|
1860455|
1860480|
1860481|
1860482|
1860483|
1860484|
1860485|
1860486|
1860487|
1860512|
1860513|
1860514|
1860515|
