660036|
660037|
660038|
660039|
660064|
660065|
660066|
660067|
660068|
660069|
660070|
660071|
660096|
660097|
660098|
660099|
660100|
660101|
660102|
660103|
660128|
660129|
660130|
660131|
660132|
660133|
660134|
660135|
660160|
660161|
660162|
660163|
660164|
660165|
660166|
660167|
660192|
660193|
660194|
660195|
660196|
660197|
660198|
660199|
660224|
660225|
660226|
660227|
660228|
660229|
660230|
660231|
660256|
660257|
660258|
660259|
660260|
660261|
660262|
660263|
660288|
660289|
660290|
660291|
660292|
660293|
660294|
660295|
660320|
660321|
660322|
660323|
660324|
660325|
660326|
660327|
660352|
660353|
660354|
660355|
660356|
660357|
660358|
660359|
660384|
660385|
660386|
660387|
660388|
660389|
660390|
660391|
660416|
660417|
660418|
660419|
660420|
660421|
660422|
660423|
