895320071|
895320096|
895320097|
895320098|
895320099|
895320100|
895320101|
895320102|
895320103|
895320128|
895320129|
895320130|
895320131|
895320132|
895320133|
895320134|
895320135|
895320160|
895320161|
895320162|
895320163|
895320164|
895320165|
895320166|
895320167|
895320192|
895320193|
895320194|
895320195|
895320196|
895320197|
895320198|
895320199|
895320224|
895320225|
895320226|
895320227|
895320228|
895320229|
895320230|
895320231|
895320256|
895320257|
895320258|
895320259|
895320260|
895320261|
895320262|
895320263|
895320288|
895320289|
895320290|
895320291|
895320292|
895320293|
895320294|
895320295|
895320320|
895320321|
895320322|
895320323|
895320324|
895320325|
895320326|
895320327|
895320352|
895320353|
895320354|
895320355|
895320356|
895320357|
895320358|
895320359|
895320384|
895320385|
895320386|
895320387|
895320388|
895320389|
895320390|
895320391|
895320416|
895320417|
895320418|
895320419|
895320420|
895320421|
895320422|
895320423|
895320448|
895320449|
895320450|
895320451|
895320452|
895320453|
895320454|
895320455|
895320480|
895320481|
895320482|
