2580164|
2580165|
2580166|
2580167|
2580192|
2580193|
2580194|
2580195|
2580196|
2580197|
2580198|
2580199|
2580224|
2580225|
2580226|
2580227|
2580228|
2580229|
2580230|
2580231|
2580256|
2580257|
2580258|
2580259|
2580260|
2580261|
2580262|
2580263|
2580288|
2580289|
2580290|
2580291|
2580292|
2580293|
2580294|
2580295|
2580320|
2580321|
2580322|
2580323|
2580324|
2580325|
2580326|
2580327|
2580352|
2580353|
2580354|
2580355|
2580356|
2580357|
2580358|
2580359|
2580384|
2580385|
2580386|
2580387|
2580388|
2580389|
2580390|
2580391|
2580416|
2580417|
2580418|
2580419|
2580420|
2580421|
2580422|
2580423|
2580448|
2580449|
2580450|
2580451|
2580452|
2580453|
2580454|
2580455|
2580480|
2580481|
2580482|
2580483|
2580484|
2580485|
2580486|
2580487|
2580512|
2580513|
2580514|
2580515|
2580516|
2580517|
2580518|
2580519|
2580544|
2580545|
2580546|
2580547|
2580548|
2580549|
2580550|
2580551|
