4560293|
4560294|
4560295|
4560320|
4560321|
4560322|
4560323|
4560324|
4560325|
4560326|
4560327|
4560352|
4560353|
4560354|
4560355|
4560356|
4560357|
4560358|
4560359|
4560384|
4560385|
4560386|
4560387|
4560388|
4560389|
4560390|
4560391|
4560416|
4560417|
4560418|
4560419|
4560420|
4560421|
4560422|
4560423|
4560448|
4560449|
4560450|
4560451|
4560452|
4560453|
4560454|
4560455|
4560480|
4560481|
4560482|
4560483|
4560484|
4560485|
4560486|
4560487|
4560512|
4560513|
4560514|
4560515|
4560516|
4560517|
4560518|
4560519|
4560544|
4560545|
4560546|
4560547|
4560548|
4560549|
4560550|
4560551|
4560576|
4560577|
4560578|
4560579|
4560580|
4560581|
4560582|
4560583|
4560608|
4560609|
4560610|
4560611|
4560612|
4560613|
4560614|
4560615|
4560640|
4560641|
4560642|
4560643|
4560644|
4560645|
4560646|
4560647|
4560672|
4560673|
4560674|
4560675|
4560676|
4560677|
4560678|
4560679|
4560704|
