449460356|
449460357|
449460358|
449460359|
449460384|
449460385|
449460386|
449460387|
449460388|
449460389|
449460390|
449460391|
449460416|
449460417|
449460418|
449460419|
449460420|
449460421|
449460422|
449460423|
449460448|
449460449|
449460450|
449460451|
449460452|
449460453|
449460454|
449460455|
449460480|
449460481|
449460482|
449460483|
449460484|
449460485|
449460486|
449460487|
449460512|
449460513|
449460514|
449460515|
449460516|
449460517|
449460518|
449460519|
449460544|
449460545|
449460546|
449460547|
449460548|
449460549|
449460550|
449460551|
449460576|
449460577|
449460578|
449460579|
449460580|
449460581|
449460582|
449460583|
449460608|
449460609|
449460610|
449460611|
449460612|
449460613|
449460614|
449460615|
449460640|
449460641|
449460642|
449460643|
449460644|
449460645|
449460646|
449460647|
449460672|
449460673|
449460674|
449460675|
449460676|
449460677|
449460678|
449460679|
449460704|
449460705|
449460706|
449460707|
449460708|
449460709|
449460710|
449460711|
449460736|
449460737|
449460738|
449460739|
449460740|
449460741|
449460742|
449460743|
