1380096|
1380097|
1380098|
1380099|
1380100|
1380101|
1380102|
1380103|
1380128|
1380129|
1380130|
1380131|
1380132|
1380133|
1380134|
1380135|
1380160|
1380161|
1380162|
1380163|
1380164|
1380165|
1380166|
1380167|
1380192|
1380193|
1380194|
1380195|
1380196|
1380197|
1380198|
1380199|
1380224|
1380225|
1380226|
1380227|
1380228|
1380229|
1380230|
1380231|
1380256|
1380257|
1380258|
1380259|
1380260|
1380261|
1380262|
1380263|
1380288|
1380289|
1380290|
1380291|
1380292|
1380293|
1380294|
1380295|
1380320|
1380321|
1380322|
1380323|
1380324|
1380325|
1380326|
1380327|
1380352|
1380353|
1380354|
1380355|
1380356|
1380357|
1380358|
1380359|
1380384|
1380385|
1380386|
1380387|
1380388|
1380389|
1380390|
1380391|
1380416|
1380417|
1380418|
1380419|
1380420|
1380421|
1380422|
1380423|
1380448|
1380449|
1380450|
1380451|
1380452|
1380453|
1380454|
1380455|
1380480|
1380481|
1380482|
1380483|
