4740320|
4740321|
4740322|
4740323|
4740324|
4740325|
4740326|
4740327|
4740352|
4740353|
4740354|
4740355|
4740356|
4740357|
4740358|
4740359|
4740384|
4740385|
4740386|
4740387|
4740388|
4740389|
4740390|
4740391|
4740416|
4740417|
4740418|
4740419|
4740420|
4740421|
4740422|
4740423|
4740448|
4740449|
4740450|
4740451|
4740452|
4740453|
4740454|
4740455|
4740480|
4740481|
4740482|
4740483|
4740484|
4740485|
4740486|
4740487|
4740512|
4740513|
4740514|
4740515|
4740516|
4740517|
4740518|
4740519|
4740544|
4740545|
4740546|
4740547|
4740548|
4740549|
4740550|
4740551|
4740576|
4740577|
4740578|
4740579|
4740580|
4740581|
4740582|
4740583|
4740608|
4740609|
4740610|
4740611|
4740612|
4740613|
4740614|
4740615|
4740640|
4740641|
4740642|
4740643|
4740644|
4740645|
4740646|
4740647|
4740672|
4740673|
4740674|
4740675|
4740676|
4740677|
4740678|
4740679|
4740704|
4740705|
4740706|
4740707|
