899100326|
899100327|
899100352|
899100353|
899100354|
899100355|
899100356|
899100357|
899100358|
899100359|
899100384|
899100385|
899100386|
899100387|
899100388|
899100389|
899100390|
899100391|
899100416|
899100417|
899100418|
899100419|
899100420|
899100421|
899100422|
899100423|
899100448|
899100449|
899100450|
899100451|
899100452|
899100453|
899100454|
899100455|
899100480|
899100481|
899100482|
899100483|
899100484|
899100485|
899100486|
899100487|
899100512|
899100513|
899100514|
899100515|
899100516|
899100517|
899100518|
899100519|
899100544|
899100545|
899100546|
899100547|
899100548|
899100549|
899100550|
899100551|
899100576|
899100577|
899100578|
899100579|
899100580|
899100581|
899100582|
899100583|
899100608|
899100609|
899100610|
899100611|
899100612|
899100613|
899100614|
899100615|
899100640|
899100641|
899100642|
899100643|
899100644|
899100645|
899100646|
899100647|
899100672|
899100673|
899100674|
899100675|
899100676|
899100677|
899100678|
899100679|
899100704|
899100705|
899100706|
899100707|
899100708|
899100709|
899100710|
899100711|
899100736|
899100737|
