897360225|
897360226|
897360227|
897360228|
897360229|
897360230|
897360231|
897360256|
897360257|
897360258|
897360259|
897360260|
897360261|
897360262|
897360263|
897360288|
897360289|
897360290|
897360291|
897360292|
897360293|
897360294|
897360295|
897360320|
897360321|
897360322|
897360323|
897360324|
897360325|
897360326|
897360327|
897360352|
897360353|
897360354|
897360355|
897360356|
897360357|
897360358|
897360359|
897360384|
897360385|
897360386|
897360387|
897360388|
897360389|
897360390|
897360391|
897360416|
897360417|
897360418|
897360419|
897360420|
897360421|
897360422|
897360423|
897360448|
897360449|
897360450|
897360451|
897360452|
897360453|
897360454|
897360455|
897360480|
897360481|
897360482|
897360483|
897360484|
897360485|
897360486|
897360487|
897360512|
897360513|
897360514|
897360515|
897360516|
897360517|
897360518|
897360519|
897360544|
897360545|
897360546|
897360547|
897360548|
897360549|
897360550|
897360551|
897360576|
897360577|
897360578|
897360579|
897360580|
897360581|
897360582|
897360583|
897360608|
897360609|
897360610|
897360611|
897360612|
