898320289|
898320290|
898320291|
898320292|
898320293|
898320294|
898320295|
898320320|
898320321|
898320322|
898320323|
898320324|
898320325|
898320326|
898320327|
898320352|
898320353|
898320354|
898320355|
898320356|
898320357|
898320358|
898320359|
898320384|
898320385|
898320386|
898320387|
898320388|
898320389|
898320390|
898320391|
898320416|
898320417|
898320418|
898320419|
898320420|
898320421|
898320422|
898320423|
898320448|
898320449|
898320450|
898320451|
898320452|
898320453|
898320454|
898320455|
898320480|
898320481|
898320482|
898320483|
898320484|
898320485|
898320486|
898320487|
898320512|
898320513|
898320514|
898320515|
898320516|
898320517|
898320518|
898320519|
898320544|
898320545|
898320546|
898320547|
898320548|
898320549|
898320550|
898320551|
898320576|
898320577|
898320578|
898320579|
898320580|
898320581|
898320582|
898320583|
898320608|
898320609|
898320610|
898320611|
898320612|
898320613|
898320614|
898320615|
898320640|
898320641|
898320642|
898320643|
898320644|
898320645|
898320646|
898320647|
898320672|
898320673|
898320674|
898320675|
898320676|
