448200263|
448200288|
448200289|
448200290|
448200291|
448200292|
448200293|
448200294|
448200295|
448200320|
448200321|
448200322|
448200323|
448200324|
448200325|
448200326|
448200327|
448200352|
448200353|
448200354|
448200355|
448200356|
448200357|
448200358|
448200359|
448200384|
448200385|
448200386|
448200387|
448200388|
448200389|
448200390|
448200391|
448200416|
448200417|
448200418|
448200419|
448200420|
448200421|
448200422|
448200423|
448200448|
448200449|
448200450|
448200451|
448200452|
448200453|
448200454|
448200455|
448200480|
448200481|
448200482|
448200483|
448200484|
448200485|
448200486|
448200487|
448200512|
448200513|
448200514|
448200515|
448200516|
448200517|
448200518|
448200519|
448200544|
448200545|
448200546|
448200547|
448200548|
448200549|
448200550|
448200551|
448200576|
448200577|
448200578|
448200579|
448200580|
448200581|
448200582|
448200583|
448200608|
448200609|
448200610|
448200611|
448200612|
448200613|
448200614|
448200615|
448200640|
448200641|
448200642|
448200643|
448200644|
448200645|
448200646|
448200647|
448200672|
448200673|
448200674|
