896340160|
896340161|
896340162|
896340163|
896340164|
896340165|
896340166|
896340167|
896340192|
896340193|
896340194|
896340195|
896340196|
896340197|
896340198|
896340199|
896340224|
896340225|
896340226|
896340227|
896340228|
896340229|
896340230|
896340231|
896340256|
896340257|
896340258|
896340259|
896340260|
896340261|
896340262|
896340263|
896340288|
896340289|
896340290|
896340291|
896340292|
896340293|
896340294|
896340295|
896340320|
896340321|
896340322|
896340323|
896340324|
896340325|
896340326|
896340327|
896340352|
896340353|
896340354|
896340355|
896340356|
896340357|
896340358|
896340359|
896340384|
896340385|
896340386|
896340387|
896340388|
896340389|
896340390|
896340391|
896340416|
896340417|
896340418|
896340419|
896340420|
896340421|
896340422|
896340423|
896340448|
896340449|
896340450|
896340451|
896340452|
896340453|
896340454|
896340455|
896340480|
896340481|
896340482|
896340483|
896340484|
896340485|
896340486|
896340487|
896340512|
896340513|
896340514|
896340515|
896340516|
896340517|
896340518|
896340519|
896340544|
896340545|
896340546|
896340547|
