448260288|
448260289|
448260290|
448260291|
448260292|
448260293|
448260294|
448260295|
448260320|
448260321|
448260322|
448260323|
448260324|
448260325|
448260326|
448260327|
448260352|
448260353|
448260354|
448260355|
448260356|
448260357|
448260358|
448260359|
448260384|
448260385|
448260386|
448260387|
448260388|
448260389|
448260390|
448260391|
448260416|
448260417|
448260418|
448260419|
448260420|
448260421|
448260422|
448260423|
448260448|
448260449|
448260450|
448260451|
448260452|
448260453|
448260454|
448260455|
448260480|
448260481|
448260482|
448260483|
448260484|
448260485|
448260486|
448260487|
448260512|
448260513|
448260514|
448260515|
448260516|
448260517|
448260518|
448260519|
448260544|
448260545|
448260546|
448260547|
448260548|
448260549|
448260550|
448260551|
448260576|
448260577|
448260578|
448260579|
448260580|
448260581|
448260582|
448260583|
448260608|
448260609|
448260610|
448260611|
448260612|
448260613|
448260614|
448260615|
448260640|
448260641|
448260642|
448260643|
448260644|
448260645|
448260646|
448260647|
448260672|
448260673|
448260674|
448260675|
