895080067|
895080068|
895080069|
895080070|
895080071|
895080096|
895080097|
895080098|
895080099|
895080100|
895080101|
895080102|
895080103|
895080128|
895080129|
895080130|
895080131|
895080132|
895080133|
895080134|
895080135|
895080160|
895080161|
895080162|
895080163|
895080164|
895080165|
895080166|
895080167|
895080192|
895080193|
895080194|
895080195|
895080196|
895080197|
895080198|
895080199|
895080224|
895080225|
895080226|
895080227|
895080228|
895080229|
895080230|
895080231|
895080256|
895080257|
895080258|
895080259|
895080260|
895080261|
895080262|
895080263|
895080288|
895080289|
895080290|
895080291|
895080292|
895080293|
895080294|
895080295|
895080320|
895080321|
895080322|
895080323|
895080324|
895080325|
895080326|
895080327|
895080352|
895080353|
895080354|
895080355|
895080356|
895080357|
895080358|
895080359|
895080384|
895080385|
895080386|
895080387|
895080388|
895080389|
895080390|
895080391|
895080416|
895080417|
895080418|
895080419|
895080420|
895080421|
895080422|
895080423|
895080448|
895080449|
895080450|
895080451|
895080452|
895080453|
895080454|
