447060196|
447060197|
447060198|
447060199|
447060224|
447060225|
447060226|
447060227|
447060228|
447060229|
447060230|
447060231|
447060256|
447060257|
447060258|
447060259|
447060260|
447060261|
447060262|
447060263|
447060288|
447060289|
447060290|
447060291|
447060292|
447060293|
447060294|
447060295|
447060320|
447060321|
447060322|
447060323|
447060324|
447060325|
447060326|
447060327|
447060352|
447060353|
447060354|
447060355|
447060356|
447060357|
447060358|
447060359|
447060384|
447060385|
447060386|
447060387|
447060388|
447060389|
447060390|
447060391|
447060416|
447060417|
447060418|
447060419|
447060420|
447060421|
447060422|
447060423|
447060448|
447060449|
447060450|
447060451|
447060452|
447060453|
447060454|
447060455|
447060480|
447060481|
447060482|
447060483|
447060484|
447060485|
447060486|
447060487|
447060512|
447060513|
447060514|
447060515|
447060516|
447060517|
447060518|
447060519|
447060544|
447060545|
447060546|
447060547|
447060548|
447060549|
447060550|
447060551|
447060576|
447060577|
447060578|
447060579|
447060580|
447060581|
447060582|
447060583|
