897960259|
897960260|
897960261|
897960262|
897960263|
897960288|
897960289|
897960290|
897960291|
897960292|
897960293|
897960294|
897960295|
897960320|
897960321|
897960322|
897960323|
897960324|
897960325|
897960326|
897960327|
897960352|
897960353|
897960354|
897960355|
897960356|
897960357|
897960358|
897960359|
897960384|
897960385|
897960386|
897960387|
897960388|
897960389|
897960390|
897960391|
897960416|
897960417|
897960418|
897960419|
897960420|
897960421|
897960422|
897960423|
897960448|
897960449|
897960450|
897960451|
897960452|
897960453|
897960454|
897960455|
897960480|
897960481|
897960482|
897960483|
897960484|
897960485|
897960486|
897960487|
897960512|
897960513|
897960514|
897960515|
897960516|
897960517|
897960518|
897960519|
897960544|
897960545|
897960546|
897960547|
897960548|
897960549|
897960550|
897960551|
897960576|
897960577|
897960578|
897960579|
897960580|
897960581|
897960582|
897960583|
897960608|
897960609|
897960610|
897960611|
897960612|
897960613|
897960614|
897960615|
897960640|
897960641|
897960642|
897960643|
897960644|
897960645|
897960646|
