2640165|
2640166|
2640167|
2640192|
2640193|
2640194|
2640195|
2640196|
2640197|
2640198|
2640199|
2640224|
2640225|
2640226|
2640227|
2640228|
2640229|
2640230|
2640231|
2640256|
2640257|
2640258|
2640259|
2640260|
2640261|
2640262|
2640263|
2640288|
2640289|
2640290|
2640291|
2640292|
2640293|
2640294|
2640295|
2640320|
2640321|
2640322|
2640323|
2640324|
2640325|
2640326|
2640327|
2640352|
2640353|
2640354|
2640355|
2640356|
2640357|
2640358|
2640359|
2640384|
2640385|
2640386|
2640387|
2640388|
2640389|
2640390|
2640391|
2640416|
2640417|
2640418|
2640419|
2640420|
2640421|
2640422|
2640423|
2640448|
2640449|
2640450|
2640451|
2640452|
2640453|
2640454|
2640455|
2640480|
2640481|
2640482|
2640483|
2640484|
2640485|
2640486|
2640487|
2640512|
2640513|
2640514|
2640515|
2640516|
2640517|
2640518|
2640519|
2640544|
2640545|
2640546|
2640547|
2640548|
2640549|
2640550|
2640551|
2640576|
