445440097|
445440098|
445440099|
445440100|
445440101|
445440102|
445440103|
445440128|
445440129|
445440130|
445440131|
445440132|
445440133|
445440134|
445440135|
445440160|
445440161|
445440162|
445440163|
445440164|
445440165|
445440166|
445440167|
445440192|
445440193|
445440194|
445440195|
445440196|
445440197|
445440198|
445440199|
445440224|
445440225|
445440226|
445440227|
445440228|
445440229|
445440230|
445440231|
445440256|
445440257|
445440258|
445440259|
445440260|
445440261|
445440262|
445440263|
445440288|
445440289|
445440290|
445440291|
445440292|
445440293|
445440294|
445440295|
445440320|
445440321|
445440322|
445440323|
445440324|
445440325|
445440326|
445440327|
445440352|
445440353|
445440354|
445440355|
445440356|
445440357|
445440358|
445440359|
445440384|
445440385|
445440386|
445440387|
445440388|
445440389|
445440390|
445440391|
445440416|
445440417|
445440418|
445440419|
445440420|
445440421|
445440422|
445440423|
445440448|
445440449|
445440450|
445440451|
445440452|
445440453|
445440454|
445440455|
445440480|
445440481|
445440482|
445440483|
445440484|
