449820386|
449820387|
449820388|
449820389|
449820390|
449820391|
449820416|
449820417|
449820418|
449820419|
449820420|
449820421|
449820422|
449820423|
449820448|
449820449|
449820450|
449820451|
449820452|
449820453|
449820454|
449820455|
449820480|
449820481|
449820482|
449820483|
449820484|
449820485|
449820486|
449820487|
449820512|
449820513|
449820514|
449820515|
449820516|
449820517|
449820518|
449820519|
449820544|
449820545|
449820546|
449820547|
449820548|
449820549|
449820550|
449820551|
449820576|
449820577|
449820578|
449820579|
449820580|
449820581|
449820582|
449820583|
449820608|
449820609|
449820610|
449820611|
449820612|
449820613|
449820614|
449820615|
449820640|
449820641|
449820642|
449820643|
449820644|
449820645|
449820646|
449820647|
449820672|
449820673|
449820674|
449820675|
449820676|
449820677|
449820678|
449820679|
449820704|
449820705|
449820706|
449820707|
449820708|
449820709|
449820710|
449820711|
449820736|
449820737|
449820738|
449820739|
449820740|
449820741|
449820742|
449820743|
449820768|
449820769|
449820770|
449820771|
449820772|
449820773|
