2340160|
2340161|
2340162|
2340163|
2340164|
2340165|
2340166|
2340167|
2340192|
2340193|
2340194|
2340195|
2340196|
2340197|
2340198|
2340199|
2340224|
2340225|
2340226|
2340227|
2340228|
2340229|
2340230|
2340231|
2340256|
2340257|
2340258|
2340259|
2340260|
2340261|
2340262|
2340263|
2340288|
2340289|
2340290|
2340291|
2340292|
2340293|
2340294|
2340295|
2340320|
2340321|
2340322|
2340323|
2340324|
2340325|
2340326|
2340327|
2340352|
2340353|
2340354|
2340355|
2340356|
2340357|
2340358|
2340359|
2340384|
2340385|
2340386|
2340387|
2340388|
2340389|
2340390|
2340391|
2340416|
2340417|
2340418|
2340419|
2340420|
2340421|
2340422|
2340423|
2340448|
2340449|
2340450|
2340451|
2340452|
2340453|
2340454|
2340455|
2340480|
2340481|
2340482|
2340483|
2340484|
2340485|
2340486|
2340487|
2340512|
2340513|
2340514|
2340515|
2340516|
2340517|
2340518|
2340519|
2340544|
2340545|
2340546|
2340547|
