896940194|
896940195|
896940196|
896940197|
896940198|
896940199|
896940224|
896940225|
896940226|
896940227|
896940228|
896940229|
896940230|
896940231|
896940256|
896940257|
896940258|
896940259|
896940260|
896940261|
896940262|
896940263|
896940288|
896940289|
896940290|
896940291|
896940292|
896940293|
896940294|
896940295|
896940320|
896940321|
896940322|
896940323|
896940324|
896940325|
896940326|
896940327|
896940352|
896940353|
896940354|
896940355|
896940356|
896940357|
896940358|
896940359|
896940384|
896940385|
896940386|
896940387|
896940388|
896940389|
896940390|
896940391|
896940416|
896940417|
896940418|
896940419|
896940420|
896940421|
896940422|
896940423|
896940448|
896940449|
896940450|
896940451|
896940452|
896940453|
896940454|
896940455|
896940480|
896940481|
896940482|
896940483|
896940484|
896940485|
896940486|
896940487|
896940512|
896940513|
896940514|
896940515|
896940516|
896940517|
896940518|
896940519|
896940544|
896940545|
896940546|
896940547|
896940548|
896940549|
896940550|
896940551|
896940576|
896940577|
896940578|
896940579|
896940580|
896940581|
