445800103|
445800128|
445800129|
445800130|
445800131|
445800132|
445800133|
445800134|
445800135|
445800160|
445800161|
445800162|
445800163|
445800164|
445800165|
445800166|
445800167|
445800192|
445800193|
445800194|
445800195|
445800196|
445800197|
445800198|
445800199|
445800224|
445800225|
445800226|
445800227|
445800228|
445800229|
445800230|
445800231|
445800256|
445800257|
445800258|
445800259|
445800260|
445800261|
445800262|
445800263|
445800288|
445800289|
445800290|
445800291|
445800292|
445800293|
445800294|
445800295|
445800320|
445800321|
445800322|
445800323|
445800324|
445800325|
445800326|
445800327|
445800352|
445800353|
445800354|
445800355|
445800356|
445800357|
445800358|
445800359|
445800384|
445800385|
445800386|
445800387|
445800388|
445800389|
445800390|
445800391|
445800416|
445800417|
445800418|
445800419|
445800420|
445800421|
445800422|
445800423|
445800448|
445800449|
445800450|
445800451|
445800452|
445800453|
445800454|
445800455|
445800480|
445800481|
445800482|
445800483|
445800484|
445800485|
445800486|
445800487|
445800512|
445800513|
445800514|
