899700384|
899700385|
899700386|
899700387|
899700388|
899700389|
899700390|
899700391|
899700416|
899700417|
899700418|
899700419|
899700420|
899700421|
899700422|
899700423|
899700448|
899700449|
899700450|
899700451|
899700452|
899700453|
899700454|
899700455|
899700480|
899700481|
899700482|
899700483|
899700484|
899700485|
899700486|
899700487|
899700512|
899700513|
899700514|
899700515|
899700516|
899700517|
899700518|
899700519|
899700544|
899700545|
899700546|
899700547|
899700548|
899700549|
899700550|
899700551|
899700576|
899700577|
899700578|
899700579|
899700580|
899700581|
899700582|
899700583|
899700608|
899700609|
899700610|
899700611|
899700612|
899700613|
899700614|
899700615|
899700640|
899700641|
899700642|
899700643|
899700644|
899700645|
899700646|
899700647|
899700672|
899700673|
899700674|
899700675|
899700676|
899700677|
899700678|
899700679|
899700704|
899700705|
899700706|
899700707|
899700708|
899700709|
899700710|
899700711|
899700736|
899700737|
899700738|
899700739|
899700740|
899700741|
899700742|
899700743|
899700768|
899700769|
899700770|
899700771|
