445140068|
445140069|
445140070|
445140071|
445140096|
445140097|
445140098|
445140099|
445140100|
445140101|
445140102|
445140103|
445140128|
445140129|
445140130|
445140131|
445140132|
445140133|
445140134|
445140135|
445140160|
445140161|
445140162|
445140163|
445140164|
445140165|
445140166|
445140167|
445140192|
445140193|
445140194|
445140195|
445140196|
445140197|
445140198|
445140199|
445140224|
445140225|
445140226|
445140227|
445140228|
445140229|
445140230|
445140231|
445140256|
445140257|
445140258|
445140259|
445140260|
445140261|
445140262|
445140263|
445140288|
445140289|
445140290|
445140291|
445140292|
445140293|
445140294|
445140295|
445140320|
445140321|
445140322|
445140323|
445140324|
445140325|
445140326|
445140327|
445140352|
445140353|
445140354|
445140355|
445140356|
445140357|
445140358|
445140359|
445140384|
445140385|
445140386|
445140387|
445140388|
445140389|
445140390|
445140391|
445140416|
445140417|
445140418|
445140419|
445140420|
445140421|
445140422|
445140423|
445140448|
445140449|
445140450|
445140451|
445140452|
445140453|
445140454|
445140455|
