446820192|
446820193|
446820194|
446820195|
446820196|
446820197|
446820198|
446820199|
446820224|
446820225|
446820226|
446820227|
446820228|
446820229|
446820230|
446820231|
446820256|
446820257|
446820258|
446820259|
446820260|
446820261|
446820262|
446820263|
446820288|
446820289|
446820290|
446820291|
446820292|
446820293|
446820294|
446820295|
446820320|
446820321|
446820322|
446820323|
446820324|
446820325|
446820326|
446820327|
446820352|
446820353|
446820354|
446820355|
446820356|
446820357|
446820358|
446820359|
446820384|
446820385|
446820386|
446820387|
446820388|
446820389|
446820390|
446820391|
446820416|
446820417|
446820418|
446820419|
446820420|
446820421|
446820422|
446820423|
446820448|
446820449|
446820450|
446820451|
446820452|
446820453|
446820454|
446820455|
446820480|
446820481|
446820482|
446820483|
446820484|
446820485|
446820486|
446820487|
446820512|
446820513|
446820514|
446820515|
446820516|
446820517|
446820518|
446820519|
446820544|
446820545|
446820546|
446820547|
446820548|
446820549|
446820550|
446820551|
446820576|
446820577|
446820578|
446820579|
