897900258|
897900259|
897900260|
897900261|
897900262|
897900263|
897900288|
897900289|
897900290|
897900291|
897900292|
897900293|
897900294|
897900295|
897900320|
897900321|
897900322|
897900323|
897900324|
897900325|
897900326|
897900327|
897900352|
897900353|
897900354|
897900355|
897900356|
897900357|
897900358|
897900359|
897900384|
897900385|
897900386|
897900387|
897900388|
897900389|
897900390|
897900391|
897900416|
897900417|
897900418|
897900419|
897900420|
897900421|
897900422|
897900423|
897900448|
897900449|
897900450|
897900451|
897900452|
897900453|
897900454|
897900455|
897900480|
897900481|
897900482|
897900483|
897900484|
897900485|
897900486|
897900487|
897900512|
897900513|
897900514|
897900515|
897900516|
897900517|
897900518|
897900519|
897900544|
897900545|
897900546|
897900547|
897900548|
897900549|
897900550|
897900551|
897900576|
897900577|
897900578|
897900579|
897900580|
897900581|
897900582|
897900583|
897900608|
897900609|
897900610|
897900611|
897900612|
897900613|
897900614|
897900615|
897900640|
897900641|
897900642|
897900643|
897900644|
897900645|
