3480227|
3480228|
3480229|
3480230|
3480231|
3480256|
3480257|
3480258|
3480259|
3480260|
3480261|
3480262|
3480263|
3480288|
3480289|
3480290|
3480291|
3480292|
3480293|
3480294|
3480295|
3480320|
3480321|
3480322|
3480323|
3480324|
3480325|
3480326|
3480327|
3480352|
3480353|
3480354|
3480355|
3480356|
3480357|
3480358|
3480359|
3480384|
3480385|
3480386|
3480387|
3480388|
3480389|
3480390|
3480391|
3480416|
3480417|
3480418|
3480419|
3480420|
3480421|
3480422|
3480423|
3480448|
3480449|
3480450|
3480451|
3480452|
3480453|
3480454|
3480455|
3480480|
3480481|
3480482|
3480483|
3480484|
3480485|
3480486|
3480487|
3480512|
3480513|
3480514|
3480515|
3480516|
3480517|
3480518|
3480519|
3480544|
3480545|
3480546|
3480547|
3480548|
3480549|
3480550|
3480551|
3480576|
3480577|
3480578|
3480579|
3480580|
3480581|
3480582|
3480583|
3480608|
3480609|
3480610|
3480611|
3480612|
3480613|
3480614|
