3540228|
3540229|
3540230|
3540231|
3540256|
3540257|
3540258|
3540259|
3540260|
3540261|
3540262|
3540263|
3540288|
3540289|
3540290|
3540291|
3540292|
3540293|
3540294|
3540295|
3540320|
3540321|
3540322|
3540323|
3540324|
3540325|
3540326|
3540327|
3540352|
3540353|
3540354|
3540355|
3540356|
3540357|
3540358|
3540359|
3540384|
3540385|
3540386|
3540387|
3540388|
3540389|
3540390|
3540391|
3540416|
3540417|
3540418|
3540419|
3540420|
3540421|
3540422|
3540423|
3540448|
3540449|
3540450|
3540451|
3540452|
3540453|
3540454|
3540455|
3540480|
3540481|
3540482|
3540483|
3540484|
3540485|
3540486|
3540487|
3540512|
3540513|
3540514|
3540515|
3540516|
3540517|
3540518|
3540519|
3540544|
3540545|
3540546|
3540547|
3540548|
3540549|
3540550|
3540551|
3540576|
3540577|
3540578|
3540579|
3540580|
3540581|
3540582|
3540583|
3540608|
3540609|
3540610|
3540611|
3540612|
3540613|
3540614|
3540615|
