2040131|
2040132|
2040133|
2040134|
2040135|
2040160|
2040161|
2040162|
2040163|
2040164|
2040165|
2040166|
2040167|
2040192|
2040193|
2040194|
2040195|
2040196|
2040197|
2040198|
2040199|
2040224|
2040225|
2040226|
2040227|
2040228|
2040229|
2040230|
2040231|
2040256|
2040257|
2040258|
2040259|
2040260|
2040261|
2040262|
2040263|
2040288|
2040289|
2040290|
2040291|
2040292|
2040293|
2040294|
2040295|
2040320|
2040321|
2040322|
2040323|
2040324|
2040325|
2040326|
2040327|
2040352|
2040353|
2040354|
2040355|
2040356|
2040357|
2040358|
2040359|
2040384|
2040385|
2040386|
2040387|
2040388|
2040389|
2040390|
2040391|
2040416|
2040417|
2040418|
2040419|
2040420|
2040421|
2040422|
2040423|
2040448|
2040449|
2040450|
2040451|
2040452|
2040453|
2040454|
2040455|
2040480|
2040481|
2040482|
2040483|
2040484|
2040485|
2040486|
2040487|
2040512|
2040513|
2040514|
2040515|
2040516|
2040517|
2040518|
