444780038|
444780039|
444780064|
444780065|
444780066|
444780067|
444780068|
444780069|
444780070|
444780071|
444780096|
444780097|
444780098|
444780099|
444780100|
444780101|
444780102|
444780103|
444780128|
444780129|
444780130|
444780131|
444780132|
444780133|
444780134|
444780135|
444780160|
444780161|
444780162|
444780163|
444780164|
444780165|
444780166|
444780167|
444780192|
444780193|
444780194|
444780195|
444780196|
444780197|
444780198|
444780199|
444780224|
444780225|
444780226|
444780227|
444780228|
444780229|
444780230|
444780231|
444780256|
444780257|
444780258|
444780259|
444780260|
444780261|
444780262|
444780263|
444780288|
444780289|
444780290|
444780291|
444780292|
444780293|
444780294|
444780295|
444780320|
444780321|
444780322|
444780323|
444780324|
444780325|
444780326|
444780327|
444780352|
444780353|
444780354|
444780355|
444780356|
444780357|
444780358|
444780359|
444780384|
444780385|
444780386|
444780387|
444780388|
444780389|
444780390|
444780391|
444780416|
444780417|
444780418|
444780419|
444780420|
444780421|
444780422|
444780423|
444780448|
444780449|
