1020066|
1020067|
1020068|
1020069|
1020070|
1020071|
1020096|
1020097|
1020098|
1020099|
1020100|
1020101|
1020102|
1020103|
1020128|
1020129|
1020130|
1020131|
1020132|
1020133|
1020134|
1020135|
1020160|
1020161|
1020162|
1020163|
1020164|
1020165|
1020166|
1020167|
1020192|
1020193|
1020194|
1020195|
1020196|
1020197|
1020198|
1020199|
1020224|
1020225|
1020226|
1020227|
1020228|
1020229|
1020230|
1020231|
1020256|
1020257|
1020258|
1020259|
1020260|
1020261|
1020262|
1020263|
1020288|
1020289|
1020290|
1020291|
1020292|
1020293|
1020294|
1020295|
1020320|
1020321|
1020322|
1020323|
1020324|
1020325|
1020326|
1020327|
1020352|
1020353|
1020354|
1020355|
1020356|
1020357|
1020358|
1020359|
1020384|
1020385|
1020386|
1020387|
1020388|
1020389|
1020390|
1020391|
1020416|
1020417|
1020418|
1020419|
1020420|
1020421|
1020422|
1020423|
1020448|
1020449|
1020450|
1020451|
1020452|
1020453|
