445560099|
445560100|
445560101|
445560102|
445560103|
445560128|
445560129|
445560130|
445560131|
445560132|
445560133|
445560134|
445560135|
445560160|
445560161|
445560162|
445560163|
445560164|
445560165|
445560166|
445560167|
445560192|
445560193|
445560194|
445560195|
445560196|
445560197|
445560198|
445560199|
445560224|
445560225|
445560226|
445560227|
445560228|
445560229|
445560230|
445560231|
445560256|
445560257|
445560258|
445560259|
445560260|
445560261|
445560262|
445560263|
445560288|
445560289|
445560290|
445560291|
445560292|
445560293|
445560294|
445560295|
445560320|
445560321|
445560322|
445560323|
445560324|
445560325|
445560326|
445560327|
445560352|
445560353|
445560354|
445560355|
445560356|
445560357|
445560358|
445560359|
445560384|
445560385|
445560386|
445560387|
445560388|
445560389|
445560390|
445560391|
445560416|
445560417|
445560418|
445560419|
445560420|
445560421|
445560422|
445560423|
445560448|
445560449|
445560450|
445560451|
445560452|
445560453|
445560454|
445560455|
445560480|
445560481|
445560482|
445560483|
445560484|
445560485|
445560486|
