899580358|
899580359|
899580384|
899580385|
899580386|
899580387|
899580388|
899580389|
899580390|
899580391|
899580416|
899580417|
899580418|
899580419|
899580420|
899580421|
899580422|
899580423|
899580448|
899580449|
899580450|
899580451|
899580452|
899580453|
899580454|
899580455|
899580480|
899580481|
899580482|
899580483|
899580484|
899580485|
899580486|
899580487|
899580512|
899580513|
899580514|
899580515|
899580516|
899580517|
899580518|
899580519|
899580544|
899580545|
899580546|
899580547|
899580548|
899580549|
899580550|
899580551|
899580576|
899580577|
899580578|
899580579|
899580580|
899580581|
899580582|
899580583|
899580608|
899580609|
899580610|
899580611|
899580612|
899580613|
899580614|
899580615|
899580640|
899580641|
899580642|
899580643|
899580644|
899580645|
899580646|
899580647|
899580672|
899580673|
899580674|
899580675|
899580676|
899580677|
899580678|
899580679|
899580704|
899580705|
899580706|
899580707|
899580708|
899580709|
899580710|
899580711|
899580736|
899580737|
899580738|
899580739|
899580740|
899580741|
899580742|
899580743|
899580768|
899580769|
