5820386|
5820387|
5820388|
5820389|
5820390|
5820391|
5820416|
5820417|
5820418|
5820419|
5820420|
5820421|
5820422|
5820423|
5820448|
5820449|
5820450|
5820451|
5820452|
5820453|
5820454|
5820455|
5820480|
5820481|
5820482|
5820483|
5820484|
5820485|
5820486|
5820487|
5820512|
5820513|
5820514|
5820515|
5820516|
5820517|
5820518|
5820519|
5820544|
5820545|
5820546|
5820547|
5820548|
5820549|
5820550|
5820551|
5820576|
5820577|
5820578|
5820579|
5820580|
5820581|
5820582|
5820583|
5820608|
5820609|
5820610|
5820611|
5820612|
5820613|
5820614|
5820615|
5820640|
5820641|
5820642|
5820643|
5820644|
5820645|
5820646|
5820647|
5820672|
5820673|
5820674|
5820675|
5820676|
5820677|
5820678|
5820679|
5820704|
5820705|
5820706|
5820707|
5820708|
5820709|
5820710|
5820711|
5820736|
5820737|
5820738|
5820739|
5820740|
5820741|
5820742|
5820743|
5820768|
5820769|
5820770|
5820771|
5820772|
5820773|
