897540228|
897540229|
897540230|
897540231|
897540256|
897540257|
897540258|
897540259|
897540260|
897540261|
897540262|
897540263|
897540288|
897540289|
897540290|
897540291|
897540292|
897540293|
897540294|
897540295|
897540320|
897540321|
897540322|
897540323|
897540324|
897540325|
897540326|
897540327|
897540352|
897540353|
897540354|
897540355|
897540356|
897540357|
897540358|
897540359|
897540384|
897540385|
897540386|
897540387|
897540388|
897540389|
897540390|
897540391|
897540416|
897540417|
897540418|
897540419|
897540420|
897540421|
897540422|
897540423|
897540448|
897540449|
897540450|
897540451|
897540452|
897540453|
897540454|
897540455|
897540480|
897540481|
897540482|
897540483|
897540484|
897540485|
897540486|
897540487|
897540512|
897540513|
897540514|
897540515|
897540516|
897540517|
897540518|
897540519|
897540544|
897540545|
897540546|
897540547|
897540548|
897540549|
897540550|
897540551|
897540576|
897540577|
897540578|
897540579|
897540580|
897540581|
897540582|
897540583|
897540608|
897540609|
897540610|
897540611|
897540612|
897540613|
897540614|
897540615|
