3420226|
3420227|
3420228|
3420229|
3420230|
3420231|
3420256|
3420257|
3420258|
3420259|
3420260|
3420261|
3420262|
3420263|
3420288|
3420289|
3420290|
3420291|
3420292|
3420293|
3420294|
3420295|
3420320|
3420321|
3420322|
3420323|
3420324|
3420325|
3420326|
3420327|
3420352|
3420353|
3420354|
3420355|
3420356|
3420357|
3420358|
3420359|
3420384|
3420385|
3420386|
3420387|
3420388|
3420389|
3420390|
3420391|
3420416|
3420417|
3420418|
3420419|
3420420|
3420421|
3420422|
3420423|
3420448|
3420449|
3420450|
3420451|
3420452|
3420453|
3420454|
3420455|
3420480|
3420481|
3420482|
3420483|
3420484|
3420485|
3420486|
3420487|
3420512|
3420513|
3420514|
3420515|
3420516|
3420517|
3420518|
3420519|
3420544|
3420545|
3420546|
3420547|
3420548|
3420549|
3420550|
3420551|
3420576|
3420577|
3420578|
3420579|
3420580|
3420581|
3420582|
3420583|
3420608|
3420609|
3420610|
3420611|
3420612|
3420613|
