540034|
540035|
540036|
540037|
540038|
540039|
540064|
540065|
540066|
540067|
540068|
540069|
540070|
540071|
540096|
540097|
540098|
540099|
540100|
540101|
540102|
540103|
540128|
540129|
540130|
540131|
540132|
540133|
540134|
540135|
540160|
540161|
540162|
540163|
540164|
540165|
540166|
540167|
540192|
540193|
540194|
540195|
540196|
540197|
540198|
540199|
540224|
540225|
540226|
540227|
540228|
540229|
540230|
540231|
540256|
540257|
540258|
540259|
540260|
540261|
540262|
540263|
540288|
540289|
540290|
540291|
540292|
540293|
540294|
540295|
540320|
540321|
540322|
540323|
540324|
540325|
540326|
540327|
540352|
540353|
540354|
540355|
540356|
540357|
540358|
540359|
540384|
540385|
540386|
540387|
540388|
540389|
540390|
540391|
540416|
540417|
540418|
540419|
540420|
540421|
