446220134|
446220135|
446220160|
446220161|
446220162|
446220163|
446220164|
446220165|
446220166|
446220167|
446220192|
446220193|
446220194|
446220195|
446220196|
446220197|
446220198|
446220199|
446220224|
446220225|
446220226|
446220227|
446220228|
446220229|
446220230|
446220231|
446220256|
446220257|
446220258|
446220259|
446220260|
446220261|
446220262|
446220263|
446220288|
446220289|
446220290|
446220291|
446220292|
446220293|
446220294|
446220295|
446220320|
446220321|
446220322|
446220323|
446220324|
446220325|
446220326|
446220327|
446220352|
446220353|
446220354|
446220355|
446220356|
446220357|
446220358|
446220359|
446220384|
446220385|
446220386|
446220387|
446220388|
446220389|
446220390|
446220391|
446220416|
446220417|
446220418|
446220419|
446220420|
446220421|
446220422|
446220423|
446220448|
446220449|
446220450|
446220451|
446220452|
446220453|
446220454|
446220455|
446220480|
446220481|
446220482|
446220483|
446220484|
446220485|
446220486|
446220487|
446220512|
446220513|
446220514|
446220515|
446220516|
446220517|
446220518|
446220519|
446220544|
446220545|
