447180198|
447180199|
447180224|
447180225|
447180226|
447180227|
447180228|
447180229|
447180230|
447180231|
447180256|
447180257|
447180258|
447180259|
447180260|
447180261|
447180262|
447180263|
447180288|
447180289|
447180290|
447180291|
447180292|
447180293|
447180294|
447180295|
447180320|
447180321|
447180322|
447180323|
447180324|
447180325|
447180326|
447180327|
447180352|
447180353|
447180354|
447180355|
447180356|
447180357|
447180358|
447180359|
447180384|
447180385|
447180386|
447180387|
447180388|
447180389|
447180390|
447180391|
447180416|
447180417|
447180418|
447180419|
447180420|
447180421|
447180422|
447180423|
447180448|
447180449|
447180450|
447180451|
447180452|
447180453|
447180454|
447180455|
447180480|
447180481|
447180482|
447180483|
447180484|
447180485|
447180486|
447180487|
447180512|
447180513|
447180514|
447180515|
447180516|
447180517|
447180518|
447180519|
447180544|
447180545|
447180546|
447180547|
447180548|
447180549|
447180550|
447180551|
447180576|
447180577|
447180578|
447180579|
447180580|
447180581|
447180582|
447180583|
447180608|
447180609|
