447120197|
447120198|
447120199|
447120224|
447120225|
447120226|
447120227|
447120228|
447120229|
447120230|
447120231|
447120256|
447120257|
447120258|
447120259|
447120260|
447120261|
447120262|
447120263|
447120288|
447120289|
447120290|
447120291|
447120292|
447120293|
447120294|
447120295|
447120320|
447120321|
447120322|
447120323|
447120324|
447120325|
447120326|
447120327|
447120352|
447120353|
447120354|
447120355|
447120356|
447120357|
447120358|
447120359|
447120384|
447120385|
447120386|
447120387|
447120388|
447120389|
447120390|
447120391|
447120416|
447120417|
447120418|
447120419|
447120420|
447120421|
447120422|
447120423|
447120448|
447120449|
447120450|
447120451|
447120452|
447120453|
447120454|
447120455|
447120480|
447120481|
447120482|
447120483|
447120484|
447120485|
447120486|
447120487|
447120512|
447120513|
447120514|
447120515|
447120516|
447120517|
447120518|
447120519|
447120544|
447120545|
447120546|
447120547|
447120548|
447120549|
447120550|
447120551|
447120576|
447120577|
447120578|
447120579|
447120580|
447120581|
447120582|
447120583|
447120608|
