898800321|
898800322|
898800323|
898800324|
898800325|
898800326|
898800327|
898800352|
898800353|
898800354|
898800355|
898800356|
898800357|
898800358|
898800359|
898800384|
898800385|
898800386|
898800387|
898800388|
898800389|
898800390|
898800391|
898800416|
898800417|
898800418|
898800419|
898800420|
898800421|
898800422|
898800423|
898800448|
898800449|
898800450|
898800451|
898800452|
898800453|
898800454|
898800455|
898800480|
898800481|
898800482|
898800483|
898800484|
898800485|
898800486|
898800487|
898800512|
898800513|
898800514|
898800515|
898800516|
898800517|
898800518|
898800519|
898800544|
898800545|
898800546|
898800547|
898800548|
898800549|
898800550|
898800551|
898800576|
898800577|
898800578|
898800579|
898800580|
898800581|
898800582|
898800583|
898800608|
898800609|
898800610|
898800611|
898800612|
898800613|
898800614|
898800615|
898800640|
898800641|
898800642|
898800643|
898800644|
898800645|
898800646|
898800647|
898800672|
898800673|
898800674|
898800675|
898800676|
898800677|
898800678|
898800679|
898800704|
898800705|
898800706|
898800707|
898800708|
