896820192|
896820193|
896820194|
896820195|
896820196|
896820197|
896820198|
896820199|
896820224|
896820225|
896820226|
896820227|
896820228|
896820229|
896820230|
896820231|
896820256|
896820257|
896820258|
896820259|
896820260|
896820261|
896820262|
896820263|
896820288|
896820289|
896820290|
896820291|
896820292|
896820293|
896820294|
896820295|
896820320|
896820321|
896820322|
896820323|
896820324|
896820325|
896820326|
896820327|
896820352|
896820353|
896820354|
896820355|
896820356|
896820357|
896820358|
896820359|
896820384|
896820385|
896820386|
896820387|
896820388|
896820389|
896820390|
896820391|
896820416|
896820417|
896820418|
896820419|
896820420|
896820421|
896820422|
896820423|
896820448|
896820449|
896820450|
896820451|
896820452|
896820453|
896820454|
896820455|
896820480|
896820481|
896820482|
896820483|
896820484|
896820485|
896820486|
896820487|
896820512|
896820513|
896820514|
896820515|
896820516|
896820517|
896820518|
896820519|
896820544|
896820545|
896820546|
896820547|
896820548|
896820549|
896820550|
896820551|
896820576|
896820577|
896820578|
896820579|
