899640359|
899640384|
899640385|
899640386|
899640387|
899640388|
899640389|
899640390|
899640391|
899640416|
899640417|
899640418|
899640419|
899640420|
899640421|
899640422|
899640423|
899640448|
899640449|
899640450|
899640451|
899640452|
899640453|
899640454|
899640455|
899640480|
899640481|
899640482|
899640483|
899640484|
899640485|
899640486|
899640487|
899640512|
899640513|
899640514|
899640515|
899640516|
899640517|
899640518|
899640519|
899640544|
899640545|
899640546|
899640547|
899640548|
899640549|
899640550|
899640551|
899640576|
899640577|
899640578|
899640579|
899640580|
899640581|
899640582|
899640583|
899640608|
899640609|
899640610|
899640611|
899640612|
899640613|
899640614|
899640615|
899640640|
899640641|
899640642|
899640643|
899640644|
899640645|
899640646|
899640647|
899640672|
899640673|
899640674|
899640675|
899640676|
899640677|
899640678|
899640679|
899640704|
899640705|
899640706|
899640707|
899640708|
899640709|
899640710|
899640711|
899640736|
899640737|
899640738|
899640739|
899640740|
899640741|
899640742|
899640743|
899640768|
899640769|
899640770|
