449880387|
449880388|
449880389|
449880390|
449880391|
449880416|
449880417|
449880418|
449880419|
449880420|
449880421|
449880422|
449880423|
449880448|
449880449|
449880450|
449880451|
449880452|
449880453|
449880454|
449880455|
449880480|
449880481|
449880482|
449880483|
449880484|
449880485|
449880486|
449880487|
449880512|
449880513|
449880514|
449880515|
449880516|
449880517|
449880518|
449880519|
449880544|
449880545|
449880546|
449880547|
449880548|
449880549|
449880550|
449880551|
449880576|
449880577|
449880578|
449880579|
449880580|
449880581|
449880582|
449880583|
449880608|
449880609|
449880610|
449880611|
449880612|
449880613|
449880614|
449880615|
449880640|
449880641|
449880642|
449880643|
449880644|
449880645|
449880646|
449880647|
449880672|
449880673|
449880674|
449880675|
449880676|
449880677|
449880678|
449880679|
449880704|
449880705|
449880706|
449880707|
449880708|
449880709|
449880710|
449880711|
449880736|
449880737|
449880738|
449880739|
449880740|
449880741|
449880742|
449880743|
449880768|
449880769|
449880770|
449880771|
449880772|
449880773|
449880774|
