449100326|
449100327|
449100352|
449100353|
449100354|
449100355|
449100356|
449100357|
449100358|
449100359|
449100384|
449100385|
449100386|
449100387|
449100388|
449100389|
449100390|
449100391|
449100416|
449100417|
449100418|
449100419|
449100420|
449100421|
449100422|
449100423|
449100448|
449100449|
449100450|
449100451|
449100452|
449100453|
449100454|
449100455|
449100480|
449100481|
449100482|
449100483|
449100484|
449100485|
449100486|
449100487|
449100512|
449100513|
449100514|
449100515|
449100516|
449100517|
449100518|
449100519|
449100544|
449100545|
449100546|
449100547|
449100548|
449100549|
449100550|
449100551|
449100576|
449100577|
449100578|
449100579|
449100580|
449100581|
449100582|
449100583|
449100608|
449100609|
449100610|
449100611|
449100612|
449100613|
449100614|
449100615|
449100640|
449100641|
449100642|
449100643|
449100644|
449100645|
449100646|
449100647|
449100672|
449100673|
449100674|
449100675|
449100676|
449100677|
449100678|
449100679|
449100704|
449100705|
449100706|
449100707|
449100708|
449100709|
449100710|
449100711|
449100736|
449100737|
