898920323|
898920324|
898920325|
898920326|
898920327|
898920352|
898920353|
898920354|
898920355|
898920356|
898920357|
898920358|
898920359|
898920384|
898920385|
898920386|
898920387|
898920388|
898920389|
898920390|
898920391|
898920416|
898920417|
898920418|
898920419|
898920420|
898920421|
898920422|
898920423|
898920448|
898920449|
898920450|
898920451|
898920452|
898920453|
898920454|
898920455|
898920480|
898920481|
898920482|
898920483|
898920484|
898920485|
898920486|
898920487|
898920512|
898920513|
898920514|
898920515|
898920516|
898920517|
898920518|
898920519|
898920544|
898920545|
898920546|
898920547|
898920548|
898920549|
898920550|
898920551|
898920576|
898920577|
898920578|
898920579|
898920580|
898920581|
898920582|
898920583|
898920608|
898920609|
898920610|
898920611|
898920612|
898920613|
898920614|
898920615|
898920640|
898920641|
898920642|
898920643|
898920644|
898920645|
898920646|
898920647|
898920672|
898920673|
898920674|
898920675|
898920676|
898920677|
898920678|
898920679|
898920704|
898920705|
898920706|
898920707|
898920708|
898920709|
898920710|
