896040131|
896040132|
896040133|
896040134|
896040135|
896040160|
896040161|
896040162|
896040163|
896040164|
896040165|
896040166|
896040167|
896040192|
896040193|
896040194|
896040195|
896040196|
896040197|
896040198|
896040199|
896040224|
896040225|
896040226|
896040227|
896040228|
896040229|
896040230|
896040231|
896040256|
896040257|
896040258|
896040259|
896040260|
896040261|
896040262|
896040263|
896040288|
896040289|
896040290|
896040291|
896040292|
896040293|
896040294|
896040295|
896040320|
896040321|
896040322|
896040323|
896040324|
896040325|
896040326|
896040327|
896040352|
896040353|
896040354|
896040355|
896040356|
896040357|
896040358|
896040359|
896040384|
896040385|
896040386|
896040387|
896040388|
896040389|
896040390|
896040391|
896040416|
896040417|
896040418|
896040419|
896040420|
896040421|
896040422|
896040423|
896040448|
896040449|
896040450|
896040451|
896040452|
896040453|
896040454|
896040455|
896040480|
896040481|
896040482|
896040483|
896040484|
896040485|
896040486|
896040487|
896040512|
896040513|
896040514|
896040515|
896040516|
896040517|
896040518|
