2880193|
2880194|
2880195|
2880196|
2880197|
2880198|
2880199|
2880224|
2880225|
2880226|
2880227|
2880228|
2880229|
2880230|
2880231|
2880256|
2880257|
2880258|
2880259|
2880260|
2880261|
2880262|
2880263|
2880288|
2880289|
2880290|
2880291|
2880292|
2880293|
2880294|
2880295|
2880320|
2880321|
2880322|
2880323|
2880324|
2880325|
2880326|
2880327|
2880352|
2880353|
2880354|
2880355|
2880356|
2880357|
2880358|
2880359|
2880384|
2880385|
2880386|
2880387|
2880388|
2880389|
2880390|
2880391|
2880416|
2880417|
2880418|
2880419|
2880420|
2880421|
2880422|
2880423|
2880448|
2880449|
2880450|
2880451|
2880452|
2880453|
2880454|
2880455|
2880480|
2880481|
2880482|
2880483|
2880484|
2880485|
2880486|
2880487|
2880512|
2880513|
2880514|
2880515|
2880516|
2880517|
2880518|
2880519|
2880544|
2880545|
2880546|
2880547|
2880548|
2880549|
2880550|
2880551|
2880576|
2880577|
2880578|
2880579|
2880580|
