897600229|
897600230|
897600231|
897600256|
897600257|
897600258|
897600259|
897600260|
897600261|
897600262|
897600263|
897600288|
897600289|
897600290|
897600291|
897600292|
897600293|
897600294|
897600295|
897600320|
897600321|
897600322|
897600323|
897600324|
897600325|
897600326|
897600327|
897600352|
897600353|
897600354|
897600355|
897600356|
897600357|
897600358|
897600359|
897600384|
897600385|
897600386|
897600387|
897600388|
897600389|
897600390|
897600391|
897600416|
897600417|
897600418|
897600419|
897600420|
897600421|
897600422|
897600423|
897600448|
897600449|
897600450|
897600451|
897600452|
897600453|
897600454|
897600455|
897600480|
897600481|
897600482|
897600483|
897600484|
897600485|
897600486|
897600487|
897600512|
897600513|
897600514|
897600515|
897600516|
897600517|
897600518|
897600519|
897600544|
897600545|
897600546|
897600547|
897600548|
897600549|
897600550|
897600551|
897600576|
897600577|
897600578|
897600579|
897600580|
897600581|
897600582|
897600583|
897600608|
897600609|
897600610|
897600611|
897600612|
897600613|
897600614|
897600615|
897600640|
