447360225|
447360226|
447360227|
447360228|
447360229|
447360230|
447360231|
447360256|
447360257|
447360258|
447360259|
447360260|
447360261|
447360262|
447360263|
447360288|
447360289|
447360290|
447360291|
447360292|
447360293|
447360294|
447360295|
447360320|
447360321|
447360322|
447360323|
447360324|
447360325|
447360326|
447360327|
447360352|
447360353|
447360354|
447360355|
447360356|
447360357|
447360358|
447360359|
447360384|
447360385|
447360386|
447360387|
447360388|
447360389|
447360390|
447360391|
447360416|
447360417|
447360418|
447360419|
447360420|
447360421|
447360422|
447360423|
447360448|
447360449|
447360450|
447360451|
447360452|
447360453|
447360454|
447360455|
447360480|
447360481|
447360482|
447360483|
447360484|
447360485|
447360486|
447360487|
447360512|
447360513|
447360514|
447360515|
447360516|
447360517|
447360518|
447360519|
447360544|
447360545|
447360546|
447360547|
447360548|
447360549|
447360550|
447360551|
447360576|
447360577|
447360578|
447360579|
447360580|
447360581|
447360582|
447360583|
447360608|
447360609|
447360610|
447360611|
447360612|
