4980324|
4980325|
4980326|
4980327|
4980352|
4980353|
4980354|
4980355|
4980356|
4980357|
4980358|
4980359|
4980384|
4980385|
4980386|
4980387|
4980388|
4980389|
4980390|
4980391|
4980416|
4980417|
4980418|
4980419|
4980420|
4980421|
4980422|
4980423|
4980448|
4980449|
4980450|
4980451|
4980452|
4980453|
4980454|
4980455|
4980480|
4980481|
4980482|
4980483|
4980484|
4980485|
4980486|
4980487|
4980512|
4980513|
4980514|
4980515|
4980516|
4980517|
4980518|
4980519|
4980544|
4980545|
4980546|
4980547|
4980548|
4980549|
4980550|
4980551|
4980576|
4980577|
4980578|
4980579|
4980580|
4980581|
4980582|
4980583|
4980608|
4980609|
4980610|
4980611|
4980612|
4980613|
4980614|
4980615|
4980640|
4980641|
4980642|
4980643|
4980644|
4980645|
4980646|
4980647|
4980672|
4980673|
4980674|
4980675|
4980676|
4980677|
4980678|
4980679|
4980704|
4980705|
4980706|
4980707|
4980708|
4980709|
4980710|
4980711|
