5940388|
5940389|
5940390|
5940391|
5940416|
5940417|
5940418|
5940419|
5940420|
5940421|
5940422|
5940423|
5940448|
5940449|
5940450|
5940451|
5940452|
5940453|
5940454|
5940455|
5940480|
5940481|
5940482|
5940483|
5940484|
5940485|
5940486|
5940487|
5940512|
5940513|
5940514|
5940515|
5940516|
5940517|
5940518|
5940519|
5940544|
5940545|
5940546|
5940547|
5940548|
5940549|
5940550|
5940551|
5940576|
5940577|
5940578|
5940579|
5940580|
5940581|
5940582|
5940583|
5940608|
5940609|
5940610|
5940611|
5940612|
5940613|
5940614|
5940615|
5940640|
5940641|
5940642|
5940643|
5940644|
5940645|
5940646|
5940647|
5940672|
5940673|
5940674|
5940675|
5940676|
5940677|
5940678|
5940679|
5940704|
5940705|
5940706|
5940707|
5940708|
5940709|
5940710|
5940711|
5940736|
5940737|
5940738|
5940739|
5940740|
5940741|
5940742|
5940743|
5940768|
5940769|
5940770|
5940771|
5940772|
5940773|
5940774|
5940775|
