448920323|
448920324|
448920325|
448920326|
448920327|
448920352|
448920353|
448920354|
448920355|
448920356|
448920357|
448920358|
448920359|
448920384|
448920385|
448920386|
448920387|
448920388|
448920389|
448920390|
448920391|
448920416|
448920417|
448920418|
448920419|
448920420|
448920421|
448920422|
448920423|
448920448|
448920449|
448920450|
448920451|
448920452|
448920453|
448920454|
448920455|
448920480|
448920481|
448920482|
448920483|
448920484|
448920485|
448920486|
448920487|
448920512|
448920513|
448920514|
448920515|
448920516|
448920517|
448920518|
448920519|
448920544|
448920545|
448920546|
448920547|
448920548|
448920549|
448920550|
448920551|
448920576|
448920577|
448920578|
448920579|
448920580|
448920581|
448920582|
448920583|
448920608|
448920609|
448920610|
448920611|
448920612|
448920613|
448920614|
448920615|
448920640|
448920641|
448920642|
448920643|
448920644|
448920645|
448920646|
448920647|
448920672|
448920673|
448920674|
448920675|
448920676|
448920677|
448920678|
448920679|
448920704|
448920705|
448920706|
448920707|
448920708|
448920709|
448920710|
