449580358|
449580359|
449580384|
449580385|
449580386|
449580387|
449580388|
449580389|
449580390|
449580391|
449580416|
449580417|
449580418|
449580419|
449580420|
449580421|
449580422|
449580423|
449580448|
449580449|
449580450|
449580451|
449580452|
449580453|
449580454|
449580455|
449580480|
449580481|
449580482|
449580483|
449580484|
449580485|
449580486|
449580487|
449580512|
449580513|
449580514|
449580515|
449580516|
449580517|
449580518|
449580519|
449580544|
449580545|
449580546|
449580547|
449580548|
449580549|
449580550|
449580551|
449580576|
449580577|
449580578|
449580579|
449580580|
449580581|
449580582|
449580583|
449580608|
449580609|
449580610|
449580611|
449580612|
449580613|
449580614|
449580615|
449580640|
449580641|
449580642|
449580643|
449580644|
449580645|
449580646|
449580647|
449580672|
449580673|
449580674|
449580675|
449580676|
449580677|
449580678|
449580679|
449580704|
449580705|
449580706|
449580707|
449580708|
449580709|
449580710|
449580711|
449580736|
449580737|
449580738|
449580739|
449580740|
449580741|
449580742|
449580743|
449580768|
449580769|
