445260070|
445260071|
445260096|
445260097|
445260098|
445260099|
445260100|
445260101|
445260102|
445260103|
445260128|
445260129|
445260130|
445260131|
445260132|
445260133|
445260134|
445260135|
445260160|
445260161|
445260162|
445260163|
445260164|
445260165|
445260166|
445260167|
445260192|
445260193|
445260194|
445260195|
445260196|
445260197|
445260198|
445260199|
445260224|
445260225|
445260226|
445260227|
445260228|
445260229|
445260230|
445260231|
445260256|
445260257|
445260258|
445260259|
445260260|
445260261|
445260262|
445260263|
445260288|
445260289|
445260290|
445260291|
445260292|
445260293|
445260294|
445260295|
445260320|
445260321|
445260322|
445260323|
445260324|
445260325|
445260326|
445260327|
445260352|
445260353|
445260354|
445260355|
445260356|
445260357|
445260358|
445260359|
445260384|
445260385|
445260386|
445260387|
445260388|
445260389|
445260390|
445260391|
445260416|
445260417|
445260418|
445260419|
445260420|
445260421|
445260422|
445260423|
445260448|
445260449|
445260450|
445260451|
445260452|
445260453|
445260454|
445260455|
445260480|
445260481|
