446160133|
446160134|
446160135|
446160160|
446160161|
446160162|
446160163|
446160164|
446160165|
446160166|
446160167|
446160192|
446160193|
446160194|
446160195|
446160196|
446160197|
446160198|
446160199|
446160224|
446160225|
446160226|
446160227|
446160228|
446160229|
446160230|
446160231|
446160256|
446160257|
446160258|
446160259|
446160260|
446160261|
446160262|
446160263|
446160288|
446160289|
446160290|
446160291|
446160292|
446160293|
446160294|
446160295|
446160320|
446160321|
446160322|
446160323|
446160324|
446160325|
446160326|
446160327|
446160352|
446160353|
446160354|
446160355|
446160356|
446160357|
446160358|
446160359|
446160384|
446160385|
446160386|
446160387|
446160388|
446160389|
446160390|
446160391|
446160416|
446160417|
446160418|
446160419|
446160420|
446160421|
446160422|
446160423|
446160448|
446160449|
446160450|
446160451|
446160452|
446160453|
446160454|
446160455|
446160480|
446160481|
446160482|
446160483|
446160484|
446160485|
446160486|
446160487|
446160512|
446160513|
446160514|
446160515|
446160516|
446160517|
446160518|
446160519|
446160544|
