445860128|
445860129|
445860130|
445860131|
445860132|
445860133|
445860134|
445860135|
445860160|
445860161|
445860162|
445860163|
445860164|
445860165|
445860166|
445860167|
445860192|
445860193|
445860194|
445860195|
445860196|
445860197|
445860198|
445860199|
445860224|
445860225|
445860226|
445860227|
445860228|
445860229|
445860230|
445860231|
445860256|
445860257|
445860258|
445860259|
445860260|
445860261|
445860262|
445860263|
445860288|
445860289|
445860290|
445860291|
445860292|
445860293|
445860294|
445860295|
445860320|
445860321|
445860322|
445860323|
445860324|
445860325|
445860326|
445860327|
445860352|
445860353|
445860354|
445860355|
445860356|
445860357|
445860358|
445860359|
445860384|
445860385|
445860386|
445860387|
445860388|
445860389|
445860390|
445860391|
445860416|
445860417|
445860418|
445860419|
445860420|
445860421|
445860422|
445860423|
445860448|
445860449|
445860450|
445860451|
445860452|
445860453|
445860454|
445860455|
445860480|
445860481|
445860482|
445860483|
445860484|
445860485|
445860486|
445860487|
445860512|
445860513|
445860514|
445860515|
