447300224|
447300225|
447300226|
447300227|
447300228|
447300229|
447300230|
447300231|
447300256|
447300257|
447300258|
447300259|
447300260|
447300261|
447300262|
447300263|
447300288|
447300289|
447300290|
447300291|
447300292|
447300293|
447300294|
447300295|
447300320|
447300321|
447300322|
447300323|
447300324|
447300325|
447300326|
447300327|
447300352|
447300353|
447300354|
447300355|
447300356|
447300357|
447300358|
447300359|
447300384|
447300385|
447300386|
447300387|
447300388|
447300389|
447300390|
447300391|
447300416|
447300417|
447300418|
447300419|
447300420|
447300421|
447300422|
447300423|
447300448|
447300449|
447300450|
447300451|
447300452|
447300453|
447300454|
447300455|
447300480|
447300481|
447300482|
447300483|
447300484|
447300485|
447300486|
447300487|
447300512|
447300513|
447300514|
447300515|
447300516|
447300517|
447300518|
447300519|
447300544|
447300545|
447300546|
447300547|
447300548|
447300549|
447300550|
447300551|
447300576|
447300577|
447300578|
447300579|
447300580|
447300581|
447300582|
447300583|
447300608|
447300609|
447300610|
447300611|
