1500098|
1500099|
1500100|
1500101|
1500102|
1500103|
1500128|
1500129|
1500130|
1500131|
1500132|
1500133|
1500134|
1500135|
1500160|
1500161|
1500162|
1500163|
1500164|
1500165|
1500166|
1500167|
1500192|
1500193|
1500194|
1500195|
1500196|
1500197|
1500198|
1500199|
1500224|
1500225|
1500226|
1500227|
1500228|
1500229|
1500230|
1500231|
1500256|
1500257|
1500258|
1500259|
1500260|
1500261|
1500262|
1500263|
1500288|
1500289|
1500290|
1500291|
1500292|
1500293|
1500294|
1500295|
1500320|
1500321|
1500322|
1500323|
1500324|
1500325|
1500326|
1500327|
1500352|
1500353|
1500354|
1500355|
1500356|
1500357|
1500358|
1500359|
1500384|
1500385|
1500386|
1500387|
1500388|
1500389|
1500390|
1500391|
1500416|
1500417|
1500418|
1500419|
1500420|
1500421|
1500422|
1500423|
1500448|
1500449|
1500450|
1500451|
1500452|
1500453|
1500454|
1500455|
1500480|
1500481|
1500482|
1500483|
1500484|
1500485|
