3960259|
3960260|
3960261|
3960262|
3960263|
3960288|
3960289|
3960290|
3960291|
3960292|
3960293|
3960294|
3960295|
3960320|
3960321|
3960322|
3960323|
3960324|
3960325|
3960326|
3960327|
3960352|
3960353|
3960354|
3960355|
3960356|
3960357|
3960358|
3960359|
3960384|
3960385|
3960386|
3960387|
3960388|
3960389|
3960390|
3960391|
3960416|
3960417|
3960418|
3960419|
3960420|
3960421|
3960422|
3960423|
3960448|
3960449|
3960450|
3960451|
3960452|
3960453|
3960454|
3960455|
3960480|
3960481|
3960482|
3960483|
3960484|
3960485|
3960486|
3960487|
3960512|
3960513|
3960514|
3960515|
3960516|
3960517|
3960518|
3960519|
3960544|
3960545|
3960546|
3960547|
3960548|
3960549|
3960550|
3960551|
3960576|
3960577|
3960578|
3960579|
3960580|
3960581|
3960582|
3960583|
3960608|
3960609|
3960610|
3960611|
3960612|
3960613|
3960614|
3960615|
3960640|
3960641|
3960642|
3960643|
3960644|
3960645|
3960646|
