5100326|
5100327|
5100352|
5100353|
5100354|
5100355|
5100356|
5100357|
5100358|
5100359|
5100384|
5100385|
5100386|
5100387|
5100388|
5100389|
5100390|
5100391|
5100416|
5100417|
5100418|
5100419|
5100420|
5100421|
5100422|
5100423|
5100448|
5100449|
5100450|
5100451|
5100452|
5100453|
5100454|
5100455|
5100480|
5100481|
5100482|
5100483|
5100484|
5100485|
5100486|
5100487|
5100512|
5100513|
5100514|
5100515|
5100516|
5100517|
5100518|
5100519|
5100544|
5100545|
5100546|
5100547|
5100548|
5100549|
5100550|
5100551|
5100576|
5100577|
5100578|
5100579|
5100580|
5100581|
5100582|
5100583|
5100608|
5100609|
5100610|
5100611|
5100612|
5100613|
5100614|
5100615|
5100640|
5100641|
5100642|
5100643|
5100644|
5100645|
5100646|
5100647|
5100672|
5100673|
5100674|
5100675|
5100676|
5100677|
5100678|
5100679|
5100704|
5100705|
5100706|
5100707|
5100708|
5100709|
5100710|
5100711|
5100736|
5100737|
