898980324|
898980325|
898980326|
898980327|
898980352|
898980353|
898980354|
898980355|
898980356|
898980357|
898980358|
898980359|
898980384|
898980385|
898980386|
898980387|
898980388|
898980389|
898980390|
898980391|
898980416|
898980417|
898980418|
898980419|
898980420|
898980421|
898980422|
898980423|
898980448|
898980449|
898980450|
898980451|
898980452|
898980453|
898980454|
898980455|
898980480|
898980481|
898980482|
898980483|
898980484|
898980485|
898980486|
898980487|
898980512|
898980513|
898980514|
898980515|
898980516|
898980517|
898980518|
898980519|
898980544|
898980545|
898980546|
898980547|
898980548|
898980549|
898980550|
898980551|
898980576|
898980577|
898980578|
898980579|
898980580|
898980581|
898980582|
898980583|
898980608|
898980609|
898980610|
898980611|
898980612|
898980613|
898980614|
898980615|
898980640|
898980641|
898980642|
898980643|
898980644|
898980645|
898980646|
898980647|
898980672|
898980673|
898980674|
898980675|
898980676|
898980677|
898980678|
898980679|
898980704|
898980705|
898980706|
898980707|
898980708|
898980709|
898980710|
898980711|
