2520163|
2520164|
2520165|
2520166|
2520167|
2520192|
2520193|
2520194|
2520195|
2520196|
2520197|
2520198|
2520199|
2520224|
2520225|
2520226|
2520227|
2520228|
2520229|
2520230|
2520231|
2520256|
2520257|
2520258|
2520259|
2520260|
2520261|
2520262|
2520263|
2520288|
2520289|
2520290|
2520291|
2520292|
2520293|
2520294|
2520295|
2520320|
2520321|
2520322|
2520323|
2520324|
2520325|
2520326|
2520327|
2520352|
2520353|
2520354|
2520355|
2520356|
2520357|
2520358|
2520359|
2520384|
2520385|
2520386|
2520387|
2520388|
2520389|
2520390|
2520391|
2520416|
2520417|
2520418|
2520419|
2520420|
2520421|
2520422|
2520423|
2520448|
2520449|
2520450|
2520451|
2520452|
2520453|
2520454|
2520455|
2520480|
2520481|
2520482|
2520483|
2520484|
2520485|
2520486|
2520487|
2520512|
2520513|
2520514|
2520515|
2520516|
2520517|
2520518|
2520519|
2520544|
2520545|
2520546|
2520547|
2520548|
2520549|
2520550|
