445680101|
445680102|
445680103|
445680128|
445680129|
445680130|
445680131|
445680132|
445680133|
445680134|
445680135|
445680160|
445680161|
445680162|
445680163|
445680164|
445680165|
445680166|
445680167|
445680192|
445680193|
445680194|
445680195|
445680196|
445680197|
445680198|
445680199|
445680224|
445680225|
445680226|
445680227|
445680228|
445680229|
445680230|
445680231|
445680256|
445680257|
445680258|
445680259|
445680260|
445680261|
445680262|
445680263|
445680288|
445680289|
445680290|
445680291|
445680292|
445680293|
445680294|
445680295|
445680320|
445680321|
445680322|
445680323|
445680324|
445680325|
445680326|
445680327|
445680352|
445680353|
445680354|
445680355|
445680356|
445680357|
445680358|
445680359|
445680384|
445680385|
445680386|
445680387|
445680388|
445680389|
445680390|
445680391|
445680416|
445680417|
445680418|
445680419|
445680420|
445680421|
445680422|
445680423|
445680448|
445680449|
445680450|
445680451|
445680452|
445680453|
445680454|
445680455|
445680480|
445680481|
445680482|
445680483|
445680484|
445680485|
445680486|
445680487|
445680512|
