899160327|
899160352|
899160353|
899160354|
899160355|
899160356|
899160357|
899160358|
899160359|
899160384|
899160385|
899160386|
899160387|
899160388|
899160389|
899160390|
899160391|
899160416|
899160417|
899160418|
899160419|
899160420|
899160421|
899160422|
899160423|
899160448|
899160449|
899160450|
899160451|
899160452|
899160453|
899160454|
899160455|
899160480|
899160481|
899160482|
899160483|
899160484|
899160485|
899160486|
899160487|
899160512|
899160513|
899160514|
899160515|
899160516|
899160517|
899160518|
899160519|
899160544|
899160545|
899160546|
899160547|
899160548|
899160549|
899160550|
899160551|
899160576|
899160577|
899160578|
899160579|
899160580|
899160581|
899160582|
899160583|
899160608|
899160609|
899160610|
899160611|
899160612|
899160613|
899160614|
899160615|
899160640|
899160641|
899160642|
899160643|
899160644|
899160645|
899160646|
899160647|
899160672|
899160673|
899160674|
899160675|
899160676|
899160677|
899160678|
899160679|
899160704|
899160705|
899160706|
899160707|
899160708|
899160709|
899160710|
899160711|
899160736|
899160737|
899160738|
