895500098|
895500099|
895500100|
895500101|
895500102|
895500103|
895500128|
895500129|
895500130|
895500131|
895500132|
895500133|
895500134|
895500135|
895500160|
895500161|
895500162|
895500163|
895500164|
895500165|
895500166|
895500167|
895500192|
895500193|
895500194|
895500195|
895500196|
895500197|
895500198|
895500199|
895500224|
895500225|
895500226|
895500227|
895500228|
895500229|
895500230|
895500231|
895500256|
895500257|
895500258|
895500259|
895500260|
895500261|
895500262|
895500263|
895500288|
895500289|
895500290|
895500291|
895500292|
895500293|
895500294|
895500295|
895500320|
895500321|
895500322|
895500323|
895500324|
895500325|
895500326|
895500327|
895500352|
895500353|
895500354|
895500355|
895500356|
895500357|
895500358|
895500359|
895500384|
895500385|
895500386|
895500387|
895500388|
895500389|
895500390|
895500391|
895500416|
895500417|
895500418|
895500419|
895500420|
895500421|
895500422|
895500423|
895500448|
895500449|
895500450|
895500451|
895500452|
895500453|
895500454|
895500455|
895500480|
895500481|
895500482|
895500483|
895500484|
895500485|
