1440097|
1440098|
1440099|
1440100|
1440101|
1440102|
1440103|
1440128|
1440129|
1440130|
1440131|
1440132|
1440133|
1440134|
1440135|
1440160|
1440161|
1440162|
1440163|
1440164|
1440165|
1440166|
1440167|
1440192|
1440193|
1440194|
1440195|
1440196|
1440197|
1440198|
1440199|
1440224|
1440225|
1440226|
1440227|
1440228|
1440229|
1440230|
1440231|
1440256|
1440257|
1440258|
1440259|
1440260|
1440261|
1440262|
1440263|
1440288|
1440289|
1440290|
1440291|
1440292|
1440293|
1440294|
1440295|
1440320|
1440321|
1440322|
1440323|
1440324|
1440325|
1440326|
1440327|
1440352|
1440353|
1440354|
1440355|
1440356|
1440357|
1440358|
1440359|
1440384|
1440385|
1440386|
1440387|
1440388|
1440389|
1440390|
1440391|
1440416|
1440417|
1440418|
1440419|
1440420|
1440421|
1440422|
1440423|
1440448|
1440449|
1440450|
1440451|
1440452|
1440453|
1440454|
1440455|
1440480|
1440481|
1440482|
1440483|
1440484|
