448860322|
448860323|
448860324|
448860325|
448860326|
448860327|
448860352|
448860353|
448860354|
448860355|
448860356|
448860357|
448860358|
448860359|
448860384|
448860385|
448860386|
448860387|
448860388|
448860389|
448860390|
448860391|
448860416|
448860417|
448860418|
448860419|
448860420|
448860421|
448860422|
448860423|
448860448|
448860449|
448860450|
448860451|
448860452|
448860453|
448860454|
448860455|
448860480|
448860481|
448860482|
448860483|
448860484|
448860485|
448860486|
448860487|
448860512|
448860513|
448860514|
448860515|
448860516|
448860517|
448860518|
448860519|
448860544|
448860545|
448860546|
448860547|
448860548|
448860549|
448860550|
448860551|
448860576|
448860577|
448860578|
448860579|
448860580|
448860581|
448860582|
448860583|
448860608|
448860609|
448860610|
448860611|
448860612|
448860613|
448860614|
448860615|
448860640|
448860641|
448860642|
448860643|
448860644|
448860645|
448860646|
448860647|
448860672|
448860673|
448860674|
448860675|
448860676|
448860677|
448860678|
448860679|
448860704|
448860705|
448860706|
448860707|
448860708|
448860709|
