895140068|
895140069|
895140070|
895140071|
895140096|
895140097|
895140098|
895140099|
895140100|
895140101|
895140102|
895140103|
895140128|
895140129|
895140130|
895140131|
895140132|
895140133|
895140134|
895140135|
895140160|
895140161|
895140162|
895140163|
895140164|
895140165|
895140166|
895140167|
895140192|
895140193|
895140194|
895140195|
895140196|
895140197|
895140198|
895140199|
895140224|
895140225|
895140226|
895140227|
895140228|
895140229|
895140230|
895140231|
895140256|
895140257|
895140258|
895140259|
895140260|
895140261|
895140262|
895140263|
895140288|
895140289|
895140290|
895140291|
895140292|
895140293|
895140294|
895140295|
895140320|
895140321|
895140322|
895140323|
895140324|
895140325|
895140326|
895140327|
895140352|
895140353|
895140354|
895140355|
895140356|
895140357|
895140358|
895140359|
895140384|
895140385|
895140386|
895140387|
895140388|
895140389|
895140390|
895140391|
895140416|
895140417|
895140418|
895140419|
895140420|
895140421|
895140422|
895140423|
895140448|
895140449|
895140450|
895140451|
895140452|
895140453|
895140454|
895140455|
