5760385|
5760386|
5760387|
5760388|
5760389|
5760390|
5760391|
5760416|
5760417|
5760418|
5760419|
5760420|
5760421|
5760422|
5760423|
5760448|
5760449|
5760450|
5760451|
5760452|
5760453|
5760454|
5760455|
5760480|
5760481|
5760482|
5760483|
5760484|
5760485|
5760486|
5760487|
5760512|
5760513|
5760514|
5760515|
5760516|
5760517|
5760518|
5760519|
5760544|
5760545|
5760546|
5760547|
5760548|
5760549|
5760550|
5760551|
5760576|
5760577|
5760578|
5760579|
5760580|
5760581|
5760582|
5760583|
5760608|
5760609|
5760610|
5760611|
5760612|
5760613|
5760614|
5760615|
5760640|
5760641|
5760642|
5760643|
5760644|
5760645|
5760646|
5760647|
5760672|
5760673|
5760674|
5760675|
5760676|
5760677|
5760678|
5760679|
5760704|
5760705|
5760706|
5760707|
5760708|
5760709|
5760710|
5760711|
5760736|
5760737|
5760738|
5760739|
5760740|
5760741|
5760742|
5760743|
5760768|
5760769|
5760770|
5760771|
5760772|
