449340354|
449340355|
449340356|
449340357|
449340358|
449340359|
449340384|
449340385|
449340386|
449340387|
449340388|
449340389|
449340390|
449340391|
449340416|
449340417|
449340418|
449340419|
449340420|
449340421|
449340422|
449340423|
449340448|
449340449|
449340450|
449340451|
449340452|
449340453|
449340454|
449340455|
449340480|
449340481|
449340482|
449340483|
449340484|
449340485|
449340486|
449340487|
449340512|
449340513|
449340514|
449340515|
449340516|
449340517|
449340518|
449340519|
449340544|
449340545|
449340546|
449340547|
449340548|
449340549|
449340550|
449340551|
449340576|
449340577|
449340578|
449340579|
449340580|
449340581|
449340582|
449340583|
449340608|
449340609|
449340610|
449340611|
449340612|
449340613|
449340614|
449340615|
449340640|
449340641|
449340642|
449340643|
449340644|
449340645|
449340646|
449340647|
449340672|
449340673|
449340674|
449340675|
449340676|
449340677|
449340678|
449340679|
449340704|
449340705|
449340706|
449340707|
449340708|
449340709|
449340710|
449340711|
449340736|
449340737|
449340738|
449340739|
449340740|
449340741|
