2940194|
2940195|
2940196|
2940197|
2940198|
2940199|
2940224|
2940225|
2940226|
2940227|
2940228|
2940229|
2940230|
2940231|
2940256|
2940257|
2940258|
2940259|
2940260|
2940261|
2940262|
2940263|
2940288|
2940289|
2940290|
2940291|
2940292|
2940293|
2940294|
2940295|
2940320|
2940321|
2940322|
2940323|
2940324|
2940325|
2940326|
2940327|
2940352|
2940353|
2940354|
2940355|
2940356|
2940357|
2940358|
2940359|
2940384|
2940385|
2940386|
2940387|
2940388|
2940389|
2940390|
2940391|
2940416|
2940417|
2940418|
2940419|
2940420|
2940421|
2940422|
2940423|
2940448|
2940449|
2940450|
2940451|
2940452|
2940453|
2940454|
2940455|
2940480|
2940481|
2940482|
2940483|
2940484|
2940485|
2940486|
2940487|
2940512|
2940513|
2940514|
2940515|
2940516|
2940517|
2940518|
2940519|
2940544|
2940545|
2940546|
2940547|
2940548|
2940549|
2940550|
2940551|
2940576|
2940577|
2940578|
2940579|
2940580|
2940581|
