1680101|
1680102|
1680103|
1680128|
1680129|
1680130|
1680131|
1680132|
1680133|
1680134|
1680135|
1680160|
1680161|
1680162|
1680163|
1680164|
1680165|
1680166|
1680167|
1680192|
1680193|
1680194|
1680195|
1680196|
1680197|
1680198|
1680199|
1680224|
1680225|
1680226|
1680227|
1680228|
1680229|
1680230|
1680231|
1680256|
1680257|
1680258|
1680259|
1680260|
1680261|
1680262|
1680263|
1680288|
1680289|
1680290|
1680291|
1680292|
1680293|
1680294|
1680295|
1680320|
1680321|
1680322|
1680323|
1680324|
1680325|
1680326|
1680327|
1680352|
1680353|
1680354|
1680355|
1680356|
1680357|
1680358|
1680359|
1680384|
1680385|
1680386|
1680387|
1680388|
1680389|
1680390|
1680391|
1680416|
1680417|
1680418|
1680419|
1680420|
1680421|
1680422|
1680423|
1680448|
1680449|
1680450|
1680451|
1680452|
1680453|
1680454|
1680455|
1680480|
1680481|
1680482|
1680483|
1680484|
1680485|
1680486|
1680487|
1680512|
