899400355|
899400356|
899400357|
899400358|
899400359|
899400384|
899400385|
899400386|
899400387|
899400388|
899400389|
899400390|
899400391|
899400416|
899400417|
899400418|
899400419|
899400420|
899400421|
899400422|
899400423|
899400448|
899400449|
899400450|
899400451|
899400452|
899400453|
899400454|
899400455|
899400480|
899400481|
899400482|
899400483|
899400484|
899400485|
899400486|
899400487|
899400512|
899400513|
899400514|
899400515|
899400516|
899400517|
899400518|
899400519|
899400544|
899400545|
899400546|
899400547|
899400548|
899400549|
899400550|
899400551|
899400576|
899400577|
899400578|
899400579|
899400580|
899400581|
899400582|
899400583|
899400608|
899400609|
899400610|
899400611|
899400612|
899400613|
899400614|
899400615|
899400640|
899400641|
899400642|
899400643|
899400644|
899400645|
899400646|
899400647|
899400672|
899400673|
899400674|
899400675|
899400676|
899400677|
899400678|
899400679|
899400704|
899400705|
899400706|
899400707|
899400708|
899400709|
899400710|
899400711|
899400736|
899400737|
899400738|
899400739|
899400740|
899400741|
899400742|
