897240199|
897240224|
897240225|
897240226|
897240227|
897240228|
897240229|
897240230|
897240231|
897240256|
897240257|
897240258|
897240259|
897240260|
897240261|
897240262|
897240263|
897240288|
897240289|
897240290|
897240291|
897240292|
897240293|
897240294|
897240295|
897240320|
897240321|
897240322|
897240323|
897240324|
897240325|
897240326|
897240327|
897240352|
897240353|
897240354|
897240355|
897240356|
897240357|
897240358|
897240359|
897240384|
897240385|
897240386|
897240387|
897240388|
897240389|
897240390|
897240391|
897240416|
897240417|
897240418|
897240419|
897240420|
897240421|
897240422|
897240423|
897240448|
897240449|
897240450|
897240451|
897240452|
897240453|
897240454|
897240455|
897240480|
897240481|
897240482|
897240483|
897240484|
897240485|
897240486|
897240487|
897240512|
897240513|
897240514|
897240515|
897240516|
897240517|
897240518|
897240519|
897240544|
897240545|
897240546|
897240547|
897240548|
897240549|
897240550|
897240551|
897240576|
897240577|
897240578|
897240579|
897240580|
897240581|
897240582|
897240583|
897240608|
897240609|
897240610|
