447600229|
447600230|
447600231|
447600256|
447600257|
447600258|
447600259|
447600260|
447600261|
447600262|
447600263|
447600288|
447600289|
447600290|
447600291|
447600292|
447600293|
447600294|
447600295|
447600320|
447600321|
447600322|
447600323|
447600324|
447600325|
447600326|
447600327|
447600352|
447600353|
447600354|
447600355|
447600356|
447600357|
447600358|
447600359|
447600384|
447600385|
447600386|
447600387|
447600388|
447600389|
447600390|
447600391|
447600416|
447600417|
447600418|
447600419|
447600420|
447600421|
447600422|
447600423|
447600448|
447600449|
447600450|
447600451|
447600452|
447600453|
447600454|
447600455|
447600480|
447600481|
447600482|
447600483|
447600484|
447600485|
447600486|
447600487|
447600512|
447600513|
447600514|
447600515|
447600516|
447600517|
447600518|
447600519|
447600544|
447600545|
447600546|
447600547|
447600548|
447600549|
447600550|
447600551|
447600576|
447600577|
447600578|
447600579|
447600580|
447600581|
447600582|
447600583|
447600608|
447600609|
447600610|
447600611|
447600612|
447600613|
447600614|
447600615|
447600640|
