897720231|
897720256|
897720257|
897720258|
897720259|
897720260|
897720261|
897720262|
897720263|
897720288|
897720289|
897720290|
897720291|
897720292|
897720293|
897720294|
897720295|
897720320|
897720321|
897720322|
897720323|
897720324|
897720325|
897720326|
897720327|
897720352|
897720353|
897720354|
897720355|
897720356|
897720357|
897720358|
897720359|
897720384|
897720385|
897720386|
897720387|
897720388|
897720389|
897720390|
897720391|
897720416|
897720417|
897720418|
897720419|
897720420|
897720421|
897720422|
897720423|
897720448|
897720449|
897720450|
897720451|
897720452|
897720453|
897720454|
897720455|
897720480|
897720481|
897720482|
897720483|
897720484|
897720485|
897720486|
897720487|
897720512|
897720513|
897720514|
897720515|
897720516|
897720517|
897720518|
897720519|
897720544|
897720545|
897720546|
897720547|
897720548|
897720549|
897720550|
897720551|
897720576|
897720577|
897720578|
897720579|
897720580|
897720581|
897720582|
897720583|
897720608|
897720609|
897720610|
897720611|
897720612|
897720613|
897720614|
897720615|
897720640|
897720641|
897720642|
