40200260|
40200261|
40200262|
40200263|
40200288|
40200289|
40200290|
40200291|
40200292|
40200293|
40200294|
40200295|
40200320|
40200321|
40200322|
40200323|
40200324|
40200325|
40200326|
40200327|
40200352|
40200353|
40200354|
40200355|
40200356|
40200357|
40200358|
40200359|
40200384|
40200385|
40200386|
40200387|
40200388|
40200389|
40200390|
40200391|
40200416|
40200417|
40200418|
40200419|
40200420|
40200421|
40200422|
40200423|
40200448|
40200449|
40200450|
40200451|
40200452|
40200453|
40200454|
40200455|
40200480|
40200481|
40200482|
40200483|
40200484|
40200485|
40200486|
40200487|
40200512|
40200513|
40200514|
40200515|
40200516|
40200517|
40200518|
40200519|
40200544|
40200545|
40200546|
40200547|
40200548|
40200549|
40200550|
40200551|
40200576|
40200577|
40200578|
40200579|
40200580|
40200581|
40200582|
40200583|
40200608|
40200609|
40200610|
40200611|
40200612|
40200613|
40200614|
40200615|
40200640|
40200641|
40200642|
40200643|
40200644|
40200645|
40200646|
40200647|
