4462800135|
4462800160|
4462800161|
4462800162|
4462800163|
4462800164|
4462800165|
4462800166|
4462800167|
4462800192|
4462800193|
4462800194|
4462800195|
4462800196|
4462800197|
4462800198|
4462800199|
4462800224|
4462800225|
4462800226|
4462800227|
4462800228|
4462800229|
4462800230|
4462800231|
4462800256|
4462800257|
4462800258|
4462800259|
4462800260|
4462800261|
4462800262|
4462800263|
4462800288|
4462800289|
4462800290|
4462800291|
4462800292|
4462800293|
4462800294|
4462800295|
4462800320|
4462800321|
4462800322|
4462800323|
4462800324|
4462800325|
4462800326|
4462800327|
4462800352|
4462800353|
4462800354|
4462800355|
4462800356|
4462800357|
4462800358|
4462800359|
4462800384|
4462800385|
4462800386|
4462800387|
4462800388|
4462800389|
4462800390|
4462800391|
4462800416|
4462800417|
4462800418|
4462800419|
4462800420|
4462800421|
4462800422|
4462800423|
4462800448|
4462800449|
4462800450|
4462800451|
4462800452|
4462800453|
4462800454|
4462800455|
4462800480|
4462800481|
4462800482|
4462800483|
4462800484|
4462800485|
4462800486|
4462800487|
4462800512|
4462800513|
4462800514|
4462800515|
4462800516|
4462800517|
4462800518|
4462800519|
4462800544|
4462800545|
4462800546|
