4490400325|
4490400326|
4490400327|
4490400352|
4490400353|
4490400354|
4490400355|
4490400356|
4490400357|
4490400358|
4490400359|
4490400384|
4490400385|
4490400386|
4490400387|
4490400388|
4490400389|
4490400390|
4490400391|
4490400416|
4490400417|
4490400418|
4490400419|
4490400420|
4490400421|
4490400422|
4490400423|
4490400448|
4490400449|
4490400450|
4490400451|
4490400452|
4490400453|
4490400454|
4490400455|
4490400480|
4490400481|
4490400482|
4490400483|
4490400484|
4490400485|
4490400486|
4490400487|
4490400512|
4490400513|
4490400514|
4490400515|
4490400516|
4490400517|
4490400518|
4490400519|
4490400544|
4490400545|
4490400546|
4490400547|
4490400548|
4490400549|
4490400550|
4490400551|
4490400576|
4490400577|
4490400578|
4490400579|
4490400580|
4490400581|
4490400582|
4490400583|
4490400608|
4490400609|
4490400610|
4490400611|
4490400612|
4490400613|
4490400614|
4490400615|
4490400640|
4490400641|
4490400642|
4490400643|
4490400644|
4490400645|
4490400646|
4490400647|
4490400672|
4490400673|
4490400674|
4490400675|
4490400676|
4490400677|
4490400678|
4490400679|
4490400704|
4490400705|
4490400706|
4490400707|
4490400708|
4490400709|
4490400710|
4490400711|
4490400736|
