8979600259|
8979600260|
8979600261|
8979600262|
8979600263|
8979600288|
8979600289|
8979600290|
8979600291|
8979600292|
8979600293|
8979600294|
8979600295|
8979600320|
8979600321|
8979600322|
8979600323|
8979600324|
8979600325|
8979600326|
8979600327|
8979600352|
8979600353|
8979600354|
8979600355|
8979600356|
8979600357|
8979600358|
8979600359|
8979600384|
8979600385|
8979600386|
8979600387|
8979600388|
8979600389|
8979600390|
8979600391|
8979600416|
8979600417|
8979600418|
8979600419|
8979600420|
8979600421|
8979600422|
8979600423|
8979600448|
8979600449|
8979600450|
8979600451|
8979600452|
8979600453|
8979600454|
8979600455|
8979600480|
8979600481|
8979600482|
8979600483|
8979600484|
8979600485|
8979600486|
8979600487|
8979600512|
8979600513|
8979600514|
8979600515|
8979600516|
8979600517|
8979600518|
8979600519|
8979600544|
8979600545|
8979600546|
8979600547|
8979600548|
8979600549|
8979600550|
8979600551|
8979600576|
8979600577|
8979600578|
8979600579|
8979600580|
8979600581|
8979600582|
8979600583|
8979600608|
8979600609|
8979600610|
8979600611|
8979600612|
8979600613|
8979600614|
8979600615|
8979600640|
8979600641|
8979600642|
8979600643|
8979600644|
8979600645|
8979600646|
