38400257|
38400258|
38400259|
38400260|
38400261|
38400262|
38400263|
38400288|
38400289|
38400290|
38400291|
38400292|
38400293|
38400294|
38400295|
38400320|
38400321|
38400322|
38400323|
38400324|
38400325|
38400326|
38400327|
38400352|
38400353|
38400354|
38400355|
38400356|
38400357|
38400358|
38400359|
38400384|
38400385|
38400386|
38400387|
38400388|
38400389|
38400390|
38400391|
38400416|
38400417|
38400418|
38400419|
38400420|
38400421|
38400422|
38400423|
38400448|
38400449|
38400450|
38400451|
38400452|
38400453|
38400454|
38400455|
38400480|
38400481|
38400482|
38400483|
38400484|
38400485|
38400486|
38400487|
38400512|
38400513|
38400514|
38400515|
38400516|
38400517|
38400518|
38400519|
38400544|
38400545|
38400546|
38400547|
38400548|
38400549|
38400550|
38400551|
38400576|
38400577|
38400578|
38400579|
38400580|
38400581|
38400582|
38400583|
38400608|
38400609|
38400610|
38400611|
38400612|
38400613|
38400614|
38400615|
38400640|
38400641|
38400642|
38400643|
38400644|
