4471800198|
4471800199|
4471800224|
4471800225|
4471800226|
4471800227|
4471800228|
4471800229|
4471800230|
4471800231|
4471800256|
4471800257|
4471800258|
4471800259|
4471800260|
4471800261|
4471800262|
4471800263|
4471800288|
4471800289|
4471800290|
4471800291|
4471800292|
4471800293|
4471800294|
4471800295|
4471800320|
4471800321|
4471800322|
4471800323|
4471800324|
4471800325|
4471800326|
4471800327|
4471800352|
4471800353|
4471800354|
4471800355|
4471800356|
4471800357|
4471800358|
4471800359|
4471800384|
4471800385|
4471800386|
4471800387|
4471800388|
4471800389|
4471800390|
4471800391|
4471800416|
4471800417|
4471800418|
4471800419|
4471800420|
4471800421|
4471800422|
4471800423|
4471800448|
4471800449|
4471800450|
4471800451|
4471800452|
4471800453|
4471800454|
4471800455|
4471800480|
4471800481|
4471800482|
4471800483|
4471800484|
4471800485|
4471800486|
4471800487|
4471800512|
4471800513|
4471800514|
4471800515|
4471800516|
4471800517|
4471800518|
4471800519|
4471800544|
4471800545|
4471800546|
4471800547|
4471800548|
4471800549|
4471800550|
4471800551|
4471800576|
4471800577|
4471800578|
4471800579|
4471800580|
4471800581|
4471800582|
4471800583|
4471800608|
4471800609|
