8959800130|
8959800131|
8959800132|
8959800133|
8959800134|
8959800135|
8959800160|
8959800161|
8959800162|
8959800163|
8959800164|
8959800165|
8959800166|
8959800167|
8959800192|
8959800193|
8959800194|
8959800195|
8959800196|
8959800197|
8959800198|
8959800199|
8959800224|
8959800225|
8959800226|
8959800227|
8959800228|
8959800229|
8959800230|
8959800231|
8959800256|
8959800257|
8959800258|
8959800259|
8959800260|
8959800261|
8959800262|
8959800263|
8959800288|
8959800289|
8959800290|
8959800291|
8959800292|
8959800293|
8959800294|
8959800295|
8959800320|
8959800321|
8959800322|
8959800323|
8959800324|
8959800325|
8959800326|
8959800327|
8959800352|
8959800353|
8959800354|
8959800355|
8959800356|
8959800357|
8959800358|
8959800359|
8959800384|
8959800385|
8959800386|
8959800387|
8959800388|
8959800389|
8959800390|
8959800391|
8959800416|
8959800417|
8959800418|
8959800419|
8959800420|
8959800421|
8959800422|
8959800423|
8959800448|
8959800449|
8959800450|
8959800451|
8959800452|
8959800453|
8959800454|
8959800455|
8959800480|
8959800481|
8959800482|
8959800483|
8959800484|
8959800485|
8959800486|
8959800487|
8959800512|
8959800513|
8959800514|
8959800515|
8959800516|
8959800517|
