8983800290|
8983800291|
8983800292|
8983800293|
8983800294|
8983800295|
8983800320|
8983800321|
8983800322|
8983800323|
8983800324|
8983800325|
8983800326|
8983800327|
8983800352|
8983800353|
8983800354|
8983800355|
8983800356|
8983800357|
8983800358|
8983800359|
8983800384|
8983800385|
8983800386|
8983800387|
8983800388|
8983800389|
8983800390|
8983800391|
8983800416|
8983800417|
8983800418|
8983800419|
8983800420|
8983800421|
8983800422|
8983800423|
8983800448|
8983800449|
8983800450|
8983800451|
8983800452|
8983800453|
8983800454|
8983800455|
8983800480|
8983800481|
8983800482|
8983800483|
8983800484|
8983800485|
8983800486|
8983800487|
8983800512|
8983800513|
8983800514|
8983800515|
8983800516|
8983800517|
8983800518|
8983800519|
8983800544|
8983800545|
8983800546|
8983800547|
8983800548|
8983800549|
8983800550|
8983800551|
8983800576|
8983800577|
8983800578|
8983800579|
8983800580|
8983800581|
8983800582|
8983800583|
8983800608|
8983800609|
8983800610|
8983800611|
8983800612|
8983800613|
8983800614|
8983800615|
8983800640|
8983800641|
8983800642|
8983800643|
8983800644|
8983800645|
8983800646|
8983800647|
8983800672|
8983800673|
8983800674|
8983800675|
8983800676|
8983800677|
