8965800164|
8965800165|
8965800166|
8965800167|
8965800192|
8965800193|
8965800194|
8965800195|
8965800196|
8965800197|
8965800198|
8965800199|
8965800224|
8965800225|
8965800226|
8965800227|
8965800228|
8965800229|
8965800230|
8965800231|
8965800256|
8965800257|
8965800258|
8965800259|
8965800260|
8965800261|
8965800262|
8965800263|
8965800288|
8965800289|
8965800290|
8965800291|
8965800292|
8965800293|
8965800294|
8965800295|
8965800320|
8965800321|
8965800322|
8965800323|
8965800324|
8965800325|
8965800326|
8965800327|
8965800352|
8965800353|
8965800354|
8965800355|
8965800356|
8965800357|
8965800358|
8965800359|
8965800384|
8965800385|
8965800386|
8965800387|
8965800388|
8965800389|
8965800390|
8965800391|
8965800416|
8965800417|
8965800418|
8965800419|
8965800420|
8965800421|
8965800422|
8965800423|
8965800448|
8965800449|
8965800450|
8965800451|
8965800452|
8965800453|
8965800454|
8965800455|
8965800480|
8965800481|
8965800482|
8965800483|
8965800484|
8965800485|
8965800486|
8965800487|
8965800512|
8965800513|
8965800514|
8965800515|
8965800516|
8965800517|
8965800518|
8965800519|
8965800544|
8965800545|
8965800546|
8965800547|
8965800548|
8965800549|
8965800550|
8965800551|
