32400199|
32400224|
32400225|
32400226|
32400227|
32400228|
32400229|
32400230|
32400231|
32400256|
32400257|
32400258|
32400259|
32400260|
32400261|
32400262|
32400263|
32400288|
32400289|
32400290|
32400291|
32400292|
32400293|
32400294|
32400295|
32400320|
32400321|
32400322|
32400323|
32400324|
32400325|
32400326|
32400327|
32400352|
32400353|
32400354|
32400355|
32400356|
32400357|
32400358|
32400359|
32400384|
32400385|
32400386|
32400387|
32400388|
32400389|
32400390|
32400391|
32400416|
32400417|
32400418|
32400419|
32400420|
32400421|
32400422|
32400423|
32400448|
32400449|
32400450|
32400451|
32400452|
32400453|
32400454|
32400455|
32400480|
32400481|
32400482|
32400483|
32400484|
32400485|
32400486|
32400487|
32400512|
32400513|
32400514|
32400515|
32400516|
32400517|
32400518|
32400519|
32400544|
32400545|
32400546|
32400547|
32400548|
32400549|
32400550|
32400551|
32400576|
32400577|
32400578|
32400579|
32400580|
32400581|
32400582|
32400583|
32400608|
32400609|
32400610|
