42000263|
42000288|
42000289|
42000290|
42000291|
42000292|
42000293|
42000294|
42000295|
42000320|
42000321|
42000322|
42000323|
42000324|
42000325|
42000326|
42000327|
42000352|
42000353|
42000354|
42000355|
42000356|
42000357|
42000358|
42000359|
42000384|
42000385|
42000386|
42000387|
42000388|
42000389|
42000390|
42000391|
42000416|
42000417|
42000418|
42000419|
42000420|
42000421|
42000422|
42000423|
42000448|
42000449|
42000450|
42000451|
42000452|
42000453|
42000454|
42000455|
42000480|
42000481|
42000482|
42000483|
42000484|
42000485|
42000486|
42000487|
42000512|
42000513|
42000514|
42000515|
42000516|
42000517|
42000518|
42000519|
42000544|
42000545|
42000546|
42000547|
42000548|
42000549|
42000550|
42000551|
42000576|
42000577|
42000578|
42000579|
42000580|
42000581|
42000582|
42000583|
42000608|
42000609|
42000610|
42000611|
42000612|
42000613|
42000614|
42000615|
42000640|
42000641|
42000642|
42000643|
42000644|
42000645|
42000646|
42000647|
42000672|
42000673|
42000674|
