46800295|
46800320|
46800321|
46800322|
46800323|
46800324|
46800325|
46800326|
46800327|
46800352|
46800353|
46800354|
46800355|
46800356|
46800357|
46800358|
46800359|
46800384|
46800385|
46800386|
46800387|
46800388|
46800389|
46800390|
46800391|
46800416|
46800417|
46800418|
46800419|
46800420|
46800421|
46800422|
46800423|
46800448|
46800449|
46800450|
46800451|
46800452|
46800453|
46800454|
46800455|
46800480|
46800481|
46800482|
46800483|
46800484|
46800485|
46800486|
46800487|
46800512|
46800513|
46800514|
46800515|
46800516|
46800517|
46800518|
46800519|
46800544|
46800545|
46800546|
46800547|
46800548|
46800549|
46800550|
46800551|
46800576|
46800577|
46800578|
46800579|
46800580|
46800581|
46800582|
46800583|
46800608|
46800609|
46800610|
46800611|
46800612|
46800613|
46800614|
46800615|
46800640|
46800641|
46800642|
46800643|
46800644|
46800645|
46800646|
46800647|
46800672|
46800673|
46800674|
46800675|
46800676|
46800677|
46800678|
46800679|
46800704|
46800705|
46800706|
