8949000064|
8949000065|
8949000066|
8949000067|
8949000068|
8949000069|
8949000070|
8949000071|
8949000096|
8949000097|
8949000098|
8949000099|
8949000100|
8949000101|
8949000102|
8949000103|
8949000128|
8949000129|
8949000130|
8949000131|
8949000132|
8949000133|
8949000134|
8949000135|
8949000160|
8949000161|
8949000162|
8949000163|
8949000164|
8949000165|
8949000166|
8949000167|
8949000192|
8949000193|
8949000194|
8949000195|
8949000196|
8949000197|
8949000198|
8949000199|
8949000224|
8949000225|
8949000226|
8949000227|
8949000228|
8949000229|
8949000230|
8949000231|
8949000256|
8949000257|
8949000258|
8949000259|
8949000260|
8949000261|
8949000262|
8949000263|
8949000288|
8949000289|
8949000290|
8949000291|
8949000292|
8949000293|
8949000294|
8949000295|
8949000320|
8949000321|
8949000322|
8949000323|
8949000324|
8949000325|
8949000326|
8949000327|
8949000352|
8949000353|
8949000354|
8949000355|
8949000356|
8949000357|
8949000358|
8949000359|
8949000384|
8949000385|
8949000386|
8949000387|
8949000388|
8949000389|
8949000390|
8949000391|
8949000416|
8949000417|
8949000418|
8949000419|
8949000420|
8949000421|
8949000422|
8949000423|
8949000448|
8949000449|
8949000450|
8949000451|
