4447800038|
4447800039|
4447800064|
4447800065|
4447800066|
4447800067|
4447800068|
4447800069|
4447800070|
4447800071|
4447800096|
4447800097|
4447800098|
4447800099|
4447800100|
4447800101|
4447800102|
4447800103|
4447800128|
4447800129|
4447800130|
4447800131|
4447800132|
4447800133|
4447800134|
4447800135|
4447800160|
4447800161|
4447800162|
4447800163|
4447800164|
4447800165|
4447800166|
4447800167|
4447800192|
4447800193|
4447800194|
4447800195|
4447800196|
4447800197|
4447800198|
4447800199|
4447800224|
4447800225|
4447800226|
4447800227|
4447800228|
4447800229|
4447800230|
4447800231|
4447800256|
4447800257|
4447800258|
4447800259|
4447800260|
4447800261|
4447800262|
4447800263|
4447800288|
4447800289|
4447800290|
4447800291|
4447800292|
4447800293|
4447800294|
4447800295|
4447800320|
4447800321|
4447800322|
4447800323|
4447800324|
4447800325|
4447800326|
4447800327|
4447800352|
4447800353|
4447800354|
4447800355|
4447800356|
4447800357|
4447800358|
4447800359|
4447800384|
4447800385|
4447800386|
4447800387|
4447800388|
4447800389|
4447800390|
4447800391|
4447800416|
4447800417|
4447800418|
4447800419|
4447800420|
4447800421|
4447800422|
4447800423|
4447800448|
4447800449|
