8965200163|
8965200164|
8965200165|
8965200166|
8965200167|
8965200192|
8965200193|
8965200194|
8965200195|
8965200196|
8965200197|
8965200198|
8965200199|
8965200224|
8965200225|
8965200226|
8965200227|
8965200228|
8965200229|
8965200230|
8965200231|
8965200256|
8965200257|
8965200258|
8965200259|
8965200260|
8965200261|
8965200262|
8965200263|
8965200288|
8965200289|
8965200290|
8965200291|
8965200292|
8965200293|
8965200294|
8965200295|
8965200320|
8965200321|
8965200322|
8965200323|
8965200324|
8965200325|
8965200326|
8965200327|
8965200352|
8965200353|
8965200354|
8965200355|
8965200356|
8965200357|
8965200358|
8965200359|
8965200384|
8965200385|
8965200386|
8965200387|
8965200388|
8965200389|
8965200390|
8965200391|
8965200416|
8965200417|
8965200418|
8965200419|
8965200420|
8965200421|
8965200422|
8965200423|
8965200448|
8965200449|
8965200450|
8965200451|
8965200452|
8965200453|
8965200454|
8965200455|
8965200480|
8965200481|
8965200482|
8965200483|
8965200484|
8965200485|
8965200486|
8965200487|
8965200512|
8965200513|
8965200514|
8965200515|
8965200516|
8965200517|
8965200518|
8965200519|
8965200544|
8965200545|
8965200546|
8965200547|
8965200548|
8965200549|
8965200550|
