8963400160|
8963400161|
8963400162|
8963400163|
8963400164|
8963400165|
8963400166|
8963400167|
8963400192|
8963400193|
8963400194|
8963400195|
8963400196|
8963400197|
8963400198|
8963400199|
8963400224|
8963400225|
8963400226|
8963400227|
8963400228|
8963400229|
8963400230|
8963400231|
8963400256|
8963400257|
8963400258|
8963400259|
8963400260|
8963400261|
8963400262|
8963400263|
8963400288|
8963400289|
8963400290|
8963400291|
8963400292|
8963400293|
8963400294|
8963400295|
8963400320|
8963400321|
8963400322|
8963400323|
8963400324|
8963400325|
8963400326|
8963400327|
8963400352|
8963400353|
8963400354|
8963400355|
8963400356|
8963400357|
8963400358|
8963400359|
8963400384|
8963400385|
8963400386|
8963400387|
8963400388|
8963400389|
8963400390|
8963400391|
8963400416|
8963400417|
8963400418|
8963400419|
8963400420|
8963400421|
8963400422|
8963400423|
8963400448|
8963400449|
8963400450|
8963400451|
8963400452|
8963400453|
8963400454|
8963400455|
8963400480|
8963400481|
8963400482|
8963400483|
8963400484|
8963400485|
8963400486|
8963400487|
8963400512|
8963400513|
8963400514|
8963400515|
8963400516|
8963400517|
8963400518|
8963400519|
8963400544|
8963400545|
8963400546|
8963400547|
