8986800295|
8986800320|
8986800321|
8986800322|
8986800323|
8986800324|
8986800325|
8986800326|
8986800327|
8986800352|
8986800353|
8986800354|
8986800355|
8986800356|
8986800357|
8986800358|
8986800359|
8986800384|
8986800385|
8986800386|
8986800387|
8986800388|
8986800389|
8986800390|
8986800391|
8986800416|
8986800417|
8986800418|
8986800419|
8986800420|
8986800421|
8986800422|
8986800423|
8986800448|
8986800449|
8986800450|
8986800451|
8986800452|
8986800453|
8986800454|
8986800455|
8986800480|
8986800481|
8986800482|
8986800483|
8986800484|
8986800485|
8986800486|
8986800487|
8986800512|
8986800513|
8986800514|
8986800515|
8986800516|
8986800517|
8986800518|
8986800519|
8986800544|
8986800545|
8986800546|
8986800547|
8986800548|
8986800549|
8986800550|
8986800551|
8986800576|
8986800577|
8986800578|
8986800579|
8986800580|
8986800581|
8986800582|
8986800583|
8986800608|
8986800609|
8986800610|
8986800611|
8986800612|
8986800613|
8986800614|
8986800615|
8986800640|
8986800641|
8986800642|
8986800643|
8986800644|
8986800645|
8986800646|
8986800647|
8986800672|
8986800673|
8986800674|
8986800675|
8986800676|
8986800677|
8986800678|
8986800679|
8986800704|
8986800705|
8986800706|
