8952000069|
8952000070|
8952000071|
8952000096|
8952000097|
8952000098|
8952000099|
8952000100|
8952000101|
8952000102|
8952000103|
8952000128|
8952000129|
8952000130|
8952000131|
8952000132|
8952000133|
8952000134|
8952000135|
8952000160|
8952000161|
8952000162|
8952000163|
8952000164|
8952000165|
8952000166|
8952000167|
8952000192|
8952000193|
8952000194|
8952000195|
8952000196|
8952000197|
8952000198|
8952000199|
8952000224|
8952000225|
8952000226|
8952000227|
8952000228|
8952000229|
8952000230|
8952000231|
8952000256|
8952000257|
8952000258|
8952000259|
8952000260|
8952000261|
8952000262|
8952000263|
8952000288|
8952000289|
8952000290|
8952000291|
8952000292|
8952000293|
8952000294|
8952000295|
8952000320|
8952000321|
8952000322|
8952000323|
8952000324|
8952000325|
8952000326|
8952000327|
8952000352|
8952000353|
8952000354|
8952000355|
8952000356|
8952000357|
8952000358|
8952000359|
8952000384|
8952000385|
8952000386|
8952000387|
8952000388|
8952000389|
8952000390|
8952000391|
8952000416|
8952000417|
8952000418|
8952000419|
8952000420|
8952000421|
8952000422|
8952000423|
8952000448|
8952000449|
8952000450|
8952000451|
8952000452|
8952000453|
8952000454|
8952000455|
8952000480|
