8971800198|
8971800199|
8971800224|
8971800225|
8971800226|
8971800227|
8971800228|
8971800229|
8971800230|
8971800231|
8971800256|
8971800257|
8971800258|
8971800259|
8971800260|
8971800261|
8971800262|
8971800263|
8971800288|
8971800289|
8971800290|
8971800291|
8971800292|
8971800293|
8971800294|
8971800295|
8971800320|
8971800321|
8971800322|
8971800323|
8971800324|
8971800325|
8971800326|
8971800327|
8971800352|
8971800353|
8971800354|
8971800355|
8971800356|
8971800357|
8971800358|
8971800359|
8971800384|
8971800385|
8971800386|
8971800387|
8971800388|
8971800389|
8971800390|
8971800391|
8971800416|
8971800417|
8971800418|
8971800419|
8971800420|
8971800421|
8971800422|
8971800423|
8971800448|
8971800449|
8971800450|
8971800451|
8971800452|
8971800453|
8971800454|
8971800455|
8971800480|
8971800481|
8971800482|
8971800483|
8971800484|
8971800485|
8971800486|
8971800487|
8971800512|
8971800513|
8971800514|
8971800515|
8971800516|
8971800517|
8971800518|
8971800519|
8971800544|
8971800545|
8971800546|
8971800547|
8971800548|
8971800549|
8971800550|
8971800551|
8971800576|
8971800577|
8971800578|
8971800579|
8971800580|
8971800581|
8971800582|
8971800583|
8971800608|
8971800609|
