55200357|
55200358|
55200359|
55200384|
55200385|
55200386|
55200387|
55200388|
55200389|
55200390|
55200391|
55200416|
55200417|
55200418|
55200419|
55200420|
55200421|
55200422|
55200423|
55200448|
55200449|
55200450|
55200451|
55200452|
55200453|
55200454|
55200455|
55200480|
55200481|
55200482|
55200483|
55200484|
55200485|
55200486|
55200487|
55200512|
55200513|
55200514|
55200515|
55200516|
55200517|
55200518|
55200519|
55200544|
55200545|
55200546|
55200547|
55200548|
55200549|
55200550|
55200551|
55200576|
55200577|
55200578|
55200579|
55200580|
55200581|
55200582|
55200583|
55200608|
55200609|
55200610|
55200611|
55200612|
55200613|
55200614|
55200615|
55200640|
55200641|
55200642|
55200643|
55200644|
55200645|
55200646|
55200647|
55200672|
55200673|
55200674|
55200675|
55200676|
55200677|
55200678|
55200679|
55200704|
55200705|
55200706|
55200707|
55200708|
55200709|
55200710|
55200711|
55200736|
55200737|
55200738|
55200739|
55200740|
55200741|
55200742|
55200743|
55200768|
