4495200357|
4495200358|
4495200359|
4495200384|
4495200385|
4495200386|
4495200387|
4495200388|
4495200389|
4495200390|
4495200391|
4495200416|
4495200417|
4495200418|
4495200419|
4495200420|
4495200421|
4495200422|
4495200423|
4495200448|
4495200449|
4495200450|
4495200451|
4495200452|
4495200453|
4495200454|
4495200455|
4495200480|
4495200481|
4495200482|
4495200483|
4495200484|
4495200485|
4495200486|
4495200487|
4495200512|
4495200513|
4495200514|
4495200515|
4495200516|
4495200517|
4495200518|
4495200519|
4495200544|
4495200545|
4495200546|
4495200547|
4495200548|
4495200549|
4495200550|
4495200551|
4495200576|
4495200577|
4495200578|
4495200579|
4495200580|
4495200581|
4495200582|
4495200583|
4495200608|
4495200609|
4495200610|
4495200611|
4495200612|
4495200613|
4495200614|
4495200615|
4495200640|
4495200641|
4495200642|
4495200643|
4495200644|
4495200645|
4495200646|
4495200647|
4495200672|
4495200673|
4495200674|
4495200675|
4495200676|
4495200677|
4495200678|
4495200679|
4495200704|
4495200705|
4495200706|
4495200707|
4495200708|
4495200709|
4495200710|
4495200711|
4495200736|
4495200737|
4495200738|
4495200739|
4495200740|
4495200741|
4495200742|
4495200743|
4495200768|
