8947200037|
8947200038|
8947200039|
8947200064|
8947200065|
8947200066|
8947200067|
8947200068|
8947200069|
8947200070|
8947200071|
8947200096|
8947200097|
8947200098|
8947200099|
8947200100|
8947200101|
8947200102|
8947200103|
8947200128|
8947200129|
8947200130|
8947200131|
8947200132|
8947200133|
8947200134|
8947200135|
8947200160|
8947200161|
8947200162|
8947200163|
8947200164|
8947200165|
8947200166|
8947200167|
8947200192|
8947200193|
8947200194|
8947200195|
8947200196|
8947200197|
8947200198|
8947200199|
8947200224|
8947200225|
8947200226|
8947200227|
8947200228|
8947200229|
8947200230|
8947200231|
8947200256|
8947200257|
8947200258|
8947200259|
8947200260|
8947200261|
8947200262|
8947200263|
8947200288|
8947200289|
8947200290|
8947200291|
8947200292|
8947200293|
8947200294|
8947200295|
8947200320|
8947200321|
8947200322|
8947200323|
8947200324|
8947200325|
8947200326|
8947200327|
8947200352|
8947200353|
8947200354|
8947200355|
8947200356|
8947200357|
8947200358|
8947200359|
8947200384|
8947200385|
8947200386|
8947200387|
8947200388|
8947200389|
8947200390|
8947200391|
8947200416|
8947200417|
8947200418|
8947200419|
8947200420|
8947200421|
8947200422|
8947200423|
8947200448|
