4458000103|
4458000128|
4458000129|
4458000130|
4458000131|
4458000132|
4458000133|
4458000134|
4458000135|
4458000160|
4458000161|
4458000162|
4458000163|
4458000164|
4458000165|
4458000166|
4458000167|
4458000192|
4458000193|
4458000194|
4458000195|
4458000196|
4458000197|
4458000198|
4458000199|
4458000224|
4458000225|
4458000226|
4458000227|
4458000228|
4458000229|
4458000230|
4458000231|
4458000256|
4458000257|
4458000258|
4458000259|
4458000260|
4458000261|
4458000262|
4458000263|
4458000288|
4458000289|
4458000290|
4458000291|
4458000292|
4458000293|
4458000294|
4458000295|
4458000320|
4458000321|
4458000322|
4458000323|
4458000324|
4458000325|
4458000326|
4458000327|
4458000352|
4458000353|
4458000354|
4458000355|
4458000356|
4458000357|
4458000358|
4458000359|
4458000384|
4458000385|
4458000386|
4458000387|
4458000388|
4458000389|
4458000390|
4458000391|
4458000416|
4458000417|
4458000418|
4458000419|
4458000420|
4458000421|
4458000422|
4458000423|
4458000448|
4458000449|
4458000450|
4458000451|
4458000452|
4458000453|
4458000454|
4458000455|
4458000480|
4458000481|
4458000482|
4458000483|
4458000484|
4458000485|
4458000486|
4458000487|
4458000512|
4458000513|
4458000514|
