49200323|
49200324|
49200325|
49200326|
49200327|
49200352|
49200353|
49200354|
49200355|
49200356|
49200357|
49200358|
49200359|
49200384|
49200385|
49200386|
49200387|
49200388|
49200389|
49200390|
49200391|
49200416|
49200417|
49200418|
49200419|
49200420|
49200421|
49200422|
49200423|
49200448|
49200449|
49200450|
49200451|
49200452|
49200453|
49200454|
49200455|
49200480|
49200481|
49200482|
49200483|
49200484|
49200485|
49200486|
49200487|
49200512|
49200513|
49200514|
49200515|
49200516|
49200517|
49200518|
49200519|
49200544|
49200545|
49200546|
49200547|
49200548|
49200549|
49200550|
49200551|
49200576|
49200577|
49200578|
49200579|
49200580|
49200581|
49200582|
49200583|
49200608|
49200609|
49200610|
49200611|
49200612|
49200613|
49200614|
49200615|
49200640|
49200641|
49200642|
49200643|
49200644|
49200645|
49200646|
49200647|
49200672|
49200673|
49200674|
49200675|
49200676|
49200677|
49200678|
49200679|
49200704|
49200705|
49200706|
49200707|
49200708|
49200709|
49200710|
