8967000166|
8967000167|
8967000192|
8967000193|
8967000194|
8967000195|
8967000196|
8967000197|
8967000198|
8967000199|
8967000224|
8967000225|
8967000226|
8967000227|
8967000228|
8967000229|
8967000230|
8967000231|
8967000256|
8967000257|
8967000258|
8967000259|
8967000260|
8967000261|
8967000262|
8967000263|
8967000288|
8967000289|
8967000290|
8967000291|
8967000292|
8967000293|
8967000294|
8967000295|
8967000320|
8967000321|
8967000322|
8967000323|
8967000324|
8967000325|
8967000326|
8967000327|
8967000352|
8967000353|
8967000354|
8967000355|
8967000356|
8967000357|
8967000358|
8967000359|
8967000384|
8967000385|
8967000386|
8967000387|
8967000388|
8967000389|
8967000390|
8967000391|
8967000416|
8967000417|
8967000418|
8967000419|
8967000420|
8967000421|
8967000422|
8967000423|
8967000448|
8967000449|
8967000450|
8967000451|
8967000452|
8967000453|
8967000454|
8967000455|
8967000480|
8967000481|
8967000482|
8967000483|
8967000484|
8967000485|
8967000486|
8967000487|
8967000512|
8967000513|
8967000514|
8967000515|
8967000516|
8967000517|
8967000518|
8967000519|
8967000544|
8967000545|
8967000546|
8967000547|
8967000548|
8967000549|
8967000550|
8967000551|
8967000576|
8967000577|
