8964600162|
8964600163|
8964600164|
8964600165|
8964600166|
8964600167|
8964600192|
8964600193|
8964600194|
8964600195|
8964600196|
8964600197|
8964600198|
8964600199|
8964600224|
8964600225|
8964600226|
8964600227|
8964600228|
8964600229|
8964600230|
8964600231|
8964600256|
8964600257|
8964600258|
8964600259|
8964600260|
8964600261|
8964600262|
8964600263|
8964600288|
8964600289|
8964600290|
8964600291|
8964600292|
8964600293|
8964600294|
8964600295|
8964600320|
8964600321|
8964600322|
8964600323|
8964600324|
8964600325|
8964600326|
8964600327|
8964600352|
8964600353|
8964600354|
8964600355|
8964600356|
8964600357|
8964600358|
8964600359|
8964600384|
8964600385|
8964600386|
8964600387|
8964600388|
8964600389|
8964600390|
8964600391|
8964600416|
8964600417|
8964600418|
8964600419|
8964600420|
8964600421|
8964600422|
8964600423|
8964600448|
8964600449|
8964600450|
8964600451|
8964600452|
8964600453|
8964600454|
8964600455|
8964600480|
8964600481|
8964600482|
8964600483|
8964600484|
8964600485|
8964600486|
8964600487|
8964600512|
8964600513|
8964600514|
8964600515|
8964600516|
8964600517|
8964600518|
8964600519|
8964600544|
8964600545|
8964600546|
8964600547|
8964600548|
8964600549|
