8993400354|
8993400355|
8993400356|
8993400357|
8993400358|
8993400359|
8993400384|
8993400385|
8993400386|
8993400387|
8993400388|
8993400389|
8993400390|
8993400391|
8993400416|
8993400417|
8993400418|
8993400419|
8993400420|
8993400421|
8993400422|
8993400423|
8993400448|
8993400449|
8993400450|
8993400451|
8993400452|
8993400453|
8993400454|
8993400455|
8993400480|
8993400481|
8993400482|
8993400483|
8993400484|
8993400485|
8993400486|
8993400487|
8993400512|
8993400513|
8993400514|
8993400515|
8993400516|
8993400517|
8993400518|
8993400519|
8993400544|
8993400545|
8993400546|
8993400547|
8993400548|
8993400549|
8993400550|
8993400551|
8993400576|
8993400577|
8993400578|
8993400579|
8993400580|
8993400581|
8993400582|
8993400583|
8993400608|
8993400609|
8993400610|
8993400611|
8993400612|
8993400613|
8993400614|
8993400615|
8993400640|
8993400641|
8993400642|
8993400643|
8993400644|
8993400645|
8993400646|
8993400647|
8993400672|
8993400673|
8993400674|
8993400675|
8993400676|
8993400677|
8993400678|
8993400679|
8993400704|
8993400705|
8993400706|
8993400707|
8993400708|
8993400709|
8993400710|
8993400711|
8993400736|
8993400737|
8993400738|
8993400739|
8993400740|
8993400741|
