8972400199|
8972400224|
8972400225|
8972400226|
8972400227|
8972400228|
8972400229|
8972400230|
8972400231|
8972400256|
8972400257|
8972400258|
8972400259|
8972400260|
8972400261|
8972400262|
8972400263|
8972400288|
8972400289|
8972400290|
8972400291|
8972400292|
8972400293|
8972400294|
8972400295|
8972400320|
8972400321|
8972400322|
8972400323|
8972400324|
8972400325|
8972400326|
8972400327|
8972400352|
8972400353|
8972400354|
8972400355|
8972400356|
8972400357|
8972400358|
8972400359|
8972400384|
8972400385|
8972400386|
8972400387|
8972400388|
8972400389|
8972400390|
8972400391|
8972400416|
8972400417|
8972400418|
8972400419|
8972400420|
8972400421|
8972400422|
8972400423|
8972400448|
8972400449|
8972400450|
8972400451|
8972400452|
8972400453|
8972400454|
8972400455|
8972400480|
8972400481|
8972400482|
8972400483|
8972400484|
8972400485|
8972400486|
8972400487|
8972400512|
8972400513|
8972400514|
8972400515|
8972400516|
8972400517|
8972400518|
8972400519|
8972400544|
8972400545|
8972400546|
8972400547|
8972400548|
8972400549|
8972400550|
8972400551|
8972400576|
8972400577|
8972400578|
8972400579|
8972400580|
8972400581|
8972400582|
8972400583|
8972400608|
8972400609|
8972400610|
