4468800193|
4468800194|
4468800195|
4468800196|
4468800197|
4468800198|
4468800199|
4468800224|
4468800225|
4468800226|
4468800227|
4468800228|
4468800229|
4468800230|
4468800231|
4468800256|
4468800257|
4468800258|
4468800259|
4468800260|
4468800261|
4468800262|
4468800263|
4468800288|
4468800289|
4468800290|
4468800291|
4468800292|
4468800293|
4468800294|
4468800295|
4468800320|
4468800321|
4468800322|
4468800323|
4468800324|
4468800325|
4468800326|
4468800327|
4468800352|
4468800353|
4468800354|
4468800355|
4468800356|
4468800357|
4468800358|
4468800359|
4468800384|
4468800385|
4468800386|
4468800387|
4468800388|
4468800389|
4468800390|
4468800391|
4468800416|
4468800417|
4468800418|
4468800419|
4468800420|
4468800421|
4468800422|
4468800423|
4468800448|
4468800449|
4468800450|
4468800451|
4468800452|
4468800453|
4468800454|
4468800455|
4468800480|
4468800481|
4468800482|
4468800483|
4468800484|
4468800485|
4468800486|
4468800487|
4468800512|
4468800513|
4468800514|
4468800515|
4468800516|
4468800517|
4468800518|
4468800519|
4468800544|
4468800545|
4468800546|
4468800547|
4468800548|
4468800549|
4468800550|
4468800551|
4468800576|
4468800577|
4468800578|
4468800579|
4468800580|
