41400262|
41400263|
41400288|
41400289|
41400290|
41400291|
41400292|
41400293|
41400294|
41400295|
41400320|
41400321|
41400322|
41400323|
41400324|
41400325|
41400326|
41400327|
41400352|
41400353|
41400354|
41400355|
41400356|
41400357|
41400358|
41400359|
41400384|
41400385|
41400386|
41400387|
41400388|
41400389|
41400390|
41400391|
41400416|
41400417|
41400418|
41400419|
41400420|
41400421|
41400422|
41400423|
41400448|
41400449|
41400450|
41400451|
41400452|
41400453|
41400454|
41400455|
41400480|
41400481|
41400482|
41400483|
41400484|
41400485|
41400486|
41400487|
41400512|
41400513|
41400514|
41400515|
41400516|
41400517|
41400518|
41400519|
41400544|
41400545|
41400546|
41400547|
41400548|
41400549|
41400550|
41400551|
41400576|
41400577|
41400578|
41400579|
41400580|
41400581|
41400582|
41400583|
41400608|
41400609|
41400610|
41400611|
41400612|
41400613|
41400614|
41400615|
41400640|
41400641|
41400642|
41400643|
41400644|
41400645|
41400646|
41400647|
41400672|
41400673|
