8966400165|
8966400166|
8966400167|
8966400192|
8966400193|
8966400194|
8966400195|
8966400196|
8966400197|
8966400198|
8966400199|
8966400224|
8966400225|
8966400226|
8966400227|
8966400228|
8966400229|
8966400230|
8966400231|
8966400256|
8966400257|
8966400258|
8966400259|
8966400260|
8966400261|
8966400262|
8966400263|
8966400288|
8966400289|
8966400290|
8966400291|
8966400292|
8966400293|
8966400294|
8966400295|
8966400320|
8966400321|
8966400322|
8966400323|
8966400324|
8966400325|
8966400326|
8966400327|
8966400352|
8966400353|
8966400354|
8966400355|
8966400356|
8966400357|
8966400358|
8966400359|
8966400384|
8966400385|
8966400386|
8966400387|
8966400388|
8966400389|
8966400390|
8966400391|
8966400416|
8966400417|
8966400418|
8966400419|
8966400420|
8966400421|
8966400422|
8966400423|
8966400448|
8966400449|
8966400450|
8966400451|
8966400452|
8966400453|
8966400454|
8966400455|
8966400480|
8966400481|
8966400482|
8966400483|
8966400484|
8966400485|
8966400486|
8966400487|
8966400512|
8966400513|
8966400514|
8966400515|
8966400516|
8966400517|
8966400518|
8966400519|
8966400544|
8966400545|
8966400546|
8966400547|
8966400548|
8966400549|
8966400550|
8966400551|
8966400576|
