11400068|
11400069|
11400070|
11400071|
11400096|
11400097|
11400098|
11400099|
11400100|
11400101|
11400102|
11400103|
11400128|
11400129|
11400130|
11400131|
11400132|
11400133|
11400134|
11400135|
11400160|
11400161|
11400162|
11400163|
11400164|
11400165|
11400166|
11400167|
11400192|
11400193|
11400194|
11400195|
11400196|
11400197|
11400198|
11400199|
11400224|
11400225|
11400226|
11400227|
11400228|
11400229|
11400230|
11400231|
11400256|
11400257|
11400258|
11400259|
11400260|
11400261|
11400262|
11400263|
11400288|
11400289|
11400290|
11400291|
11400292|
11400293|
11400294|
11400295|
11400320|
11400321|
11400322|
11400323|
11400324|
11400325|
11400326|
11400327|
11400352|
11400353|
11400354|
11400355|
11400356|
11400357|
11400358|
11400359|
11400384|
11400385|
11400386|
11400387|
11400388|
11400389|
11400390|
11400391|
11400416|
11400417|
11400418|
11400419|
11400420|
11400421|
11400422|
11400423|
11400448|
11400449|
11400450|
11400451|
11400452|
11400453|
11400454|
11400455|
