4475400228|
4475400229|
4475400230|
4475400231|
4475400256|
4475400257|
4475400258|
4475400259|
4475400260|
4475400261|
4475400262|
4475400263|
4475400288|
4475400289|
4475400290|
4475400291|
4475400292|
4475400293|
4475400294|
4475400295|
4475400320|
4475400321|
4475400322|
4475400323|
4475400324|
4475400325|
4475400326|
4475400327|
4475400352|
4475400353|
4475400354|
4475400355|
4475400356|
4475400357|
4475400358|
4475400359|
4475400384|
4475400385|
4475400386|
4475400387|
4475400388|
4475400389|
4475400390|
4475400391|
4475400416|
4475400417|
4475400418|
4475400419|
4475400420|
4475400421|
4475400422|
4475400423|
4475400448|
4475400449|
4475400450|
4475400451|
4475400452|
4475400453|
4475400454|
4475400455|
4475400480|
4475400481|
4475400482|
4475400483|
4475400484|
4475400485|
4475400486|
4475400487|
4475400512|
4475400513|
4475400514|
4475400515|
4475400516|
4475400517|
4475400518|
4475400519|
4475400544|
4475400545|
4475400546|
4475400547|
4475400548|
4475400549|
4475400550|
4475400551|
4475400576|
4475400577|
4475400578|
4475400579|
4475400580|
4475400581|
4475400582|
4475400583|
4475400608|
4475400609|
4475400610|
4475400611|
4475400612|
4475400613|
4475400614|
4475400615|
