37200231|
37200256|
37200257|
37200258|
37200259|
37200260|
37200261|
37200262|
37200263|
37200288|
37200289|
37200290|
37200291|
37200292|
37200293|
37200294|
37200295|
37200320|
37200321|
37200322|
37200323|
37200324|
37200325|
37200326|
37200327|
37200352|
37200353|
37200354|
37200355|
37200356|
37200357|
37200358|
37200359|
37200384|
37200385|
37200386|
37200387|
37200388|
37200389|
37200390|
37200391|
37200416|
37200417|
37200418|
37200419|
37200420|
37200421|
37200422|
37200423|
37200448|
37200449|
37200450|
37200451|
37200452|
37200453|
37200454|
37200455|
37200480|
37200481|
37200482|
37200483|
37200484|
37200485|
37200486|
37200487|
37200512|
37200513|
37200514|
37200515|
37200516|
37200517|
37200518|
37200519|
37200544|
37200545|
37200546|
37200547|
37200548|
37200549|
37200550|
37200551|
37200576|
37200577|
37200578|
37200579|
37200580|
37200581|
37200582|
37200583|
37200608|
37200609|
37200610|
37200611|
37200612|
37200613|
37200614|
37200615|
37200640|
37200641|
37200642|
