57000384|
57000385|
57000386|
57000387|
57000388|
57000389|
57000390|
57000391|
57000416|
57000417|
57000418|
57000419|
57000420|
57000421|
57000422|
57000423|
57000448|
57000449|
57000450|
57000451|
57000452|
57000453|
57000454|
57000455|
57000480|
57000481|
57000482|
57000483|
57000484|
57000485|
57000486|
57000487|
57000512|
57000513|
57000514|
57000515|
57000516|
57000517|
57000518|
57000519|
57000544|
57000545|
57000546|
57000547|
57000548|
57000549|
57000550|
57000551|
57000576|
57000577|
57000578|
57000579|
57000580|
57000581|
57000582|
57000583|
57000608|
57000609|
57000610|
57000611|
57000612|
57000613|
57000614|
57000615|
57000640|
57000641|
57000642|
57000643|
57000644|
57000645|
57000646|
57000647|
57000672|
57000673|
57000674|
57000675|
57000676|
57000677|
57000678|
57000679|
57000704|
57000705|
57000706|
57000707|
57000708|
57000709|
57000710|
57000711|
57000736|
57000737|
57000738|
57000739|
57000740|
57000741|
57000742|
57000743|
57000768|
57000769|
57000770|
57000771|
