8974200226|
8974200227|
8974200228|
8974200229|
8974200230|
8974200231|
8974200256|
8974200257|
8974200258|
8974200259|
8974200260|
8974200261|
8974200262|
8974200263|
8974200288|
8974200289|
8974200290|
8974200291|
8974200292|
8974200293|
8974200294|
8974200295|
8974200320|
8974200321|
8974200322|
8974200323|
8974200324|
8974200325|
8974200326|
8974200327|
8974200352|
8974200353|
8974200354|
8974200355|
8974200356|
8974200357|
8974200358|
8974200359|
8974200384|
8974200385|
8974200386|
8974200387|
8974200388|
8974200389|
8974200390|
8974200391|
8974200416|
8974200417|
8974200418|
8974200419|
8974200420|
8974200421|
8974200422|
8974200423|
8974200448|
8974200449|
8974200450|
8974200451|
8974200452|
8974200453|
8974200454|
8974200455|
8974200480|
8974200481|
8974200482|
8974200483|
8974200484|
8974200485|
8974200486|
8974200487|
8974200512|
8974200513|
8974200514|
8974200515|
8974200516|
8974200517|
8974200518|
8974200519|
8974200544|
8974200545|
8974200546|
8974200547|
8974200548|
8974200549|
8974200550|
8974200551|
8974200576|
8974200577|
8974200578|
8974200579|
8974200580|
8974200581|
8974200582|
8974200583|
8974200608|
8974200609|
8974200610|
8974200611|
8974200612|
8974200613|
