45600293|
45600294|
45600295|
45600320|
45600321|
45600322|
45600323|
45600324|
45600325|
45600326|
45600327|
45600352|
45600353|
45600354|
45600355|
45600356|
45600357|
45600358|
45600359|
45600384|
45600385|
45600386|
45600387|
45600388|
45600389|
45600390|
45600391|
45600416|
45600417|
45600418|
45600419|
45600420|
45600421|
45600422|
45600423|
45600448|
45600449|
45600450|
45600451|
45600452|
45600453|
45600454|
45600455|
45600480|
45600481|
45600482|
45600483|
45600484|
45600485|
45600486|
45600487|
45600512|
45600513|
45600514|
45600515|
45600516|
45600517|
45600518|
45600519|
45600544|
45600545|
45600546|
45600547|
45600548|
45600549|
45600550|
45600551|
45600576|
45600577|
45600578|
45600579|
45600580|
45600581|
45600582|
45600583|
45600608|
45600609|
45600610|
45600611|
45600612|
45600613|
45600614|
45600615|
45600640|
45600641|
45600642|
45600643|
45600644|
45600645|
45600646|
45600647|
45600672|
45600673|
45600674|
45600675|
45600676|
45600677|
45600678|
45600679|
45600704|
