25200163|
25200164|
25200165|
25200166|
25200167|
25200192|
25200193|
25200194|
25200195|
25200196|
25200197|
25200198|
25200199|
25200224|
25200225|
25200226|
25200227|
25200228|
25200229|
25200230|
25200231|
25200256|
25200257|
25200258|
25200259|
25200260|
25200261|
25200262|
25200263|
25200288|
25200289|
25200290|
25200291|
25200292|
25200293|
25200294|
25200295|
25200320|
25200321|
25200322|
25200323|
25200324|
25200325|
25200326|
25200327|
25200352|
25200353|
25200354|
25200355|
25200356|
25200357|
25200358|
25200359|
25200384|
25200385|
25200386|
25200387|
25200388|
25200389|
25200390|
25200391|
25200416|
25200417|
25200418|
25200419|
25200420|
25200421|
25200422|
25200423|
25200448|
25200449|
25200450|
25200451|
25200452|
25200453|
25200454|
25200455|
25200480|
25200481|
25200482|
25200483|
25200484|
25200485|
25200486|
25200487|
25200512|
25200513|
25200514|
25200515|
25200516|
25200517|
25200518|
25200519|
25200544|
25200545|
25200546|
25200547|
25200548|
25200549|
25200550|
