27600167|
27600192|
27600193|
27600194|
27600195|
27600196|
27600197|
27600198|
27600199|
27600224|
27600225|
27600226|
27600227|
27600228|
27600229|
27600230|
27600231|
27600256|
27600257|
27600258|
27600259|
27600260|
27600261|
27600262|
27600263|
27600288|
27600289|
27600290|
27600291|
27600292|
27600293|
27600294|
27600295|
27600320|
27600321|
27600322|
27600323|
27600324|
27600325|
27600326|
27600327|
27600352|
27600353|
27600354|
27600355|
27600356|
27600357|
27600358|
27600359|
27600384|
27600385|
27600386|
27600387|
27600388|
27600389|
27600390|
27600391|
27600416|
27600417|
27600418|
27600419|
27600420|
27600421|
27600422|
27600423|
27600448|
27600449|
27600450|
27600451|
27600452|
27600453|
27600454|
27600455|
27600480|
27600481|
27600482|
27600483|
27600484|
27600485|
27600486|
27600487|
27600512|
27600513|
27600514|
27600515|
27600516|
27600517|
27600518|
27600519|
27600544|
27600545|
27600546|
27600547|
27600548|
27600549|
27600550|
27600551|
27600576|
27600577|
27600578|
