8988000321|
8988000322|
8988000323|
8988000324|
8988000325|
8988000326|
8988000327|
8988000352|
8988000353|
8988000354|
8988000355|
8988000356|
8988000357|
8988000358|
8988000359|
8988000384|
8988000385|
8988000386|
8988000387|
8988000388|
8988000389|
8988000390|
8988000391|
8988000416|
8988000417|
8988000418|
8988000419|
8988000420|
8988000421|
8988000422|
8988000423|
8988000448|
8988000449|
8988000450|
8988000451|
8988000452|
8988000453|
8988000454|
8988000455|
8988000480|
8988000481|
8988000482|
8988000483|
8988000484|
8988000485|
8988000486|
8988000487|
8988000512|
8988000513|
8988000514|
8988000515|
8988000516|
8988000517|
8988000518|
8988000519|
8988000544|
8988000545|
8988000546|
8988000547|
8988000548|
8988000549|
8988000550|
8988000551|
8988000576|
8988000577|
8988000578|
8988000579|
8988000580|
8988000581|
8988000582|
8988000583|
8988000608|
8988000609|
8988000610|
8988000611|
8988000612|
8988000613|
8988000614|
8988000615|
8988000640|
8988000641|
8988000642|
8988000643|
8988000644|
8988000645|
8988000646|
8988000647|
8988000672|
8988000673|
8988000674|
8988000675|
8988000676|
8988000677|
8988000678|
8988000679|
8988000704|
8988000705|
8988000706|
8988000707|
8988000708|
