4461000132|
4461000133|
4461000134|
4461000135|
4461000160|
4461000161|
4461000162|
4461000163|
4461000164|
4461000165|
4461000166|
4461000167|
4461000192|
4461000193|
4461000194|
4461000195|
4461000196|
4461000197|
4461000198|
4461000199|
4461000224|
4461000225|
4461000226|
4461000227|
4461000228|
4461000229|
4461000230|
4461000231|
4461000256|
4461000257|
4461000258|
4461000259|
4461000260|
4461000261|
4461000262|
4461000263|
4461000288|
4461000289|
4461000290|
4461000291|
4461000292|
4461000293|
4461000294|
4461000295|
4461000320|
4461000321|
4461000322|
4461000323|
4461000324|
4461000325|
4461000326|
4461000327|
4461000352|
4461000353|
4461000354|
4461000355|
4461000356|
4461000357|
4461000358|
4461000359|
4461000384|
4461000385|
4461000386|
4461000387|
4461000388|
4461000389|
4461000390|
4461000391|
4461000416|
4461000417|
4461000418|
4461000419|
4461000420|
4461000421|
4461000422|
4461000423|
4461000448|
4461000449|
4461000450|
4461000451|
4461000452|
4461000453|
4461000454|
4461000455|
4461000480|
4461000481|
4461000482|
4461000483|
4461000484|
4461000485|
4461000486|
4461000487|
4461000512|
4461000513|
4461000514|
4461000515|
4461000516|
4461000517|
4461000518|
4461000519|
