8953200071|
8953200096|
8953200097|
8953200098|
8953200099|
8953200100|
8953200101|
8953200102|
8953200103|
8953200128|
8953200129|
8953200130|
8953200131|
8953200132|
8953200133|
8953200134|
8953200135|
8953200160|
8953200161|
8953200162|
8953200163|
8953200164|
8953200165|
8953200166|
8953200167|
8953200192|
8953200193|
8953200194|
8953200195|
8953200196|
8953200197|
8953200198|
8953200199|
8953200224|
8953200225|
8953200226|
8953200227|
8953200228|
8953200229|
8953200230|
8953200231|
8953200256|
8953200257|
8953200258|
8953200259|
8953200260|
8953200261|
8953200262|
8953200263|
8953200288|
8953200289|
8953200290|
8953200291|
8953200292|
8953200293|
8953200294|
8953200295|
8953200320|
8953200321|
8953200322|
8953200323|
8953200324|
8953200325|
8953200326|
8953200327|
8953200352|
8953200353|
8953200354|
8953200355|
8953200356|
8953200357|
8953200358|
8953200359|
8953200384|
8953200385|
8953200386|
8953200387|
8953200388|
8953200389|
8953200390|
8953200391|
8953200416|
8953200417|
8953200418|
8953200419|
8953200420|
8953200421|
8953200422|
8953200423|
8953200448|
8953200449|
8953200450|
8953200451|
8953200452|
8953200453|
8953200454|
8953200455|
8953200480|
8953200481|
8953200482|
