8970600196|
8970600197|
8970600198|
8970600199|
8970600224|
8970600225|
8970600226|
8970600227|
8970600228|
8970600229|
8970600230|
8970600231|
8970600256|
8970600257|
8970600258|
8970600259|
8970600260|
8970600261|
8970600262|
8970600263|
8970600288|
8970600289|
8970600290|
8970600291|
8970600292|
8970600293|
8970600294|
8970600295|
8970600320|
8970600321|
8970600322|
8970600323|
8970600324|
8970600325|
8970600326|
8970600327|
8970600352|
8970600353|
8970600354|
8970600355|
8970600356|
8970600357|
8970600358|
8970600359|
8970600384|
8970600385|
8970600386|
8970600387|
8970600388|
8970600389|
8970600390|
8970600391|
8970600416|
8970600417|
8970600418|
8970600419|
8970600420|
8970600421|
8970600422|
8970600423|
8970600448|
8970600449|
8970600450|
8970600451|
8970600452|
8970600453|
8970600454|
8970600455|
8970600480|
8970600481|
8970600482|
8970600483|
8970600484|
8970600485|
8970600486|
8970600487|
8970600512|
8970600513|
8970600514|
8970600515|
8970600516|
8970600517|
8970600518|
8970600519|
8970600544|
8970600545|
8970600546|
8970600547|
8970600548|
8970600549|
8970600550|
8970600551|
8970600576|
8970600577|
8970600578|
8970600579|
8970600580|
8970600581|
8970600582|
8970600583|
