4457400102|
4457400103|
4457400128|
4457400129|
4457400130|
4457400131|
4457400132|
4457400133|
4457400134|
4457400135|
4457400160|
4457400161|
4457400162|
4457400163|
4457400164|
4457400165|
4457400166|
4457400167|
4457400192|
4457400193|
4457400194|
4457400195|
4457400196|
4457400197|
4457400198|
4457400199|
4457400224|
4457400225|
4457400226|
4457400227|
4457400228|
4457400229|
4457400230|
4457400231|
4457400256|
4457400257|
4457400258|
4457400259|
4457400260|
4457400261|
4457400262|
4457400263|
4457400288|
4457400289|
4457400290|
4457400291|
4457400292|
4457400293|
4457400294|
4457400295|
4457400320|
4457400321|
4457400322|
4457400323|
4457400324|
4457400325|
4457400326|
4457400327|
4457400352|
4457400353|
4457400354|
4457400355|
4457400356|
4457400357|
4457400358|
4457400359|
4457400384|
4457400385|
4457400386|
4457400387|
4457400388|
4457400389|
4457400390|
4457400391|
4457400416|
4457400417|
4457400418|
4457400419|
4457400420|
4457400421|
4457400422|
4457400423|
4457400448|
4457400449|
4457400450|
4457400451|
4457400452|
4457400453|
4457400454|
4457400455|
4457400480|
4457400481|
4457400482|
4457400483|
4457400484|
4457400485|
4457400486|
4457400487|
4457400512|
4457400513|
