4472400199|
4472400224|
4472400225|
4472400226|
4472400227|
4472400228|
4472400229|
4472400230|
4472400231|
4472400256|
4472400257|
4472400258|
4472400259|
4472400260|
4472400261|
4472400262|
4472400263|
4472400288|
4472400289|
4472400290|
4472400291|
4472400292|
4472400293|
4472400294|
4472400295|
4472400320|
4472400321|
4472400322|
4472400323|
4472400324|
4472400325|
4472400326|
4472400327|
4472400352|
4472400353|
4472400354|
4472400355|
4472400356|
4472400357|
4472400358|
4472400359|
4472400384|
4472400385|
4472400386|
4472400387|
4472400388|
4472400389|
4472400390|
4472400391|
4472400416|
4472400417|
4472400418|
4472400419|
4472400420|
4472400421|
4472400422|
4472400423|
4472400448|
4472400449|
4472400450|
4472400451|
4472400452|
4472400453|
4472400454|
4472400455|
4472400480|
4472400481|
4472400482|
4472400483|
4472400484|
4472400485|
4472400486|
4472400487|
4472400512|
4472400513|
4472400514|
4472400515|
4472400516|
4472400517|
4472400518|
4472400519|
4472400544|
4472400545|
4472400546|
4472400547|
4472400548|
4472400549|
4472400550|
4472400551|
4472400576|
4472400577|
4472400578|
4472400579|
4472400580|
4472400581|
4472400582|
4472400583|
4472400608|
4472400609|
4472400610|
