4447200037|
4447200038|
4447200039|
4447200064|
4447200065|
4447200066|
4447200067|
4447200068|
4447200069|
4447200070|
4447200071|
4447200096|
4447200097|
4447200098|
4447200099|
4447200100|
4447200101|
4447200102|
4447200103|
4447200128|
4447200129|
4447200130|
4447200131|
4447200132|
4447200133|
4447200134|
4447200135|
4447200160|
4447200161|
4447200162|
4447200163|
4447200164|
4447200165|
4447200166|
4447200167|
4447200192|
4447200193|
4447200194|
4447200195|
4447200196|
4447200197|
4447200198|
4447200199|
4447200224|
4447200225|
4447200226|
4447200227|
4447200228|
4447200229|
4447200230|
4447200231|
4447200256|
4447200257|
4447200258|
4447200259|
4447200260|
4447200261|
4447200262|
4447200263|
4447200288|
4447200289|
4447200290|
4447200291|
4447200292|
4447200293|
4447200294|
4447200295|
4447200320|
4447200321|
4447200322|
4447200323|
4447200324|
4447200325|
4447200326|
4447200327|
4447200352|
4447200353|
4447200354|
4447200355|
4447200356|
4447200357|
4447200358|
4447200359|
4447200384|
4447200385|
4447200386|
4447200387|
4447200388|
4447200389|
4447200390|
4447200391|
4447200416|
4447200417|
4447200418|
4447200419|
4447200420|
4447200421|
4447200422|
4447200423|
4447200448|
