4445400034|
4445400035|
4445400036|
4445400037|
4445400038|
4445400039|
4445400064|
4445400065|
4445400066|
4445400067|
4445400068|
4445400069|
4445400070|
4445400071|
4445400096|
4445400097|
4445400098|
4445400099|
4445400100|
4445400101|
4445400102|
4445400103|
4445400128|
4445400129|
4445400130|
4445400131|
4445400132|
4445400133|
4445400134|
4445400135|
4445400160|
4445400161|
4445400162|
4445400163|
4445400164|
4445400165|
4445400166|
4445400167|
4445400192|
4445400193|
4445400194|
4445400195|
4445400196|
4445400197|
4445400198|
4445400199|
4445400224|
4445400225|
4445400226|
4445400227|
4445400228|
4445400229|
4445400230|
4445400231|
4445400256|
4445400257|
4445400258|
4445400259|
4445400260|
4445400261|
4445400262|
4445400263|
4445400288|
4445400289|
4445400290|
4445400291|
4445400292|
4445400293|
4445400294|
4445400295|
4445400320|
4445400321|
4445400322|
4445400323|
4445400324|
4445400325|
4445400326|
4445400327|
4445400352|
4445400353|
4445400354|
4445400355|
4445400356|
4445400357|
4445400358|
4445400359|
4445400384|
4445400385|
4445400386|
4445400387|
4445400388|
4445400389|
4445400390|
4445400391|
4445400416|
4445400417|
4445400418|
4445400419|
4445400420|
4445400421|
