8982000263|
8982000288|
8982000289|
8982000290|
8982000291|
8982000292|
8982000293|
8982000294|
8982000295|
8982000320|
8982000321|
8982000322|
8982000323|
8982000324|
8982000325|
8982000326|
8982000327|
8982000352|
8982000353|
8982000354|
8982000355|
8982000356|
8982000357|
8982000358|
8982000359|
8982000384|
8982000385|
8982000386|
8982000387|
8982000388|
8982000389|
8982000390|
8982000391|
8982000416|
8982000417|
8982000418|
8982000419|
8982000420|
8982000421|
8982000422|
8982000423|
8982000448|
8982000449|
8982000450|
8982000451|
8982000452|
8982000453|
8982000454|
8982000455|
8982000480|
8982000481|
8982000482|
8982000483|
8982000484|
8982000485|
8982000486|
8982000487|
8982000512|
8982000513|
8982000514|
8982000515|
8982000516|
8982000517|
8982000518|
8982000519|
8982000544|
8982000545|
8982000546|
8982000547|
8982000548|
8982000549|
8982000550|
8982000551|
8982000576|
8982000577|
8982000578|
8982000579|
8982000580|
8982000581|
8982000582|
8982000583|
8982000608|
8982000609|
8982000610|
8982000611|
8982000612|
8982000613|
8982000614|
8982000615|
8982000640|
8982000641|
8982000642|
8982000643|
8982000644|
8982000645|
8982000646|
8982000647|
8982000672|
8982000673|
8982000674|
