28200192|
28200193|
28200194|
28200195|
28200196|
28200197|
28200198|
28200199|
28200224|
28200225|
28200226|
28200227|
28200228|
28200229|
28200230|
28200231|
28200256|
28200257|
28200258|
28200259|
28200260|
28200261|
28200262|
28200263|
28200288|
28200289|
28200290|
28200291|
28200292|
28200293|
28200294|
28200295|
28200320|
28200321|
28200322|
28200323|
28200324|
28200325|
28200326|
28200327|
28200352|
28200353|
28200354|
28200355|
28200356|
28200357|
28200358|
28200359|
28200384|
28200385|
28200386|
28200387|
28200388|
28200389|
28200390|
28200391|
28200416|
28200417|
28200418|
28200419|
28200420|
28200421|
28200422|
28200423|
28200448|
28200449|
28200450|
28200451|
28200452|
28200453|
28200454|
28200455|
28200480|
28200481|
28200482|
28200483|
28200484|
28200485|
28200486|
28200487|
28200512|
28200513|
28200514|
28200515|
28200516|
28200517|
28200518|
28200519|
28200544|
28200545|
28200546|
28200547|
28200548|
28200549|
28200550|
28200551|
28200576|
28200577|
28200578|
28200579|
