4491000326|
4491000327|
4491000352|
4491000353|
4491000354|
4491000355|
4491000356|
4491000357|
4491000358|
4491000359|
4491000384|
4491000385|
4491000386|
4491000387|
4491000388|
4491000389|
4491000390|
4491000391|
4491000416|
4491000417|
4491000418|
4491000419|
4491000420|
4491000421|
4491000422|
4491000423|
4491000448|
4491000449|
4491000450|
4491000451|
4491000452|
4491000453|
4491000454|
4491000455|
4491000480|
4491000481|
4491000482|
4491000483|
4491000484|
4491000485|
4491000486|
4491000487|
4491000512|
4491000513|
4491000514|
4491000515|
4491000516|
4491000517|
4491000518|
4491000519|
4491000544|
4491000545|
4491000546|
4491000547|
4491000548|
4491000549|
4491000550|
4491000551|
4491000576|
4491000577|
4491000578|
4491000579|
4491000580|
4491000581|
4491000582|
4491000583|
4491000608|
4491000609|
4491000610|
4491000611|
4491000612|
4491000613|
4491000614|
4491000615|
4491000640|
4491000641|
4491000642|
4491000643|
4491000644|
4491000645|
4491000646|
4491000647|
4491000672|
4491000673|
4491000674|
4491000675|
4491000676|
4491000677|
4491000678|
4491000679|
4491000704|
4491000705|
4491000706|
4491000707|
4491000708|
4491000709|
4491000710|
4491000711|
4491000736|
4491000737|
