48600322|
48600323|
48600324|
48600325|
48600326|
48600327|
48600352|
48600353|
48600354|
48600355|
48600356|
48600357|
48600358|
48600359|
48600384|
48600385|
48600386|
48600387|
48600388|
48600389|
48600390|
48600391|
48600416|
48600417|
48600418|
48600419|
48600420|
48600421|
48600422|
48600423|
48600448|
48600449|
48600450|
48600451|
48600452|
48600453|
48600454|
48600455|
48600480|
48600481|
48600482|
48600483|
48600484|
48600485|
48600486|
48600487|
48600512|
48600513|
48600514|
48600515|
48600516|
48600517|
48600518|
48600519|
48600544|
48600545|
48600546|
48600547|
48600548|
48600549|
48600550|
48600551|
48600576|
48600577|
48600578|
48600579|
48600580|
48600581|
48600582|
48600583|
48600608|
48600609|
48600610|
48600611|
48600612|
48600613|
48600614|
48600615|
48600640|
48600641|
48600642|
48600643|
48600644|
48600645|
48600646|
48600647|
48600672|
48600673|
48600674|
48600675|
48600676|
48600677|
48600678|
48600679|
48600704|
48600705|
48600706|
48600707|
48600708|
48600709|
