4485600293|
4485600294|
4485600295|
4485600320|
4485600321|
4485600322|
4485600323|
4485600324|
4485600325|
4485600326|
4485600327|
4485600352|
4485600353|
4485600354|
4485600355|
4485600356|
4485600357|
4485600358|
4485600359|
4485600384|
4485600385|
4485600386|
4485600387|
4485600388|
4485600389|
4485600390|
4485600391|
4485600416|
4485600417|
4485600418|
4485600419|
4485600420|
4485600421|
4485600422|
4485600423|
4485600448|
4485600449|
4485600450|
4485600451|
4485600452|
4485600453|
4485600454|
4485600455|
4485600480|
4485600481|
4485600482|
4485600483|
4485600484|
4485600485|
4485600486|
4485600487|
4485600512|
4485600513|
4485600514|
4485600515|
4485600516|
4485600517|
4485600518|
4485600519|
4485600544|
4485600545|
4485600546|
4485600547|
4485600548|
4485600549|
4485600550|
4485600551|
4485600576|
4485600577|
4485600578|
4485600579|
4485600580|
4485600581|
4485600582|
4485600583|
4485600608|
4485600609|
4485600610|
4485600611|
4485600612|
4485600613|
4485600614|
4485600615|
4485600640|
4485600641|
4485600642|
4485600643|
4485600644|
4485600645|
4485600646|
4485600647|
4485600672|
4485600673|
4485600674|
4485600675|
4485600676|
4485600677|
4485600678|
4485600679|
4485600704|
