25800164|
25800165|
25800166|
25800167|
25800192|
25800193|
25800194|
25800195|
25800196|
25800197|
25800198|
25800199|
25800224|
25800225|
25800226|
25800227|
25800228|
25800229|
25800230|
25800231|
25800256|
25800257|
25800258|
25800259|
25800260|
25800261|
25800262|
25800263|
25800288|
25800289|
25800290|
25800291|
25800292|
25800293|
25800294|
25800295|
25800320|
25800321|
25800322|
25800323|
25800324|
25800325|
25800326|
25800327|
25800352|
25800353|
25800354|
25800355|
25800356|
25800357|
25800358|
25800359|
25800384|
25800385|
25800386|
25800387|
25800388|
25800389|
25800390|
25800391|
25800416|
25800417|
25800418|
25800419|
25800420|
25800421|
25800422|
25800423|
25800448|
25800449|
25800450|
25800451|
25800452|
25800453|
25800454|
25800455|
25800480|
25800481|
25800482|
25800483|
25800484|
25800485|
25800486|
25800487|
25800512|
25800513|
25800514|
25800515|
25800516|
25800517|
25800518|
25800519|
25800544|
25800545|
25800546|
25800547|
25800548|
25800549|
25800550|
25800551|
