8955600099|
8955600100|
8955600101|
8955600102|
8955600103|
8955600128|
8955600129|
8955600130|
8955600131|
8955600132|
8955600133|
8955600134|
8955600135|
8955600160|
8955600161|
8955600162|
8955600163|
8955600164|
8955600165|
8955600166|
8955600167|
8955600192|
8955600193|
8955600194|
8955600195|
8955600196|
8955600197|
8955600198|
8955600199|
8955600224|
8955600225|
8955600226|
8955600227|
8955600228|
8955600229|
8955600230|
8955600231|
8955600256|
8955600257|
8955600258|
8955600259|
8955600260|
8955600261|
8955600262|
8955600263|
8955600288|
8955600289|
8955600290|
8955600291|
8955600292|
8955600293|
8955600294|
8955600295|
8955600320|
8955600321|
8955600322|
8955600323|
8955600324|
8955600325|
8955600326|
8955600327|
8955600352|
8955600353|
8955600354|
8955600355|
8955600356|
8955600357|
8955600358|
8955600359|
8955600384|
8955600385|
8955600386|
8955600387|
8955600388|
8955600389|
8955600390|
8955600391|
8955600416|
8955600417|
8955600418|
8955600419|
8955600420|
8955600421|
8955600422|
8955600423|
8955600448|
8955600449|
8955600450|
8955600451|
8955600452|
8955600453|
8955600454|
8955600455|
8955600480|
8955600481|
8955600482|
8955600483|
8955600484|
8955600485|
8955600486|
