4474200226|
4474200227|
4474200228|
4474200229|
4474200230|
4474200231|
4474200256|
4474200257|
4474200258|
4474200259|
4474200260|
4474200261|
4474200262|
4474200263|
4474200288|
4474200289|
4474200290|
4474200291|
4474200292|
4474200293|
4474200294|
4474200295|
4474200320|
4474200321|
4474200322|
4474200323|
4474200324|
4474200325|
4474200326|
4474200327|
4474200352|
4474200353|
4474200354|
4474200355|
4474200356|
4474200357|
4474200358|
4474200359|
4474200384|
4474200385|
4474200386|
4474200387|
4474200388|
4474200389|
4474200390|
4474200391|
4474200416|
4474200417|
4474200418|
4474200419|
4474200420|
4474200421|
4474200422|
4474200423|
4474200448|
4474200449|
4474200450|
4474200451|
4474200452|
4474200453|
4474200454|
4474200455|
4474200480|
4474200481|
4474200482|
4474200483|
4474200484|
4474200485|
4474200486|
4474200487|
4474200512|
4474200513|
4474200514|
4474200515|
4474200516|
4474200517|
4474200518|
4474200519|
4474200544|
4474200545|
4474200546|
4474200547|
4474200548|
4474200549|
4474200550|
4474200551|
4474200576|
4474200577|
4474200578|
4474200579|
4474200580|
4474200581|
4474200582|
4474200583|
4474200608|
4474200609|
4474200610|
4474200611|
4474200612|
4474200613|
