8953800096|
8953800097|
8953800098|
8953800099|
8953800100|
8953800101|
8953800102|
8953800103|
8953800128|
8953800129|
8953800130|
8953800131|
8953800132|
8953800133|
8953800134|
8953800135|
8953800160|
8953800161|
8953800162|
8953800163|
8953800164|
8953800165|
8953800166|
8953800167|
8953800192|
8953800193|
8953800194|
8953800195|
8953800196|
8953800197|
8953800198|
8953800199|
8953800224|
8953800225|
8953800226|
8953800227|
8953800228|
8953800229|
8953800230|
8953800231|
8953800256|
8953800257|
8953800258|
8953800259|
8953800260|
8953800261|
8953800262|
8953800263|
8953800288|
8953800289|
8953800290|
8953800291|
8953800292|
8953800293|
8953800294|
8953800295|
8953800320|
8953800321|
8953800322|
8953800323|
8953800324|
8953800325|
8953800326|
8953800327|
8953800352|
8953800353|
8953800354|
8953800355|
8953800356|
8953800357|
8953800358|
8953800359|
8953800384|
8953800385|
8953800386|
8953800387|
8953800388|
8953800389|
8953800390|
8953800391|
8953800416|
8953800417|
8953800418|
8953800419|
8953800420|
8953800421|
8953800422|
8953800423|
8953800448|
8953800449|
8953800450|
8953800451|
8953800452|
8953800453|
8953800454|
8953800455|
8953800480|
8953800481|
8953800482|
8953800483|
