4498200386|
4498200387|
4498200388|
4498200389|
4498200390|
4498200391|
4498200416|
4498200417|
4498200418|
4498200419|
4498200420|
4498200421|
4498200422|
4498200423|
4498200448|
4498200449|
4498200450|
4498200451|
4498200452|
4498200453|
4498200454|
4498200455|
4498200480|
4498200481|
4498200482|
4498200483|
4498200484|
4498200485|
4498200486|
4498200487|
4498200512|
4498200513|
4498200514|
4498200515|
4498200516|
4498200517|
4498200518|
4498200519|
4498200544|
4498200545|
4498200546|
4498200547|
4498200548|
4498200549|
4498200550|
4498200551|
4498200576|
4498200577|
4498200578|
4498200579|
4498200580|
4498200581|
4498200582|
4498200583|
4498200608|
4498200609|
4498200610|
4498200611|
4498200612|
4498200613|
4498200614|
4498200615|
4498200640|
4498200641|
4498200642|
4498200643|
4498200644|
4498200645|
4498200646|
4498200647|
4498200672|
4498200673|
4498200674|
4498200675|
4498200676|
4498200677|
4498200678|
4498200679|
4498200704|
4498200705|
4498200706|
4498200707|
4498200708|
4498200709|
4498200710|
4498200711|
4498200736|
4498200737|
4498200738|
4498200739|
4498200740|
4498200741|
4498200742|
4498200743|
4498200768|
4498200769|
4498200770|
4498200771|
4498200772|
4498200773|
