43800290|
43800291|
43800292|
43800293|
43800294|
43800295|
43800320|
43800321|
43800322|
43800323|
43800324|
43800325|
43800326|
43800327|
43800352|
43800353|
43800354|
43800355|
43800356|
43800357|
43800358|
43800359|
43800384|
43800385|
43800386|
43800387|
43800388|
43800389|
43800390|
43800391|
43800416|
43800417|
43800418|
43800419|
43800420|
43800421|
43800422|
43800423|
43800448|
43800449|
43800450|
43800451|
43800452|
43800453|
43800454|
43800455|
43800480|
43800481|
43800482|
43800483|
43800484|
43800485|
43800486|
43800487|
43800512|
43800513|
43800514|
43800515|
43800516|
43800517|
43800518|
43800519|
43800544|
43800545|
43800546|
43800547|
43800548|
43800549|
43800550|
43800551|
43800576|
43800577|
43800578|
43800579|
43800580|
43800581|
43800582|
43800583|
43800608|
43800609|
43800610|
43800611|
43800612|
43800613|
43800614|
43800615|
43800640|
43800641|
43800642|
43800643|
43800644|
43800645|
43800646|
43800647|
43800672|
43800673|
43800674|
43800675|
43800676|
43800677|
