8985600293|
8985600294|
8985600295|
8985600320|
8985600321|
8985600322|
8985600323|
8985600324|
8985600325|
8985600326|
8985600327|
8985600352|
8985600353|
8985600354|
8985600355|
8985600356|
8985600357|
8985600358|
8985600359|
8985600384|
8985600385|
8985600386|
8985600387|
8985600388|
8985600389|
8985600390|
8985600391|
8985600416|
8985600417|
8985600418|
8985600419|
8985600420|
8985600421|
8985600422|
8985600423|
8985600448|
8985600449|
8985600450|
8985600451|
8985600452|
8985600453|
8985600454|
8985600455|
8985600480|
8985600481|
8985600482|
8985600483|
8985600484|
8985600485|
8985600486|
8985600487|
8985600512|
8985600513|
8985600514|
8985600515|
8985600516|
8985600517|
8985600518|
8985600519|
8985600544|
8985600545|
8985600546|
8985600547|
8985600548|
8985600549|
8985600550|
8985600551|
8985600576|
8985600577|
8985600578|
8985600579|
8985600580|
8985600581|
8985600582|
8985600583|
8985600608|
8985600609|
8985600610|
8985600611|
8985600612|
8985600613|
8985600614|
8985600615|
8985600640|
8985600641|
8985600642|
8985600643|
8985600644|
8985600645|
8985600646|
8985600647|
8985600672|
8985600673|
8985600674|
8985600675|
8985600676|
8985600677|
8985600678|
8985600679|
8985600704|
