8968800193|
8968800194|
8968800195|
8968800196|
8968800197|
8968800198|
8968800199|
8968800224|
8968800225|
8968800226|
8968800227|
8968800228|
8968800229|
8968800230|
8968800231|
8968800256|
8968800257|
8968800258|
8968800259|
8968800260|
8968800261|
8968800262|
8968800263|
8968800288|
8968800289|
8968800290|
8968800291|
8968800292|
8968800293|
8968800294|
8968800295|
8968800320|
8968800321|
8968800322|
8968800323|
8968800324|
8968800325|
8968800326|
8968800327|
8968800352|
8968800353|
8968800354|
8968800355|
8968800356|
8968800357|
8968800358|
8968800359|
8968800384|
8968800385|
8968800386|
8968800387|
8968800388|
8968800389|
8968800390|
8968800391|
8968800416|
8968800417|
8968800418|
8968800419|
8968800420|
8968800421|
8968800422|
8968800423|
8968800448|
8968800449|
8968800450|
8968800451|
8968800452|
8968800453|
8968800454|
8968800455|
8968800480|
8968800481|
8968800482|
8968800483|
8968800484|
8968800485|
8968800486|
8968800487|
8968800512|
8968800513|
8968800514|
8968800515|
8968800516|
8968800517|
8968800518|
8968800519|
8968800544|
8968800545|
8968800546|
8968800547|
8968800548|
8968800549|
8968800550|
8968800551|
8968800576|
8968800577|
8968800578|
8968800579|
8968800580|
