28800193|
28800194|
28800195|
28800196|
28800197|
28800198|
28800199|
28800224|
28800225|
28800226|
28800227|
28800228|
28800229|
28800230|
28800231|
28800256|
28800257|
28800258|
28800259|
28800260|
28800261|
28800262|
28800263|
28800288|
28800289|
28800290|
28800291|
28800292|
28800293|
28800294|
28800295|
28800320|
28800321|
28800322|
28800323|
28800324|
28800325|
28800326|
28800327|
28800352|
28800353|
28800354|
28800355|
28800356|
28800357|
28800358|
28800359|
28800384|
28800385|
28800386|
28800387|
28800388|
28800389|
28800390|
28800391|
28800416|
28800417|
28800418|
28800419|
28800420|
28800421|
28800422|
28800423|
28800448|
28800449|
28800450|
28800451|
28800452|
28800453|
28800454|
28800455|
28800480|
28800481|
28800482|
28800483|
28800484|
28800485|
28800486|
28800487|
28800512|
28800513|
28800514|
28800515|
28800516|
28800517|
28800518|
28800519|
28800544|
28800545|
28800546|
28800547|
28800548|
28800549|
28800550|
28800551|
28800576|
28800577|
28800578|
28800579|
28800580|
