19800130|
19800131|
19800132|
19800133|
19800134|
19800135|
19800160|
19800161|
19800162|
19800163|
19800164|
19800165|
19800166|
19800167|
19800192|
19800193|
19800194|
19800195|
19800196|
19800197|
19800198|
19800199|
19800224|
19800225|
19800226|
19800227|
19800228|
19800229|
19800230|
19800231|
19800256|
19800257|
19800258|
19800259|
19800260|
19800261|
19800262|
19800263|
19800288|
19800289|
19800290|
19800291|
19800292|
19800293|
19800294|
19800295|
19800320|
19800321|
19800322|
19800323|
19800324|
19800325|
19800326|
19800327|
19800352|
19800353|
19800354|
19800355|
19800356|
19800357|
19800358|
19800359|
19800384|
19800385|
19800386|
19800387|
19800388|
19800389|
19800390|
19800391|
19800416|
19800417|
19800418|
19800419|
19800420|
19800421|
19800422|
19800423|
19800448|
19800449|
19800450|
19800451|
19800452|
19800453|
19800454|
19800455|
19800480|
19800481|
19800482|
19800483|
19800484|
19800485|
19800486|
19800487|
19800512|
19800513|
19800514|
19800515|
19800516|
19800517|
