8977800256|
8977800257|
8977800258|
8977800259|
8977800260|
8977800261|
8977800262|
8977800263|
8977800288|
8977800289|
8977800290|
8977800291|
8977800292|
8977800293|
8977800294|
8977800295|
8977800320|
8977800321|
8977800322|
8977800323|
8977800324|
8977800325|
8977800326|
8977800327|
8977800352|
8977800353|
8977800354|
8977800355|
8977800356|
8977800357|
8977800358|
8977800359|
8977800384|
8977800385|
8977800386|
8977800387|
8977800388|
8977800389|
8977800390|
8977800391|
8977800416|
8977800417|
8977800418|
8977800419|
8977800420|
8977800421|
8977800422|
8977800423|
8977800448|
8977800449|
8977800450|
8977800451|
8977800452|
8977800453|
8977800454|
8977800455|
8977800480|
8977800481|
8977800482|
8977800483|
8977800484|
8977800485|
8977800486|
8977800487|
8977800512|
8977800513|
8977800514|
8977800515|
8977800516|
8977800517|
8977800518|
8977800519|
8977800544|
8977800545|
8977800546|
8977800547|
8977800548|
8977800549|
8977800550|
8977800551|
8977800576|
8977800577|
8977800578|
8977800579|
8977800580|
8977800581|
8977800582|
8977800583|
8977800608|
8977800609|
8977800610|
8977800611|
8977800612|
8977800613|
8977800614|
8977800615|
8977800640|
8977800641|
8977800642|
8977800643|
