4463400160|
4463400161|
4463400162|
4463400163|
4463400164|
4463400165|
4463400166|
4463400167|
4463400192|
4463400193|
4463400194|
4463400195|
4463400196|
4463400197|
4463400198|
4463400199|
4463400224|
4463400225|
4463400226|
4463400227|
4463400228|
4463400229|
4463400230|
4463400231|
4463400256|
4463400257|
4463400258|
4463400259|
4463400260|
4463400261|
4463400262|
4463400263|
4463400288|
4463400289|
4463400290|
4463400291|
4463400292|
4463400293|
4463400294|
4463400295|
4463400320|
4463400321|
4463400322|
4463400323|
4463400324|
4463400325|
4463400326|
4463400327|
4463400352|
4463400353|
4463400354|
4463400355|
4463400356|
4463400357|
4463400358|
4463400359|
4463400384|
4463400385|
4463400386|
4463400387|
4463400388|
4463400389|
4463400390|
4463400391|
4463400416|
4463400417|
4463400418|
4463400419|
4463400420|
4463400421|
4463400422|
4463400423|
4463400448|
4463400449|
4463400450|
4463400451|
4463400452|
4463400453|
4463400454|
4463400455|
4463400480|
4463400481|
4463400482|
4463400483|
4463400484|
4463400485|
4463400486|
4463400487|
4463400512|
4463400513|
4463400514|
4463400515|
4463400516|
4463400517|
4463400518|
4463400519|
4463400544|
4463400545|
4463400546|
4463400547|
