4483800290|
4483800291|
4483800292|
4483800293|
4483800294|
4483800295|
4483800320|
4483800321|
4483800322|
4483800323|
4483800324|
4483800325|
4483800326|
4483800327|
4483800352|
4483800353|
4483800354|
4483800355|
4483800356|
4483800357|
4483800358|
4483800359|
4483800384|
4483800385|
4483800386|
4483800387|
4483800388|
4483800389|
4483800390|
4483800391|
4483800416|
4483800417|
4483800418|
4483800419|
4483800420|
4483800421|
4483800422|
4483800423|
4483800448|
4483800449|
4483800450|
4483800451|
4483800452|
4483800453|
4483800454|
4483800455|
4483800480|
4483800481|
4483800482|
4483800483|
4483800484|
4483800485|
4483800486|
4483800487|
4483800512|
4483800513|
4483800514|
4483800515|
4483800516|
4483800517|
4483800518|
4483800519|
4483800544|
4483800545|
4483800546|
4483800547|
4483800548|
4483800549|
4483800550|
4483800551|
4483800576|
4483800577|
4483800578|
4483800579|
4483800580|
4483800581|
4483800582|
4483800583|
4483800608|
4483800609|
4483800610|
4483800611|
4483800612|
4483800613|
4483800614|
4483800615|
4483800640|
4483800641|
4483800642|
4483800643|
4483800644|
4483800645|
4483800646|
4483800647|
4483800672|
4483800673|
4483800674|
4483800675|
4483800676|
4483800677|
