52200352|
52200353|
52200354|
52200355|
52200356|
52200357|
52200358|
52200359|
52200384|
52200385|
52200386|
52200387|
52200388|
52200389|
52200390|
52200391|
52200416|
52200417|
52200418|
52200419|
52200420|
52200421|
52200422|
52200423|
52200448|
52200449|
52200450|
52200451|
52200452|
52200453|
52200454|
52200455|
52200480|
52200481|
52200482|
52200483|
52200484|
52200485|
52200486|
52200487|
52200512|
52200513|
52200514|
52200515|
52200516|
52200517|
52200518|
52200519|
52200544|
52200545|
52200546|
52200547|
52200548|
52200549|
52200550|
52200551|
52200576|
52200577|
52200578|
52200579|
52200580|
52200581|
52200582|
52200583|
52200608|
52200609|
52200610|
52200611|
52200612|
52200613|
52200614|
52200615|
52200640|
52200641|
52200642|
52200643|
52200644|
52200645|
52200646|
52200647|
52200672|
52200673|
52200674|
52200675|
52200676|
52200677|
52200678|
52200679|
52200704|
52200705|
52200706|
52200707|
52200708|
52200709|
52200710|
52200711|
52200736|
52200737|
52200738|
52200739|
