4499400388|
4499400389|
4499400390|
4499400391|
4499400416|
4499400417|
4499400418|
4499400419|
4499400420|
4499400421|
4499400422|
4499400423|
4499400448|
4499400449|
4499400450|
4499400451|
4499400452|
4499400453|
4499400454|
4499400455|
4499400480|
4499400481|
4499400482|
4499400483|
4499400484|
4499400485|
4499400486|
4499400487|
4499400512|
4499400513|
4499400514|
4499400515|
4499400516|
4499400517|
4499400518|
4499400519|
4499400544|
4499400545|
4499400546|
4499400547|
4499400548|
4499400549|
4499400550|
4499400551|
4499400576|
4499400577|
4499400578|
4499400579|
4499400580|
4499400581|
4499400582|
4499400583|
4499400608|
4499400609|
4499400610|
4499400611|
4499400612|
4499400613|
4499400614|
4499400615|
4499400640|
4499400641|
4499400642|
4499400643|
4499400644|
4499400645|
4499400646|
4499400647|
4499400672|
4499400673|
4499400674|
4499400675|
4499400676|
4499400677|
4499400678|
4499400679|
4499400704|
4499400705|
4499400706|
4499400707|
4499400708|
4499400709|
4499400710|
4499400711|
4499400736|
4499400737|
4499400738|
4499400739|
4499400740|
4499400741|
4499400742|
4499400743|
4499400768|
4499400769|
4499400770|
4499400771|
4499400772|
4499400773|
4499400774|
4499400775|
