8978400257|
8978400258|
8978400259|
8978400260|
8978400261|
8978400262|
8978400263|
8978400288|
8978400289|
8978400290|
8978400291|
8978400292|
8978400293|
8978400294|
8978400295|
8978400320|
8978400321|
8978400322|
8978400323|
8978400324|
8978400325|
8978400326|
8978400327|
8978400352|
8978400353|
8978400354|
8978400355|
8978400356|
8978400357|
8978400358|
8978400359|
8978400384|
8978400385|
8978400386|
8978400387|
8978400388|
8978400389|
8978400390|
8978400391|
8978400416|
8978400417|
8978400418|
8978400419|
8978400420|
8978400421|
8978400422|
8978400423|
8978400448|
8978400449|
8978400450|
8978400451|
8978400452|
8978400453|
8978400454|
8978400455|
8978400480|
8978400481|
8978400482|
8978400483|
8978400484|
8978400485|
8978400486|
8978400487|
8978400512|
8978400513|
8978400514|
8978400515|
8978400516|
8978400517|
8978400518|
8978400519|
8978400544|
8978400545|
8978400546|
8978400547|
8978400548|
8978400549|
8978400550|
8978400551|
8978400576|
8978400577|
8978400578|
8978400579|
8978400580|
8978400581|
8978400582|
8978400583|
8978400608|
8978400609|
8978400610|
8978400611|
8978400612|
8978400613|
8978400614|
8978400615|
8978400640|
8978400641|
8978400642|
8978400643|
8978400644|
