8980200260|
8980200261|
8980200262|
8980200263|
8980200288|
8980200289|
8980200290|
8980200291|
8980200292|
8980200293|
8980200294|
8980200295|
8980200320|
8980200321|
8980200322|
8980200323|
8980200324|
8980200325|
8980200326|
8980200327|
8980200352|
8980200353|
8980200354|
8980200355|
8980200356|
8980200357|
8980200358|
8980200359|
8980200384|
8980200385|
8980200386|
8980200387|
8980200388|
8980200389|
8980200390|
8980200391|
8980200416|
8980200417|
8980200418|
8980200419|
8980200420|
8980200421|
8980200422|
8980200423|
8980200448|
8980200449|
8980200450|
8980200451|
8980200452|
8980200453|
8980200454|
8980200455|
8980200480|
8980200481|
8980200482|
8980200483|
8980200484|
8980200485|
8980200486|
8980200487|
8980200512|
8980200513|
8980200514|
8980200515|
8980200516|
8980200517|
8980200518|
8980200519|
8980200544|
8980200545|
8980200546|
8980200547|
8980200548|
8980200549|
8980200550|
8980200551|
8980200576|
8980200577|
8980200578|
8980200579|
8980200580|
8980200581|
8980200582|
8980200583|
8980200608|
8980200609|
8980200610|
8980200611|
8980200612|
8980200613|
8980200614|
8980200615|
8980200640|
8980200641|
8980200642|
8980200643|
8980200644|
8980200645|
8980200646|
8980200647|
