8954400097|
8954400098|
8954400099|
8954400100|
8954400101|
8954400102|
8954400103|
8954400128|
8954400129|
8954400130|
8954400131|
8954400132|
8954400133|
8954400134|
8954400135|
8954400160|
8954400161|
8954400162|
8954400163|
8954400164|
8954400165|
8954400166|
8954400167|
8954400192|
8954400193|
8954400194|
8954400195|
8954400196|
8954400197|
8954400198|
8954400199|
8954400224|
8954400225|
8954400226|
8954400227|
8954400228|
8954400229|
8954400230|
8954400231|
8954400256|
8954400257|
8954400258|
8954400259|
8954400260|
8954400261|
8954400262|
8954400263|
8954400288|
8954400289|
8954400290|
8954400291|
8954400292|
8954400293|
8954400294|
8954400295|
8954400320|
8954400321|
8954400322|
8954400323|
8954400324|
8954400325|
8954400326|
8954400327|
8954400352|
8954400353|
8954400354|
8954400355|
8954400356|
8954400357|
8954400358|
8954400359|
8954400384|
8954400385|
8954400386|
8954400387|
8954400388|
8954400389|
8954400390|
8954400391|
8954400416|
8954400417|
8954400418|
8954400419|
8954400420|
8954400421|
8954400422|
8954400423|
8954400448|
8954400449|
8954400450|
8954400451|
8954400452|
8954400453|
8954400454|
8954400455|
8954400480|
8954400481|
8954400482|
8954400483|
8954400484|
