30600196|
30600197|
30600198|
30600199|
30600224|
30600225|
30600226|
30600227|
30600228|
30600229|
30600230|
30600231|
30600256|
30600257|
30600258|
30600259|
30600260|
30600261|
30600262|
30600263|
30600288|
30600289|
30600290|
30600291|
30600292|
30600293|
30600294|
30600295|
30600320|
30600321|
30600322|
30600323|
30600324|
30600325|
30600326|
30600327|
30600352|
30600353|
30600354|
30600355|
30600356|
30600357|
30600358|
30600359|
30600384|
30600385|
30600386|
30600387|
30600388|
30600389|
30600390|
30600391|
30600416|
30600417|
30600418|
30600419|
30600420|
30600421|
30600422|
30600423|
30600448|
30600449|
30600450|
30600451|
30600452|
30600453|
30600454|
30600455|
30600480|
30600481|
30600482|
30600483|
30600484|
30600485|
30600486|
30600487|
30600512|
30600513|
30600514|
30600515|
30600516|
30600517|
30600518|
30600519|
30600544|
30600545|
30600546|
30600547|
30600548|
30600549|
30600550|
30600551|
30600576|
30600577|
30600578|
30600579|
30600580|
30600581|
30600582|
30600583|
