10200066|
10200067|
10200068|
10200069|
10200070|
10200071|
10200096|
10200097|
10200098|
10200099|
10200100|
10200101|
10200102|
10200103|
10200128|
10200129|
10200130|
10200131|
10200132|
10200133|
10200134|
10200135|
10200160|
10200161|
10200162|
10200163|
10200164|
10200165|
10200166|
10200167|
10200192|
10200193|
10200194|
10200195|
10200196|
10200197|
10200198|
10200199|
10200224|
10200225|
10200226|
10200227|
10200228|
10200229|
10200230|
10200231|
10200256|
10200257|
10200258|
10200259|
10200260|
10200261|
10200262|
10200263|
10200288|
10200289|
10200290|
10200291|
10200292|
10200293|
10200294|
10200295|
10200320|
10200321|
10200322|
10200323|
10200324|
10200325|
10200326|
10200327|
10200352|
10200353|
10200354|
10200355|
10200356|
10200357|
10200358|
10200359|
10200384|
10200385|
10200386|
10200387|
10200388|
10200389|
10200390|
10200391|
10200416|
10200417|
10200418|
10200419|
10200420|
10200421|
10200422|
10200423|
10200448|
10200449|
10200450|
10200451|
10200452|
10200453|
