21000132|
21000133|
21000134|
21000135|
21000160|
21000161|
21000162|
21000163|
21000164|
21000165|
21000166|
21000167|
21000192|
21000193|
21000194|
21000195|
21000196|
21000197|
21000198|
21000199|
21000224|
21000225|
21000226|
21000227|
21000228|
21000229|
21000230|
21000231|
21000256|
21000257|
21000258|
21000259|
21000260|
21000261|
21000262|
21000263|
21000288|
21000289|
21000290|
21000291|
21000292|
21000293|
21000294|
21000295|
21000320|
21000321|
21000322|
21000323|
21000324|
21000325|
21000326|
21000327|
21000352|
21000353|
21000354|
21000355|
21000356|
21000357|
21000358|
21000359|
21000384|
21000385|
21000386|
21000387|
21000388|
21000389|
21000390|
21000391|
21000416|
21000417|
21000418|
21000419|
21000420|
21000421|
21000422|
21000423|
21000448|
21000449|
21000450|
21000451|
21000452|
21000453|
21000454|
21000455|
21000480|
21000481|
21000482|
21000483|
21000484|
21000485|
21000486|
21000487|
21000512|
21000513|
21000514|
21000515|
21000516|
21000517|
21000518|
21000519|
