54000355|
54000356|
54000357|
54000358|
54000359|
54000384|
54000385|
54000386|
54000387|
54000388|
54000389|
54000390|
54000391|
54000416|
54000417|
54000418|
54000419|
54000420|
54000421|
54000422|
54000423|
54000448|
54000449|
54000450|
54000451|
54000452|
54000453|
54000454|
54000455|
54000480|
54000481|
54000482|
54000483|
54000484|
54000485|
54000486|
54000487|
54000512|
54000513|
54000514|
54000515|
54000516|
54000517|
54000518|
54000519|
54000544|
54000545|
54000546|
54000547|
54000548|
54000549|
54000550|
54000551|
54000576|
54000577|
54000578|
54000579|
54000580|
54000581|
54000582|
54000583|
54000608|
54000609|
54000610|
54000611|
54000612|
54000613|
54000614|
54000615|
54000640|
54000641|
54000642|
54000643|
54000644|
54000645|
54000646|
54000647|
54000672|
54000673|
54000674|
54000675|
54000676|
54000677|
54000678|
54000679|
54000704|
54000705|
54000706|
54000707|
54000708|
54000709|
54000710|
54000711|
54000736|
54000737|
54000738|
54000739|
54000740|
54000741|
54000742|
