39000258|
39000259|
39000260|
39000261|
39000262|
39000263|
39000288|
39000289|
39000290|
39000291|
39000292|
39000293|
39000294|
39000295|
39000320|
39000321|
39000322|
39000323|
39000324|
39000325|
39000326|
39000327|
39000352|
39000353|
39000354|
39000355|
39000356|
39000357|
39000358|
39000359|
39000384|
39000385|
39000386|
39000387|
39000388|
39000389|
39000390|
39000391|
39000416|
39000417|
39000418|
39000419|
39000420|
39000421|
39000422|
39000423|
39000448|
39000449|
39000450|
39000451|
39000452|
39000453|
39000454|
39000455|
39000480|
39000481|
39000482|
39000483|
39000484|
39000485|
39000486|
39000487|
39000512|
39000513|
39000514|
39000515|
39000516|
39000517|
39000518|
39000519|
39000544|
39000545|
39000546|
39000547|
39000548|
39000549|
39000550|
39000551|
39000576|
39000577|
39000578|
39000579|
39000580|
39000581|
39000582|
39000583|
39000608|
39000609|
39000610|
39000611|
39000612|
39000613|
39000614|
39000615|
39000640|
39000641|
39000642|
39000643|
39000644|
39000645|
