18600128|
18600129|
18600130|
18600131|
18600132|
18600133|
18600134|
18600135|
18600160|
18600161|
18600162|
18600163|
18600164|
18600165|
18600166|
18600167|
18600192|
18600193|
18600194|
18600195|
18600196|
18600197|
18600198|
18600199|
18600224|
18600225|
18600226|
18600227|
18600228|
18600229|
18600230|
18600231|
18600256|
18600257|
18600258|
18600259|
18600260|
18600261|
18600262|
18600263|
18600288|
18600289|
18600290|
18600291|
18600292|
18600293|
18600294|
18600295|
18600320|
18600321|
18600322|
18600323|
18600324|
18600325|
18600326|
18600327|
18600352|
18600353|
18600354|
18600355|
18600356|
18600357|
18600358|
18600359|
18600384|
18600385|
18600386|
18600387|
18600388|
18600389|
18600390|
18600391|
18600416|
18600417|
18600418|
18600419|
18600420|
18600421|
18600422|
18600423|
18600448|
18600449|
18600450|
18600451|
18600452|
18600453|
18600454|
18600455|
18600480|
18600481|
18600482|
18600483|
18600484|
18600485|
18600486|
18600487|
18600512|
18600513|
18600514|
18600515|
