4446000035|
4446000036|
4446000037|
4446000038|
4446000039|
4446000064|
4446000065|
4446000066|
4446000067|
4446000068|
4446000069|
4446000070|
4446000071|
4446000096|
4446000097|
4446000098|
4446000099|
4446000100|
4446000101|
4446000102|
4446000103|
4446000128|
4446000129|
4446000130|
4446000131|
4446000132|
4446000133|
4446000134|
4446000135|
4446000160|
4446000161|
4446000162|
4446000163|
4446000164|
4446000165|
4446000166|
4446000167|
4446000192|
4446000193|
4446000194|
4446000195|
4446000196|
4446000197|
4446000198|
4446000199|
4446000224|
4446000225|
4446000226|
4446000227|
4446000228|
4446000229|
4446000230|
4446000231|
4446000256|
4446000257|
4446000258|
4446000259|
4446000260|
4446000261|
4446000262|
4446000263|
4446000288|
4446000289|
4446000290|
4446000291|
4446000292|
4446000293|
4446000294|
4446000295|
4446000320|
4446000321|
4446000322|
4446000323|
4446000324|
4446000325|
4446000326|
4446000327|
4446000352|
4446000353|
4446000354|
4446000355|
4446000356|
4446000357|
4446000358|
4446000359|
4446000384|
4446000385|
4446000386|
4446000387|
4446000388|
4446000389|
4446000390|
4446000391|
4446000416|
4446000417|
4446000418|
4446000419|
4446000420|
4446000421|
4446000422|
