8992800353|
8992800354|
8992800355|
8992800356|
8992800357|
8992800358|
8992800359|
8992800384|
8992800385|
8992800386|
8992800387|
8992800388|
8992800389|
8992800390|
8992800391|
8992800416|
8992800417|
8992800418|
8992800419|
8992800420|
8992800421|
8992800422|
8992800423|
8992800448|
8992800449|
8992800450|
8992800451|
8992800452|
8992800453|
8992800454|
8992800455|
8992800480|
8992800481|
8992800482|
8992800483|
8992800484|
8992800485|
8992800486|
8992800487|
8992800512|
8992800513|
8992800514|
8992800515|
8992800516|
8992800517|
8992800518|
8992800519|
8992800544|
8992800545|
8992800546|
8992800547|
8992800548|
8992800549|
8992800550|
8992800551|
8992800576|
8992800577|
8992800578|
8992800579|
8992800580|
8992800581|
8992800582|
8992800583|
8992800608|
8992800609|
8992800610|
8992800611|
8992800612|
8992800613|
8992800614|
8992800615|
8992800640|
8992800641|
8992800642|
8992800643|
8992800644|
8992800645|
8992800646|
8992800647|
8992800672|
8992800673|
8992800674|
8992800675|
8992800676|
8992800677|
8992800678|
8992800679|
8992800704|
8992800705|
8992800706|
8992800707|
8992800708|
8992800709|
8992800710|
8992800711|
8992800736|
8992800737|
8992800738|
8992800739|
8992800740|
