8994000355|
8994000356|
8994000357|
8994000358|
8994000359|
8994000384|
8994000385|
8994000386|
8994000387|
8994000388|
8994000389|
8994000390|
8994000391|
8994000416|
8994000417|
8994000418|
8994000419|
8994000420|
8994000421|
8994000422|
8994000423|
8994000448|
8994000449|
8994000450|
8994000451|
8994000452|
8994000453|
8994000454|
8994000455|
8994000480|
8994000481|
8994000482|
8994000483|
8994000484|
8994000485|
8994000486|
8994000487|
8994000512|
8994000513|
8994000514|
8994000515|
8994000516|
8994000517|
8994000518|
8994000519|
8994000544|
8994000545|
8994000546|
8994000547|
8994000548|
8994000549|
8994000550|
8994000551|
8994000576|
8994000577|
8994000578|
8994000579|
8994000580|
8994000581|
8994000582|
8994000583|
8994000608|
8994000609|
8994000610|
8994000611|
8994000612|
8994000613|
8994000614|
8994000615|
8994000640|
8994000641|
8994000642|
8994000643|
8994000644|
8994000645|
8994000646|
8994000647|
8994000672|
8994000673|
8994000674|
8994000675|
8994000676|
8994000677|
8994000678|
8994000679|
8994000704|
8994000705|
8994000706|
8994000707|
8994000708|
8994000709|
8994000710|
8994000711|
8994000736|
8994000737|
8994000738|
8994000739|
8994000740|
8994000741|
8994000742|
