8994600356|
8994600357|
8994600358|
8994600359|
8994600384|
8994600385|
8994600386|
8994600387|
8994600388|
8994600389|
8994600390|
8994600391|
8994600416|
8994600417|
8994600418|
8994600419|
8994600420|
8994600421|
8994600422|
8994600423|
8994600448|
8994600449|
8994600450|
8994600451|
8994600452|
8994600453|
8994600454|
8994600455|
8994600480|
8994600481|
8994600482|
8994600483|
8994600484|
8994600485|
8994600486|
8994600487|
8994600512|
8994600513|
8994600514|
8994600515|
8994600516|
8994600517|
8994600518|
8994600519|
8994600544|
8994600545|
8994600546|
8994600547|
8994600548|
8994600549|
8994600550|
8994600551|
8994600576|
8994600577|
8994600578|
8994600579|
8994600580|
8994600581|
8994600582|
8994600583|
8994600608|
8994600609|
8994600610|
8994600611|
8994600612|
8994600613|
8994600614|
8994600615|
8994600640|
8994600641|
8994600642|
8994600643|
8994600644|
8994600645|
8994600646|
8994600647|
8994600672|
8994600673|
8994600674|
8994600675|
8994600676|
8994600677|
8994600678|
8994600679|
8994600704|
8994600705|
8994600706|
8994600707|
8994600708|
8994600709|
8994600710|
8994600711|
8994600736|
8994600737|
8994600738|
8994600739|
8994600740|
8994600741|
8994600742|
8994600743|
