4449600065|
4449600066|
4449600067|
4449600068|
4449600069|
4449600070|
4449600071|
4449600096|
4449600097|
4449600098|
4449600099|
4449600100|
4449600101|
4449600102|
4449600103|
4449600128|
4449600129|
4449600130|
4449600131|
4449600132|
4449600133|
4449600134|
4449600135|
4449600160|
4449600161|
4449600162|
4449600163|
4449600164|
4449600165|
4449600166|
4449600167|
4449600192|
4449600193|
4449600194|
4449600195|
4449600196|
4449600197|
4449600198|
4449600199|
4449600224|
4449600225|
4449600226|
4449600227|
4449600228|
4449600229|
4449600230|
4449600231|
4449600256|
4449600257|
4449600258|
4449600259|
4449600260|
4449600261|
4449600262|
4449600263|
4449600288|
4449600289|
4449600290|
4449600291|
4449600292|
4449600293|
4449600294|
4449600295|
4449600320|
4449600321|
4449600322|
4449600323|
4449600324|
4449600325|
4449600326|
4449600327|
4449600352|
4449600353|
4449600354|
4449600355|
4449600356|
4449600357|
4449600358|
4449600359|
4449600384|
4449600385|
4449600386|
4449600387|
4449600388|
4449600389|
4449600390|
4449600391|
4449600416|
4449600417|
4449600418|
4449600419|
4449600420|
4449600421|
4449600422|
4449600423|
4449600448|
4449600449|
4449600450|
4449600451|
4449600452|
