46200294|
46200295|
46200320|
46200321|
46200322|
46200323|
46200324|
46200325|
46200326|
46200327|
46200352|
46200353|
46200354|
46200355|
46200356|
46200357|
46200358|
46200359|
46200384|
46200385|
46200386|
46200387|
46200388|
46200389|
46200390|
46200391|
46200416|
46200417|
46200418|
46200419|
46200420|
46200421|
46200422|
46200423|
46200448|
46200449|
46200450|
46200451|
46200452|
46200453|
46200454|
46200455|
46200480|
46200481|
46200482|
46200483|
46200484|
46200485|
46200486|
46200487|
46200512|
46200513|
46200514|
46200515|
46200516|
46200517|
46200518|
46200519|
46200544|
46200545|
46200546|
46200547|
46200548|
46200549|
46200550|
46200551|
46200576|
46200577|
46200578|
46200579|
46200580|
46200581|
46200582|
46200583|
46200608|
46200609|
46200610|
46200611|
46200612|
46200613|
46200614|
46200615|
46200640|
46200641|
46200642|
46200643|
46200644|
46200645|
46200646|
46200647|
46200672|
46200673|
46200674|
46200675|
46200676|
46200677|
46200678|
46200679|
46200704|
46200705|
