9600065|
9600066|
9600067|
9600068|
9600069|
9600070|
9600071|
9600096|
9600097|
9600098|
9600099|
9600100|
9600101|
9600102|
9600103|
9600128|
9600129|
9600130|
9600131|
9600132|
9600133|
9600134|
9600135|
9600160|
9600161|
9600162|
9600163|
9600164|
9600165|
9600166|
9600167|
9600192|
9600193|
9600194|
9600195|
9600196|
9600197|
9600198|
9600199|
9600224|
9600225|
9600226|
9600227|
9600228|
9600229|
9600230|
9600231|
9600256|
9600257|
9600258|
9600259|
9600260|
9600261|
9600262|
9600263|
9600288|
9600289|
9600290|
9600291|
9600292|
9600293|
9600294|
9600295|
9600320|
9600321|
9600322|
9600323|
9600324|
9600325|
9600326|
9600327|
9600352|
9600353|
9600354|
9600355|
9600356|
9600357|
9600358|
9600359|
9600384|
9600385|
9600386|
9600387|
9600388|
9600389|
9600390|
9600391|
9600416|
9600417|
9600418|
9600419|
9600420|
9600421|
9600422|
9600423|
9600448|
9600449|
9600450|
9600451|
9600452|
