8973000224|
8973000225|
8973000226|
8973000227|
8973000228|
8973000229|
8973000230|
8973000231|
8973000256|
8973000257|
8973000258|
8973000259|
8973000260|
8973000261|
8973000262|
8973000263|
8973000288|
8973000289|
8973000290|
8973000291|
8973000292|
8973000293|
8973000294|
8973000295|
8973000320|
8973000321|
8973000322|
8973000323|
8973000324|
8973000325|
8973000326|
8973000327|
8973000352|
8973000353|
8973000354|
8973000355|
8973000356|
8973000357|
8973000358|
8973000359|
8973000384|
8973000385|
8973000386|
8973000387|
8973000388|
8973000389|
8973000390|
8973000391|
8973000416|
8973000417|
8973000418|
8973000419|
8973000420|
8973000421|
8973000422|
8973000423|
8973000448|
8973000449|
8973000450|
8973000451|
8973000452|
8973000453|
8973000454|
8973000455|
8973000480|
8973000481|
8973000482|
8973000483|
8973000484|
8973000485|
8973000486|
8973000487|
8973000512|
8973000513|
8973000514|
8973000515|
8973000516|
8973000517|
8973000518|
8973000519|
8973000544|
8973000545|
8973000546|
8973000547|
8973000548|
8973000549|
8973000550|
8973000551|
8973000576|
8973000577|
8973000578|
8973000579|
8973000580|
8973000581|
8973000582|
8973000583|
8973000608|
8973000609|
8973000610|
8973000611|
