4450800067|
4450800068|
4450800069|
4450800070|
4450800071|
4450800096|
4450800097|
4450800098|
4450800099|
4450800100|
4450800101|
4450800102|
4450800103|
4450800128|
4450800129|
4450800130|
4450800131|
4450800132|
4450800133|
4450800134|
4450800135|
4450800160|
4450800161|
4450800162|
4450800163|
4450800164|
4450800165|
4450800166|
4450800167|
4450800192|
4450800193|
4450800194|
4450800195|
4450800196|
4450800197|
4450800198|
4450800199|
4450800224|
4450800225|
4450800226|
4450800227|
4450800228|
4450800229|
4450800230|
4450800231|
4450800256|
4450800257|
4450800258|
4450800259|
4450800260|
4450800261|
4450800262|
4450800263|
4450800288|
4450800289|
4450800290|
4450800291|
4450800292|
4450800293|
4450800294|
4450800295|
4450800320|
4450800321|
4450800322|
4450800323|
4450800324|
4450800325|
4450800326|
4450800327|
4450800352|
4450800353|
4450800354|
4450800355|
4450800356|
4450800357|
4450800358|
4450800359|
4450800384|
4450800385|
4450800386|
4450800387|
4450800388|
4450800389|
4450800390|
4450800391|
4450800416|
4450800417|
4450800418|
4450800419|
4450800420|
4450800421|
4450800422|
4450800423|
4450800448|
4450800449|
4450800450|
4450800451|
4450800452|
4450800453|
4450800454|
