8995800358|
8995800359|
8995800384|
8995800385|
8995800386|
8995800387|
8995800388|
8995800389|
8995800390|
8995800391|
8995800416|
8995800417|
8995800418|
8995800419|
8995800420|
8995800421|
8995800422|
8995800423|
8995800448|
8995800449|
8995800450|
8995800451|
8995800452|
8995800453|
8995800454|
8995800455|
8995800480|
8995800481|
8995800482|
8995800483|
8995800484|
8995800485|
8995800486|
8995800487|
8995800512|
8995800513|
8995800514|
8995800515|
8995800516|
8995800517|
8995800518|
8995800519|
8995800544|
8995800545|
8995800546|
8995800547|
8995800548|
8995800549|
8995800550|
8995800551|
8995800576|
8995800577|
8995800578|
8995800579|
8995800580|
8995800581|
8995800582|
8995800583|
8995800608|
8995800609|
8995800610|
8995800611|
8995800612|
8995800613|
8995800614|
8995800615|
8995800640|
8995800641|
8995800642|
8995800643|
8995800644|
8995800645|
8995800646|
8995800647|
8995800672|
8995800673|
8995800674|
8995800675|
8995800676|
8995800677|
8995800678|
8995800679|
8995800704|
8995800705|
8995800706|
8995800707|
8995800708|
8995800709|
8995800710|
8995800711|
8995800736|
8995800737|
8995800738|
8995800739|
8995800740|
8995800741|
8995800742|
8995800743|
8995800768|
8995800769|
