4460400131|
4460400132|
4460400133|
4460400134|
4460400135|
4460400160|
4460400161|
4460400162|
4460400163|
4460400164|
4460400165|
4460400166|
4460400167|
4460400192|
4460400193|
4460400194|
4460400195|
4460400196|
4460400197|
4460400198|
4460400199|
4460400224|
4460400225|
4460400226|
4460400227|
4460400228|
4460400229|
4460400230|
4460400231|
4460400256|
4460400257|
4460400258|
4460400259|
4460400260|
4460400261|
4460400262|
4460400263|
4460400288|
4460400289|
4460400290|
4460400291|
4460400292|
4460400293|
4460400294|
4460400295|
4460400320|
4460400321|
4460400322|
4460400323|
4460400324|
4460400325|
4460400326|
4460400327|
4460400352|
4460400353|
4460400354|
4460400355|
4460400356|
4460400357|
4460400358|
4460400359|
4460400384|
4460400385|
4460400386|
4460400387|
4460400388|
4460400389|
4460400390|
4460400391|
4460400416|
4460400417|
4460400418|
4460400419|
4460400420|
4460400421|
4460400422|
4460400423|
4460400448|
4460400449|
4460400450|
4460400451|
4460400452|
4460400453|
4460400454|
4460400455|
4460400480|
4460400481|
4460400482|
4460400483|
4460400484|
4460400485|
4460400486|
4460400487|
4460400512|
4460400513|
4460400514|
4460400515|
4460400516|
4460400517|
4460400518|
