8949600065|
8949600066|
8949600067|
8949600068|
8949600069|
8949600070|
8949600071|
8949600096|
8949600097|
8949600098|
8949600099|
8949600100|
8949600101|
8949600102|
8949600103|
8949600128|
8949600129|
8949600130|
8949600131|
8949600132|
8949600133|
8949600134|
8949600135|
8949600160|
8949600161|
8949600162|
8949600163|
8949600164|
8949600165|
8949600166|
8949600167|
8949600192|
8949600193|
8949600194|
8949600195|
8949600196|
8949600197|
8949600198|
8949600199|
8949600224|
8949600225|
8949600226|
8949600227|
8949600228|
8949600229|
8949600230|
8949600231|
8949600256|
8949600257|
8949600258|
8949600259|
8949600260|
8949600261|
8949600262|
8949600263|
8949600288|
8949600289|
8949600290|
8949600291|
8949600292|
8949600293|
8949600294|
8949600295|
8949600320|
8949600321|
8949600322|
8949600323|
8949600324|
8949600325|
8949600326|
8949600327|
8949600352|
8949600353|
8949600354|
8949600355|
8949600356|
8949600357|
8949600358|
8949600359|
8949600384|
8949600385|
8949600386|
8949600387|
8949600388|
8949600389|
8949600390|
8949600391|
8949600416|
8949600417|
8949600418|
8949600419|
8949600420|
8949600421|
8949600422|
8949600423|
8949600448|
8949600449|
8949600450|
8949600451|
8949600452|
