8982600288|
8982600289|
8982600290|
8982600291|
8982600292|
8982600293|
8982600294|
8982600295|
8982600320|
8982600321|
8982600322|
8982600323|
8982600324|
8982600325|
8982600326|
8982600327|
8982600352|
8982600353|
8982600354|
8982600355|
8982600356|
8982600357|
8982600358|
8982600359|
8982600384|
8982600385|
8982600386|
8982600387|
8982600388|
8982600389|
8982600390|
8982600391|
8982600416|
8982600417|
8982600418|
8982600419|
8982600420|
8982600421|
8982600422|
8982600423|
8982600448|
8982600449|
8982600450|
8982600451|
8982600452|
8982600453|
8982600454|
8982600455|
8982600480|
8982600481|
8982600482|
8982600483|
8982600484|
8982600485|
8982600486|
8982600487|
8982600512|
8982600513|
8982600514|
8982600515|
8982600516|
8982600517|
8982600518|
8982600519|
8982600544|
8982600545|
8982600546|
8982600547|
8982600548|
8982600549|
8982600550|
8982600551|
8982600576|
8982600577|
8982600578|
8982600579|
8982600580|
8982600581|
8982600582|
8982600583|
8982600608|
8982600609|
8982600610|
8982600611|
8982600612|
8982600613|
8982600614|
8982600615|
8982600640|
8982600641|
8982600642|
8982600643|
8982600644|
8982600645|
8982600646|
8982600647|
8982600672|
8982600673|
8982600674|
8982600675|
