49800324|
49800325|
49800326|
49800327|
49800352|
49800353|
49800354|
49800355|
49800356|
49800357|
49800358|
49800359|
49800384|
49800385|
49800386|
49800387|
49800388|
49800389|
49800390|
49800391|
49800416|
49800417|
49800418|
49800419|
49800420|
49800421|
49800422|
49800423|
49800448|
49800449|
49800450|
49800451|
49800452|
49800453|
49800454|
49800455|
49800480|
49800481|
49800482|
49800483|
49800484|
49800485|
49800486|
49800487|
49800512|
49800513|
49800514|
49800515|
49800516|
49800517|
49800518|
49800519|
49800544|
49800545|
49800546|
49800547|
49800548|
49800549|
49800550|
49800551|
49800576|
49800577|
49800578|
49800579|
49800580|
49800581|
49800582|
49800583|
49800608|
49800609|
49800610|
49800611|
49800612|
49800613|
49800614|
49800615|
49800640|
49800641|
49800642|
49800643|
49800644|
49800645|
49800646|
49800647|
49800672|
49800673|
49800674|
49800675|
49800676|
49800677|
49800678|
49800679|
49800704|
49800705|
49800706|
49800707|
49800708|
49800709|
49800710|
49800711|
