4477800256|
4477800257|
4477800258|
4477800259|
4477800260|
4477800261|
4477800262|
4477800263|
4477800288|
4477800289|
4477800290|
4477800291|
4477800292|
4477800293|
4477800294|
4477800295|
4477800320|
4477800321|
4477800322|
4477800323|
4477800324|
4477800325|
4477800326|
4477800327|
4477800352|
4477800353|
4477800354|
4477800355|
4477800356|
4477800357|
4477800358|
4477800359|
4477800384|
4477800385|
4477800386|
4477800387|
4477800388|
4477800389|
4477800390|
4477800391|
4477800416|
4477800417|
4477800418|
4477800419|
4477800420|
4477800421|
4477800422|
4477800423|
4477800448|
4477800449|
4477800450|
4477800451|
4477800452|
4477800453|
4477800454|
4477800455|
4477800480|
4477800481|
4477800482|
4477800483|
4477800484|
4477800485|
4477800486|
4477800487|
4477800512|
4477800513|
4477800514|
4477800515|
4477800516|
4477800517|
4477800518|
4477800519|
4477800544|
4477800545|
4477800546|
4477800547|
4477800548|
4477800549|
4477800550|
4477800551|
4477800576|
4477800577|
4477800578|
4477800579|
4477800580|
4477800581|
4477800582|
4477800583|
4477800608|
4477800609|
4477800610|
4477800611|
4477800612|
4477800613|
4477800614|
4477800615|
4477800640|
4477800641|
4477800642|
4477800643|
