8957400102|
8957400103|
8957400128|
8957400129|
8957400130|
8957400131|
8957400132|
8957400133|
8957400134|
8957400135|
8957400160|
8957400161|
8957400162|
8957400163|
8957400164|
8957400165|
8957400166|
8957400167|
8957400192|
8957400193|
8957400194|
8957400195|
8957400196|
8957400197|
8957400198|
8957400199|
8957400224|
8957400225|
8957400226|
8957400227|
8957400228|
8957400229|
8957400230|
8957400231|
8957400256|
8957400257|
8957400258|
8957400259|
8957400260|
8957400261|
8957400262|
8957400263|
8957400288|
8957400289|
8957400290|
8957400291|
8957400292|
8957400293|
8957400294|
8957400295|
8957400320|
8957400321|
8957400322|
8957400323|
8957400324|
8957400325|
8957400326|
8957400327|
8957400352|
8957400353|
8957400354|
8957400355|
8957400356|
8957400357|
8957400358|
8957400359|
8957400384|
8957400385|
8957400386|
8957400387|
8957400388|
8957400389|
8957400390|
8957400391|
8957400416|
8957400417|
8957400418|
8957400419|
8957400420|
8957400421|
8957400422|
8957400423|
8957400448|
8957400449|
8957400450|
8957400451|
8957400452|
8957400453|
8957400454|
8957400455|
8957400480|
8957400481|
8957400482|
8957400483|
8957400484|
8957400485|
8957400486|
8957400487|
8957400512|
8957400513|
