8958600128|
8958600129|
8958600130|
8958600131|
8958600132|
8958600133|
8958600134|
8958600135|
8958600160|
8958600161|
8958600162|
8958600163|
8958600164|
8958600165|
8958600166|
8958600167|
8958600192|
8958600193|
8958600194|
8958600195|
8958600196|
8958600197|
8958600198|
8958600199|
8958600224|
8958600225|
8958600226|
8958600227|
8958600228|
8958600229|
8958600230|
8958600231|
8958600256|
8958600257|
8958600258|
8958600259|
8958600260|
8958600261|
8958600262|
8958600263|
8958600288|
8958600289|
8958600290|
8958600291|
8958600292|
8958600293|
8958600294|
8958600295|
8958600320|
8958600321|
8958600322|
8958600323|
8958600324|
8958600325|
8958600326|
8958600327|
8958600352|
8958600353|
8958600354|
8958600355|
8958600356|
8958600357|
8958600358|
8958600359|
8958600384|
8958600385|
8958600386|
8958600387|
8958600388|
8958600389|
8958600390|
8958600391|
8958600416|
8958600417|
8958600418|
8958600419|
8958600420|
8958600421|
8958600422|
8958600423|
8958600448|
8958600449|
8958600450|
8958600451|
8958600452|
8958600453|
8958600454|
8958600455|
8958600480|
8958600481|
8958600482|
8958600483|
8958600484|
8958600485|
8958600486|
8958600487|
8958600512|
8958600513|
8958600514|
8958600515|
