22200134|
22200135|
22200160|
22200161|
22200162|
22200163|
22200164|
22200165|
22200166|
22200167|
22200192|
22200193|
22200194|
22200195|
22200196|
22200197|
22200198|
22200199|
22200224|
22200225|
22200226|
22200227|
22200228|
22200229|
22200230|
22200231|
22200256|
22200257|
22200258|
22200259|
22200260|
22200261|
22200262|
22200263|
22200288|
22200289|
22200290|
22200291|
22200292|
22200293|
22200294|
22200295|
22200320|
22200321|
22200322|
22200323|
22200324|
22200325|
22200326|
22200327|
22200352|
22200353|
22200354|
22200355|
22200356|
22200357|
22200358|
22200359|
22200384|
22200385|
22200386|
22200387|
22200388|
22200389|
22200390|
22200391|
22200416|
22200417|
22200418|
22200419|
22200420|
22200421|
22200422|
22200423|
22200448|
22200449|
22200450|
22200451|
22200452|
22200453|
22200454|
22200455|
22200480|
22200481|
22200482|
22200483|
22200484|
22200485|
22200486|
22200487|
22200512|
22200513|
22200514|
22200515|
22200516|
22200517|
22200518|
22200519|
22200544|
22200545|
