4456800101|
4456800102|
4456800103|
4456800128|
4456800129|
4456800130|
4456800131|
4456800132|
4456800133|
4456800134|
4456800135|
4456800160|
4456800161|
4456800162|
4456800163|
4456800164|
4456800165|
4456800166|
4456800167|
4456800192|
4456800193|
4456800194|
4456800195|
4456800196|
4456800197|
4456800198|
4456800199|
4456800224|
4456800225|
4456800226|
4456800227|
4456800228|
4456800229|
4456800230|
4456800231|
4456800256|
4456800257|
4456800258|
4456800259|
4456800260|
4456800261|
4456800262|
4456800263|
4456800288|
4456800289|
4456800290|
4456800291|
4456800292|
4456800293|
4456800294|
4456800295|
4456800320|
4456800321|
4456800322|
4456800323|
4456800324|
4456800325|
4456800326|
4456800327|
4456800352|
4456800353|
4456800354|
4456800355|
4456800356|
4456800357|
4456800358|
4456800359|
4456800384|
4456800385|
4456800386|
4456800387|
4456800388|
4456800389|
4456800390|
4456800391|
4456800416|
4456800417|
4456800418|
4456800419|
4456800420|
4456800421|
4456800422|
4456800423|
4456800448|
4456800449|
4456800450|
4456800451|
4456800452|
4456800453|
4456800454|
4456800455|
4456800480|
4456800481|
4456800482|
4456800483|
4456800484|
4456800485|
4456800486|
4456800487|
4456800512|
