4450200066|
4450200067|
4450200068|
4450200069|
4450200070|
4450200071|
4450200096|
4450200097|
4450200098|
4450200099|
4450200100|
4450200101|
4450200102|
4450200103|
4450200128|
4450200129|
4450200130|
4450200131|
4450200132|
4450200133|
4450200134|
4450200135|
4450200160|
4450200161|
4450200162|
4450200163|
4450200164|
4450200165|
4450200166|
4450200167|
4450200192|
4450200193|
4450200194|
4450200195|
4450200196|
4450200197|
4450200198|
4450200199|
4450200224|
4450200225|
4450200226|
4450200227|
4450200228|
4450200229|
4450200230|
4450200231|
4450200256|
4450200257|
4450200258|
4450200259|
4450200260|
4450200261|
4450200262|
4450200263|
4450200288|
4450200289|
4450200290|
4450200291|
4450200292|
4450200293|
4450200294|
4450200295|
4450200320|
4450200321|
4450200322|
4450200323|
4450200324|
4450200325|
4450200326|
4450200327|
4450200352|
4450200353|
4450200354|
4450200355|
4450200356|
4450200357|
4450200358|
4450200359|
4450200384|
4450200385|
4450200386|
4450200387|
4450200388|
4450200389|
4450200390|
4450200391|
4450200416|
4450200417|
4450200418|
4450200419|
4450200420|
4450200421|
4450200422|
4450200423|
4450200448|
4450200449|
4450200450|
4450200451|
4450200452|
4450200453|
