8989200323|
8989200324|
8989200325|
8989200326|
8989200327|
8989200352|
8989200353|
8989200354|
8989200355|
8989200356|
8989200357|
8989200358|
8989200359|
8989200384|
8989200385|
8989200386|
8989200387|
8989200388|
8989200389|
8989200390|
8989200391|
8989200416|
8989200417|
8989200418|
8989200419|
8989200420|
8989200421|
8989200422|
8989200423|
8989200448|
8989200449|
8989200450|
8989200451|
8989200452|
8989200453|
8989200454|
8989200455|
8989200480|
8989200481|
8989200482|
8989200483|
8989200484|
8989200485|
8989200486|
8989200487|
8989200512|
8989200513|
8989200514|
8989200515|
8989200516|
8989200517|
8989200518|
8989200519|
8989200544|
8989200545|
8989200546|
8989200547|
8989200548|
8989200549|
8989200550|
8989200551|
8989200576|
8989200577|
8989200578|
8989200579|
8989200580|
8989200581|
8989200582|
8989200583|
8989200608|
8989200609|
8989200610|
8989200611|
8989200612|
8989200613|
8989200614|
8989200615|
8989200640|
8989200641|
8989200642|
8989200643|
8989200644|
8989200645|
8989200646|
8989200647|
8989200672|
8989200673|
8989200674|
8989200675|
8989200676|
8989200677|
8989200678|
8989200679|
8989200704|
8989200705|
8989200706|
8989200707|
8989200708|
8989200709|
8989200710|
