8983200289|
8983200290|
8983200291|
8983200292|
8983200293|
8983200294|
8983200295|
8983200320|
8983200321|
8983200322|
8983200323|
8983200324|
8983200325|
8983200326|
8983200327|
8983200352|
8983200353|
8983200354|
8983200355|
8983200356|
8983200357|
8983200358|
8983200359|
8983200384|
8983200385|
8983200386|
8983200387|
8983200388|
8983200389|
8983200390|
8983200391|
8983200416|
8983200417|
8983200418|
8983200419|
8983200420|
8983200421|
8983200422|
8983200423|
8983200448|
8983200449|
8983200450|
8983200451|
8983200452|
8983200453|
8983200454|
8983200455|
8983200480|
8983200481|
8983200482|
8983200483|
8983200484|
8983200485|
8983200486|
8983200487|
8983200512|
8983200513|
8983200514|
8983200515|
8983200516|
8983200517|
8983200518|
8983200519|
8983200544|
8983200545|
8983200546|
8983200547|
8983200548|
8983200549|
8983200550|
8983200551|
8983200576|
8983200577|
8983200578|
8983200579|
8983200580|
8983200581|
8983200582|
8983200583|
8983200608|
8983200609|
8983200610|
8983200611|
8983200612|
8983200613|
8983200614|
8983200615|
8983200640|
8983200641|
8983200642|
8983200643|
8983200644|
8983200645|
8983200646|
8983200647|
8983200672|
8983200673|
8983200674|
8983200675|
8983200676|
