8971200197|
8971200198|
8971200199|
8971200224|
8971200225|
8971200226|
8971200227|
8971200228|
8971200229|
8971200230|
8971200231|
8971200256|
8971200257|
8971200258|
8971200259|
8971200260|
8971200261|
8971200262|
8971200263|
8971200288|
8971200289|
8971200290|
8971200291|
8971200292|
8971200293|
8971200294|
8971200295|
8971200320|
8971200321|
8971200322|
8971200323|
8971200324|
8971200325|
8971200326|
8971200327|
8971200352|
8971200353|
8971200354|
8971200355|
8971200356|
8971200357|
8971200358|
8971200359|
8971200384|
8971200385|
8971200386|
8971200387|
8971200388|
8971200389|
8971200390|
8971200391|
8971200416|
8971200417|
8971200418|
8971200419|
8971200420|
8971200421|
8971200422|
8971200423|
8971200448|
8971200449|
8971200450|
8971200451|
8971200452|
8971200453|
8971200454|
8971200455|
8971200480|
8971200481|
8971200482|
8971200483|
8971200484|
8971200485|
8971200486|
8971200487|
8971200512|
8971200513|
8971200514|
8971200515|
8971200516|
8971200517|
8971200518|
8971200519|
8971200544|
8971200545|
8971200546|
8971200547|
8971200548|
8971200549|
8971200550|
8971200551|
8971200576|
8971200577|
8971200578|
8971200579|
8971200580|
8971200581|
8971200582|
8971200583|
8971200608|
