54600356|
54600357|
54600358|
54600359|
54600384|
54600385|
54600386|
54600387|
54600388|
54600389|
54600390|
54600391|
54600416|
54600417|
54600418|
54600419|
54600420|
54600421|
54600422|
54600423|
54600448|
54600449|
54600450|
54600451|
54600452|
54600453|
54600454|
54600455|
54600480|
54600481|
54600482|
54600483|
54600484|
54600485|
54600486|
54600487|
54600512|
54600513|
54600514|
54600515|
54600516|
54600517|
54600518|
54600519|
54600544|
54600545|
54600546|
54600547|
54600548|
54600549|
54600550|
54600551|
54600576|
54600577|
54600578|
54600579|
54600580|
54600581|
54600582|
54600583|
54600608|
54600609|
54600610|
54600611|
54600612|
54600613|
54600614|
54600615|
54600640|
54600641|
54600642|
54600643|
54600644|
54600645|
54600646|
54600647|
54600672|
54600673|
54600674|
54600675|
54600676|
54600677|
54600678|
54600679|
54600704|
54600705|
54600706|
54600707|
54600708|
54600709|
54600710|
54600711|
54600736|
54600737|
54600738|
54600739|
54600740|
54600741|
54600742|
54600743|
