8967600167|
8967600192|
8967600193|
8967600194|
8967600195|
8967600196|
8967600197|
8967600198|
8967600199|
8967600224|
8967600225|
8967600226|
8967600227|
8967600228|
8967600229|
8967600230|
8967600231|
8967600256|
8967600257|
8967600258|
8967600259|
8967600260|
8967600261|
8967600262|
8967600263|
8967600288|
8967600289|
8967600290|
8967600291|
8967600292|
8967600293|
8967600294|
8967600295|
8967600320|
8967600321|
8967600322|
8967600323|
8967600324|
8967600325|
8967600326|
8967600327|
8967600352|
8967600353|
8967600354|
8967600355|
8967600356|
8967600357|
8967600358|
8967600359|
8967600384|
8967600385|
8967600386|
8967600387|
8967600388|
8967600389|
8967600390|
8967600391|
8967600416|
8967600417|
8967600418|
8967600419|
8967600420|
8967600421|
8967600422|
8967600423|
8967600448|
8967600449|
8967600450|
8967600451|
8967600452|
8967600453|
8967600454|
8967600455|
8967600480|
8967600481|
8967600482|
8967600483|
8967600484|
8967600485|
8967600486|
8967600487|
8967600512|
8967600513|
8967600514|
8967600515|
8967600516|
8967600517|
8967600518|
8967600519|
8967600544|
8967600545|
8967600546|
8967600547|
8967600548|
8967600549|
8967600550|
8967600551|
8967600576|
8967600577|
8967600578|
