8997600385|
8997600386|
8997600387|
8997600388|
8997600389|
8997600390|
8997600391|
8997600416|
8997600417|
8997600418|
8997600419|
8997600420|
8997600421|
8997600422|
8997600423|
8997600448|
8997600449|
8997600450|
8997600451|
8997600452|
8997600453|
8997600454|
8997600455|
8997600480|
8997600481|
8997600482|
8997600483|
8997600484|
8997600485|
8997600486|
8997600487|
8997600512|
8997600513|
8997600514|
8997600515|
8997600516|
8997600517|
8997600518|
8997600519|
8997600544|
8997600545|
8997600546|
8997600547|
8997600548|
8997600549|
8997600550|
8997600551|
8997600576|
8997600577|
8997600578|
8997600579|
8997600580|
8997600581|
8997600582|
8997600583|
8997600608|
8997600609|
8997600610|
8997600611|
8997600612|
8997600613|
8997600614|
8997600615|
8997600640|
8997600641|
8997600642|
8997600643|
8997600644|
8997600645|
8997600646|
8997600647|
8997600672|
8997600673|
8997600674|
8997600675|
8997600676|
8997600677|
8997600678|
8997600679|
8997600704|
8997600705|
8997600706|
8997600707|
8997600708|
8997600709|
8997600710|
8997600711|
8997600736|
8997600737|
8997600738|
8997600739|
8997600740|
8997600741|
8997600742|
8997600743|
8997600768|
8997600769|
8997600770|
8997600771|
8997600772|
