16200100|
16200101|
16200102|
16200103|
16200128|
16200129|
16200130|
16200131|
16200132|
16200133|
16200134|
16200135|
16200160|
16200161|
16200162|
16200163|
16200164|
16200165|
16200166|
16200167|
16200192|
16200193|
16200194|
16200195|
16200196|
16200197|
16200198|
16200199|
16200224|
16200225|
16200226|
16200227|
16200228|
16200229|
16200230|
16200231|
16200256|
16200257|
16200258|
16200259|
16200260|
16200261|
16200262|
16200263|
16200288|
16200289|
16200290|
16200291|
16200292|
16200293|
16200294|
16200295|
16200320|
16200321|
16200322|
16200323|
16200324|
16200325|
16200326|
16200327|
16200352|
16200353|
16200354|
16200355|
16200356|
16200357|
16200358|
16200359|
16200384|
16200385|
16200386|
16200387|
16200388|
16200389|
16200390|
16200391|
16200416|
16200417|
16200418|
16200419|
16200420|
16200421|
16200422|
16200423|
16200448|
16200449|
16200450|
16200451|
16200452|
16200453|
16200454|
16200455|
16200480|
16200481|
16200482|
16200483|
16200484|
16200485|
16200486|
16200487|
