4494000355|
4494000356|
4494000357|
4494000358|
4494000359|
4494000384|
4494000385|
4494000386|
4494000387|
4494000388|
4494000389|
4494000390|
4494000391|
4494000416|
4494000417|
4494000418|
4494000419|
4494000420|
4494000421|
4494000422|
4494000423|
4494000448|
4494000449|
4494000450|
4494000451|
4494000452|
4494000453|
4494000454|
4494000455|
4494000480|
4494000481|
4494000482|
4494000483|
4494000484|
4494000485|
4494000486|
4494000487|
4494000512|
4494000513|
4494000514|
4494000515|
4494000516|
4494000517|
4494000518|
4494000519|
4494000544|
4494000545|
4494000546|
4494000547|
4494000548|
4494000549|
4494000550|
4494000551|
4494000576|
4494000577|
4494000578|
4494000579|
4494000580|
4494000581|
4494000582|
4494000583|
4494000608|
4494000609|
4494000610|
4494000611|
4494000612|
4494000613|
4494000614|
4494000615|
4494000640|
4494000641|
4494000642|
4494000643|
4494000644|
4494000645|
4494000646|
4494000647|
4494000672|
4494000673|
4494000674|
4494000675|
4494000676|
4494000677|
4494000678|
4494000679|
4494000704|
4494000705|
4494000706|
4494000707|
4494000708|
4494000709|
4494000710|
4494000711|
4494000736|
4494000737|
4494000738|
4494000739|
4494000740|
4494000741|
4494000742|
