8988600322|
8988600323|
8988600324|
8988600325|
8988600326|
8988600327|
8988600352|
8988600353|
8988600354|
8988600355|
8988600356|
8988600357|
8988600358|
8988600359|
8988600384|
8988600385|
8988600386|
8988600387|
8988600388|
8988600389|
8988600390|
8988600391|
8988600416|
8988600417|
8988600418|
8988600419|
8988600420|
8988600421|
8988600422|
8988600423|
8988600448|
8988600449|
8988600450|
8988600451|
8988600452|
8988600453|
8988600454|
8988600455|
8988600480|
8988600481|
8988600482|
8988600483|
8988600484|
8988600485|
8988600486|
8988600487|
8988600512|
8988600513|
8988600514|
8988600515|
8988600516|
8988600517|
8988600518|
8988600519|
8988600544|
8988600545|
8988600546|
8988600547|
8988600548|
8988600549|
8988600550|
8988600551|
8988600576|
8988600577|
8988600578|
8988600579|
8988600580|
8988600581|
8988600582|
8988600583|
8988600608|
8988600609|
8988600610|
8988600611|
8988600612|
8988600613|
8988600614|
8988600615|
8988600640|
8988600641|
8988600642|
8988600643|
8988600644|
8988600645|
8988600646|
8988600647|
8988600672|
8988600673|
8988600674|
8988600675|
8988600676|
8988600677|
8988600678|
8988600679|
8988600704|
8988600705|
8988600706|
8988600707|
8988600708|
8988600709|
