4470600196|
4470600197|
4470600198|
4470600199|
4470600224|
4470600225|
4470600226|
4470600227|
4470600228|
4470600229|
4470600230|
4470600231|
4470600256|
4470600257|
4470600258|
4470600259|
4470600260|
4470600261|
4470600262|
4470600263|
4470600288|
4470600289|
4470600290|
4470600291|
4470600292|
4470600293|
4470600294|
4470600295|
4470600320|
4470600321|
4470600322|
4470600323|
4470600324|
4470600325|
4470600326|
4470600327|
4470600352|
4470600353|
4470600354|
4470600355|
4470600356|
4470600357|
4470600358|
4470600359|
4470600384|
4470600385|
4470600386|
4470600387|
4470600388|
4470600389|
4470600390|
4470600391|
4470600416|
4470600417|
4470600418|
4470600419|
4470600420|
4470600421|
4470600422|
4470600423|
4470600448|
4470600449|
4470600450|
4470600451|
4470600452|
4470600453|
4470600454|
4470600455|
4470600480|
4470600481|
4470600482|
4470600483|
4470600484|
4470600485|
4470600486|
4470600487|
4470600512|
4470600513|
4470600514|
4470600515|
4470600516|
4470600517|
4470600518|
4470600519|
4470600544|
4470600545|
4470600546|
4470600547|
4470600548|
4470600549|
4470600550|
4470600551|
4470600576|
4470600577|
4470600578|
4470600579|
4470600580|
4470600581|
4470600582|
4470600583|
