45000292|
45000293|
45000294|
45000295|
45000320|
45000321|
45000322|
45000323|
45000324|
45000325|
45000326|
45000327|
45000352|
45000353|
45000354|
45000355|
45000356|
45000357|
45000358|
45000359|
45000384|
45000385|
45000386|
45000387|
45000388|
45000389|
45000390|
45000391|
45000416|
45000417|
45000418|
45000419|
45000420|
45000421|
45000422|
45000423|
45000448|
45000449|
45000450|
45000451|
45000452|
45000453|
45000454|
45000455|
45000480|
45000481|
45000482|
45000483|
45000484|
45000485|
45000486|
45000487|
45000512|
45000513|
45000514|
45000515|
45000516|
45000517|
45000518|
45000519|
45000544|
45000545|
45000546|
45000547|
45000548|
45000549|
45000550|
45000551|
45000576|
45000577|
45000578|
45000579|
45000580|
45000581|
45000582|
45000583|
45000608|
45000609|
45000610|
45000611|
45000612|
45000613|
45000614|
45000615|
45000640|
45000641|
45000642|
45000643|
45000644|
45000645|
45000646|
45000647|
45000672|
45000673|
45000674|
45000675|
45000676|
45000677|
45000678|
45000679|
