4497600385|
4497600386|
4497600387|
4497600388|
4497600389|
4497600390|
4497600391|
4497600416|
4497600417|
4497600418|
4497600419|
4497600420|
4497600421|
4497600422|
4497600423|
4497600448|
4497600449|
4497600450|
4497600451|
4497600452|
4497600453|
4497600454|
4497600455|
4497600480|
4497600481|
4497600482|
4497600483|
4497600484|
4497600485|
4497600486|
4497600487|
4497600512|
4497600513|
4497600514|
4497600515|
4497600516|
4497600517|
4497600518|
4497600519|
4497600544|
4497600545|
4497600546|
4497600547|
4497600548|
4497600549|
4497600550|
4497600551|
4497600576|
4497600577|
4497600578|
4497600579|
4497600580|
4497600581|
4497600582|
4497600583|
4497600608|
4497600609|
4497600610|
4497600611|
4497600612|
4497600613|
4497600614|
4497600615|
4497600640|
4497600641|
4497600642|
4497600643|
4497600644|
4497600645|
4497600646|
4497600647|
4497600672|
4497600673|
4497600674|
4497600675|
4497600676|
4497600677|
4497600678|
4497600679|
4497600704|
4497600705|
4497600706|
4497600707|
4497600708|
4497600709|
4497600710|
4497600711|
4497600736|
4497600737|
4497600738|
4497600739|
4497600740|
4497600741|
4497600742|
4497600743|
4497600768|
4497600769|
4497600770|
4497600771|
4497600772|
