8985000292|
8985000293|
8985000294|
8985000295|
8985000320|
8985000321|
8985000322|
8985000323|
8985000324|
8985000325|
8985000326|
8985000327|
8985000352|
8985000353|
8985000354|
8985000355|
8985000356|
8985000357|
8985000358|
8985000359|
8985000384|
8985000385|
8985000386|
8985000387|
8985000388|
8985000389|
8985000390|
8985000391|
8985000416|
8985000417|
8985000418|
8985000419|
8985000420|
8985000421|
8985000422|
8985000423|
8985000448|
8985000449|
8985000450|
8985000451|
8985000452|
8985000453|
8985000454|
8985000455|
8985000480|
8985000481|
8985000482|
8985000483|
8985000484|
8985000485|
8985000486|
8985000487|
8985000512|
8985000513|
8985000514|
8985000515|
8985000516|
8985000517|
8985000518|
8985000519|
8985000544|
8985000545|
8985000546|
8985000547|
8985000548|
8985000549|
8985000550|
8985000551|
8985000576|
8985000577|
8985000578|
8985000579|
8985000580|
8985000581|
8985000582|
8985000583|
8985000608|
8985000609|
8985000610|
8985000611|
8985000612|
8985000613|
8985000614|
8985000615|
8985000640|
8985000641|
8985000642|
8985000643|
8985000644|
8985000645|
8985000646|
8985000647|
8985000672|
8985000673|
8985000674|
8985000675|
8985000676|
8985000677|
8985000678|
8985000679|
