8958000103|
8958000128|
8958000129|
8958000130|
8958000131|
8958000132|
8958000133|
8958000134|
8958000135|
8958000160|
8958000161|
8958000162|
8958000163|
8958000164|
8958000165|
8958000166|
8958000167|
8958000192|
8958000193|
8958000194|
8958000195|
8958000196|
8958000197|
8958000198|
8958000199|
8958000224|
8958000225|
8958000226|
8958000227|
8958000228|
8958000229|
8958000230|
8958000231|
8958000256|
8958000257|
8958000258|
8958000259|
8958000260|
8958000261|
8958000262|
8958000263|
8958000288|
8958000289|
8958000290|
8958000291|
8958000292|
8958000293|
8958000294|
8958000295|
8958000320|
8958000321|
8958000322|
8958000323|
8958000324|
8958000325|
8958000326|
8958000327|
8958000352|
8958000353|
8958000354|
8958000355|
8958000356|
8958000357|
8958000358|
8958000359|
8958000384|
8958000385|
8958000386|
8958000387|
8958000388|
8958000389|
8958000390|
8958000391|
8958000416|
8958000417|
8958000418|
8958000419|
8958000420|
8958000421|
8958000422|
8958000423|
8958000448|
8958000449|
8958000450|
8958000451|
8958000452|
8958000453|
8958000454|
8958000455|
8958000480|
8958000481|
8958000482|
8958000483|
8958000484|
8958000485|
8958000486|
8958000487|
8958000512|
8958000513|
8958000514|
