8974800227|
8974800228|
8974800229|
8974800230|
8974800231|
8974800256|
8974800257|
8974800258|
8974800259|
8974800260|
8974800261|
8974800262|
8974800263|
8974800288|
8974800289|
8974800290|
8974800291|
8974800292|
8974800293|
8974800294|
8974800295|
8974800320|
8974800321|
8974800322|
8974800323|
8974800324|
8974800325|
8974800326|
8974800327|
8974800352|
8974800353|
8974800354|
8974800355|
8974800356|
8974800357|
8974800358|
8974800359|
8974800384|
8974800385|
8974800386|
8974800387|
8974800388|
8974800389|
8974800390|
8974800391|
8974800416|
8974800417|
8974800418|
8974800419|
8974800420|
8974800421|
8974800422|
8974800423|
8974800448|
8974800449|
8974800450|
8974800451|
8974800452|
8974800453|
8974800454|
8974800455|
8974800480|
8974800481|
8974800482|
8974800483|
8974800484|
8974800485|
8974800486|
8974800487|
8974800512|
8974800513|
8974800514|
8974800515|
8974800516|
8974800517|
8974800518|
8974800519|
8974800544|
8974800545|
8974800546|
8974800547|
8974800548|
8974800549|
8974800550|
8974800551|
8974800576|
8974800577|
8974800578|
8974800579|
8974800580|
8974800581|
8974800582|
8974800583|
8974800608|
8974800609|
8974800610|
8974800611|
8974800612|
8974800613|
8974800614|
