58800387|
58800388|
58800389|
58800390|
58800391|
58800416|
58800417|
58800418|
58800419|
58800420|
58800421|
58800422|
58800423|
58800448|
58800449|
58800450|
58800451|
58800452|
58800453|
58800454|
58800455|
58800480|
58800481|
58800482|
58800483|
58800484|
58800485|
58800486|
58800487|
58800512|
58800513|
58800514|
58800515|
58800516|
58800517|
58800518|
58800519|
58800544|
58800545|
58800546|
58800547|
58800548|
58800549|
58800550|
58800551|
58800576|
58800577|
58800578|
58800579|
58800580|
58800581|
58800582|
58800583|
58800608|
58800609|
58800610|
58800611|
58800612|
58800613|
58800614|
58800615|
58800640|
58800641|
58800642|
58800643|
58800644|
58800645|
58800646|
58800647|
58800672|
58800673|
58800674|
58800675|
58800676|
58800677|
58800678|
58800679|
58800704|
58800705|
58800706|
58800707|
58800708|
58800709|
58800710|
58800711|
58800736|
58800737|
58800738|
58800739|
58800740|
58800741|
58800742|
58800743|
58800768|
58800769|
58800770|
58800771|
58800772|
58800773|
58800774|
