8969400194|
8969400195|
8969400196|
8969400197|
8969400198|
8969400199|
8969400224|
8969400225|
8969400226|
8969400227|
8969400228|
8969400229|
8969400230|
8969400231|
8969400256|
8969400257|
8969400258|
8969400259|
8969400260|
8969400261|
8969400262|
8969400263|
8969400288|
8969400289|
8969400290|
8969400291|
8969400292|
8969400293|
8969400294|
8969400295|
8969400320|
8969400321|
8969400322|
8969400323|
8969400324|
8969400325|
8969400326|
8969400327|
8969400352|
8969400353|
8969400354|
8969400355|
8969400356|
8969400357|
8969400358|
8969400359|
8969400384|
8969400385|
8969400386|
8969400387|
8969400388|
8969400389|
8969400390|
8969400391|
8969400416|
8969400417|
8969400418|
8969400419|
8969400420|
8969400421|
8969400422|
8969400423|
8969400448|
8969400449|
8969400450|
8969400451|
8969400452|
8969400453|
8969400454|
8969400455|
8969400480|
8969400481|
8969400482|
8969400483|
8969400484|
8969400485|
8969400486|
8969400487|
8969400512|
8969400513|
8969400514|
8969400515|
8969400516|
8969400517|
8969400518|
8969400519|
8969400544|
8969400545|
8969400546|
8969400547|
8969400548|
8969400549|
8969400550|
8969400551|
8969400576|
8969400577|
8969400578|
8969400579|
8969400580|
8969400581|
