17400102|
17400103|
17400128|
17400129|
17400130|
17400131|
17400132|
17400133|
17400134|
17400135|
17400160|
17400161|
17400162|
17400163|
17400164|
17400165|
17400166|
17400167|
17400192|
17400193|
17400194|
17400195|
17400196|
17400197|
17400198|
17400199|
17400224|
17400225|
17400226|
17400227|
17400228|
17400229|
17400230|
17400231|
17400256|
17400257|
17400258|
17400259|
17400260|
17400261|
17400262|
17400263|
17400288|
17400289|
17400290|
17400291|
17400292|
17400293|
17400294|
17400295|
17400320|
17400321|
17400322|
17400323|
17400324|
17400325|
17400326|
17400327|
17400352|
17400353|
17400354|
17400355|
17400356|
17400357|
17400358|
17400359|
17400384|
17400385|
17400386|
17400387|
17400388|
17400389|
17400390|
17400391|
17400416|
17400417|
17400418|
17400419|
17400420|
17400421|
17400422|
17400423|
17400448|
17400449|
17400450|
17400451|
17400452|
17400453|
17400454|
17400455|
17400480|
17400481|
17400482|
17400483|
17400484|
17400485|
17400486|
17400487|
17400512|
17400513|
