34200226|
34200227|
34200228|
34200229|
34200230|
34200231|
34200256|
34200257|
34200258|
34200259|
34200260|
34200261|
34200262|
34200263|
34200288|
34200289|
34200290|
34200291|
34200292|
34200293|
34200294|
34200295|
34200320|
34200321|
34200322|
34200323|
34200324|
34200325|
34200326|
34200327|
34200352|
34200353|
34200354|
34200355|
34200356|
34200357|
34200358|
34200359|
34200384|
34200385|
34200386|
34200387|
34200388|
34200389|
34200390|
34200391|
34200416|
34200417|
34200418|
34200419|
34200420|
34200421|
34200422|
34200423|
34200448|
34200449|
34200450|
34200451|
34200452|
34200453|
34200454|
34200455|
34200480|
34200481|
34200482|
34200483|
34200484|
34200485|
34200486|
34200487|
34200512|
34200513|
34200514|
34200515|
34200516|
34200517|
34200518|
34200519|
34200544|
34200545|
34200546|
34200547|
34200548|
34200549|
34200550|
34200551|
34200576|
34200577|
34200578|
34200579|
34200580|
34200581|
34200582|
34200583|
34200608|
34200609|
34200610|
34200611|
34200612|
34200613|
