55800358|
55800359|
55800384|
55800385|
55800386|
55800387|
55800388|
55800389|
55800390|
55800391|
55800416|
55800417|
55800418|
55800419|
55800420|
55800421|
55800422|
55800423|
55800448|
55800449|
55800450|
55800451|
55800452|
55800453|
55800454|
55800455|
55800480|
55800481|
55800482|
55800483|
55800484|
55800485|
55800486|
55800487|
55800512|
55800513|
55800514|
55800515|
55800516|
55800517|
55800518|
55800519|
55800544|
55800545|
55800546|
55800547|
55800548|
55800549|
55800550|
55800551|
55800576|
55800577|
55800578|
55800579|
55800580|
55800581|
55800582|
55800583|
55800608|
55800609|
55800610|
55800611|
55800612|
55800613|
55800614|
55800615|
55800640|
55800641|
55800642|
55800643|
55800644|
55800645|
55800646|
55800647|
55800672|
55800673|
55800674|
55800675|
55800676|
55800677|
55800678|
55800679|
55800704|
55800705|
55800706|
55800707|
55800708|
55800709|
55800710|
55800711|
55800736|
55800737|
55800738|
55800739|
55800740|
55800741|
55800742|
55800743|
55800768|
55800769|
