8960400131|
8960400132|
8960400133|
8960400134|
8960400135|
8960400160|
8960400161|
8960400162|
8960400163|
8960400164|
8960400165|
8960400166|
8960400167|
8960400192|
8960400193|
8960400194|
8960400195|
8960400196|
8960400197|
8960400198|
8960400199|
8960400224|
8960400225|
8960400226|
8960400227|
8960400228|
8960400229|
8960400230|
8960400231|
8960400256|
8960400257|
8960400258|
8960400259|
8960400260|
8960400261|
8960400262|
8960400263|
8960400288|
8960400289|
8960400290|
8960400291|
8960400292|
8960400293|
8960400294|
8960400295|
8960400320|
8960400321|
8960400322|
8960400323|
8960400324|
8960400325|
8960400326|
8960400327|
8960400352|
8960400353|
8960400354|
8960400355|
8960400356|
8960400357|
8960400358|
8960400359|
8960400384|
8960400385|
8960400386|
8960400387|
8960400388|
8960400389|
8960400390|
8960400391|
8960400416|
8960400417|
8960400418|
8960400419|
8960400420|
8960400421|
8960400422|
8960400423|
8960400448|
8960400449|
8960400450|
8960400451|
8960400452|
8960400453|
8960400454|
8960400455|
8960400480|
8960400481|
8960400482|
8960400483|
8960400484|
8960400485|
8960400486|
8960400487|
8960400512|
8960400513|
8960400514|
8960400515|
8960400516|
8960400517|
8960400518|
