4459200129|
4459200130|
4459200131|
4459200132|
4459200133|
4459200134|
4459200135|
4459200160|
4459200161|
4459200162|
4459200163|
4459200164|
4459200165|
4459200166|
4459200167|
4459200192|
4459200193|
4459200194|
4459200195|
4459200196|
4459200197|
4459200198|
4459200199|
4459200224|
4459200225|
4459200226|
4459200227|
4459200228|
4459200229|
4459200230|
4459200231|
4459200256|
4459200257|
4459200258|
4459200259|
4459200260|
4459200261|
4459200262|
4459200263|
4459200288|
4459200289|
4459200290|
4459200291|
4459200292|
4459200293|
4459200294|
4459200295|
4459200320|
4459200321|
4459200322|
4459200323|
4459200324|
4459200325|
4459200326|
4459200327|
4459200352|
4459200353|
4459200354|
4459200355|
4459200356|
4459200357|
4459200358|
4459200359|
4459200384|
4459200385|
4459200386|
4459200387|
4459200388|
4459200389|
4459200390|
4459200391|
4459200416|
4459200417|
4459200418|
4459200419|
4459200420|
4459200421|
4459200422|
4459200423|
4459200448|
4459200449|
4459200450|
4459200451|
4459200452|
4459200453|
4459200454|
4459200455|
4459200480|
4459200481|
4459200482|
4459200483|
4459200484|
4459200485|
4459200486|
4459200487|
4459200512|
4459200513|
4459200514|
4459200515|
4459200516|
