8999400388|
8999400389|
8999400390|
8999400391|
8999400416|
8999400417|
8999400418|
8999400419|
8999400420|
8999400421|
8999400422|
8999400423|
8999400448|
8999400449|
8999400450|
8999400451|
8999400452|
8999400453|
8999400454|
8999400455|
8999400480|
8999400481|
8999400482|
8999400483|
8999400484|
8999400485|
8999400486|
8999400487|
8999400512|
8999400513|
8999400514|
8999400515|
8999400516|
8999400517|
8999400518|
8999400519|
8999400544|
8999400545|
8999400546|
8999400547|
8999400548|
8999400549|
8999400550|
8999400551|
8999400576|
8999400577|
8999400578|
8999400579|
8999400580|
8999400581|
8999400582|
8999400583|
8999400608|
8999400609|
8999400610|
8999400611|
8999400612|
8999400613|
8999400614|
8999400615|
8999400640|
8999400641|
8999400642|
8999400643|
8999400644|
8999400645|
8999400646|
8999400647|
8999400672|
8999400673|
8999400674|
8999400675|
8999400676|
8999400677|
8999400678|
8999400679|
8999400704|
8999400705|
8999400706|
8999400707|
8999400708|
8999400709|
8999400710|
8999400711|
8999400736|
8999400737|
8999400738|
8999400739|
8999400740|
8999400741|
8999400742|
8999400743|
8999400768|
8999400769|
8999400770|
8999400771|
8999400772|
8999400773|
8999400774|
8999400775|
