5400034|
5400035|
5400036|
5400037|
5400038|
5400039|
5400064|
5400065|
5400066|
5400067|
5400068|
5400069|
5400070|
5400071|
5400096|
5400097|
5400098|
5400099|
5400100|
5400101|
5400102|
5400103|
5400128|
5400129|
5400130|
5400131|
5400132|
5400133|
5400134|
5400135|
5400160|
5400161|
5400162|
5400163|
5400164|
5400165|
5400166|
5400167|
5400192|
5400193|
5400194|
5400195|
5400196|
5400197|
5400198|
5400199|
5400224|
5400225|
5400226|
5400227|
5400228|
5400229|
5400230|
5400231|
5400256|
5400257|
5400258|
5400259|
5400260|
5400261|
5400262|
5400263|
5400288|
5400289|
5400290|
5400291|
5400292|
5400293|
5400294|
5400295|
5400320|
5400321|
5400322|
5400323|
5400324|
5400325|
5400326|
5400327|
5400352|
5400353|
5400354|
5400355|
5400356|
5400357|
5400358|
5400359|
5400384|
5400385|
5400386|
5400387|
5400388|
5400389|
5400390|
5400391|
5400416|
5400417|
5400418|
5400419|
5400420|
5400421|
