7800038|
7800039|
7800064|
7800065|
7800066|
7800067|
7800068|
7800069|
7800070|
7800071|
7800096|
7800097|
7800098|
7800099|
7800100|
7800101|
7800102|
7800103|
7800128|
7800129|
7800130|
7800131|
7800132|
7800133|
7800134|
7800135|
7800160|
7800161|
7800162|
7800163|
7800164|
7800165|
7800166|
7800167|
7800192|
7800193|
7800194|
7800195|
7800196|
7800197|
7800198|
7800199|
7800224|
7800225|
7800226|
7800227|
7800228|
7800229|
7800230|
7800231|
7800256|
7800257|
7800258|
7800259|
7800260|
7800261|
7800262|
7800263|
7800288|
7800289|
7800290|
7800291|
7800292|
7800293|
7800294|
7800295|
7800320|
7800321|
7800322|
7800323|
7800324|
7800325|
7800326|
7800327|
7800352|
7800353|
7800354|
7800355|
7800356|
7800357|
7800358|
7800359|
7800384|
7800385|
7800386|
7800387|
7800388|
7800389|
7800390|
7800391|
7800416|
7800417|
7800418|
7800419|
7800420|
7800421|
7800422|
7800423|
7800448|
7800449|
