8975400228|
8975400229|
8975400230|
8975400231|
8975400256|
8975400257|
8975400258|
8975400259|
8975400260|
8975400261|
8975400262|
8975400263|
8975400288|
8975400289|
8975400290|
8975400291|
8975400292|
8975400293|
8975400294|
8975400295|
8975400320|
8975400321|
8975400322|
8975400323|
8975400324|
8975400325|
8975400326|
8975400327|
8975400352|
8975400353|
8975400354|
8975400355|
8975400356|
8975400357|
8975400358|
8975400359|
8975400384|
8975400385|
8975400386|
8975400387|
8975400388|
8975400389|
8975400390|
8975400391|
8975400416|
8975400417|
8975400418|
8975400419|
8975400420|
8975400421|
8975400422|
8975400423|
8975400448|
8975400449|
8975400450|
8975400451|
8975400452|
8975400453|
8975400454|
8975400455|
8975400480|
8975400481|
8975400482|
8975400483|
8975400484|
8975400485|
8975400486|
8975400487|
8975400512|
8975400513|
8975400514|
8975400515|
8975400516|
8975400517|
8975400518|
8975400519|
8975400544|
8975400545|
8975400546|
8975400547|
8975400548|
8975400549|
8975400550|
8975400551|
8975400576|
8975400577|
8975400578|
8975400579|
8975400580|
8975400581|
8975400582|
8975400583|
8975400608|
8975400609|
8975400610|
8975400611|
8975400612|
8975400613|
8975400614|
8975400615|
