8964000161|
8964000162|
8964000163|
8964000164|
8964000165|
8964000166|
8964000167|
8964000192|
8964000193|
8964000194|
8964000195|
8964000196|
8964000197|
8964000198|
8964000199|
8964000224|
8964000225|
8964000226|
8964000227|
8964000228|
8964000229|
8964000230|
8964000231|
8964000256|
8964000257|
8964000258|
8964000259|
8964000260|
8964000261|
8964000262|
8964000263|
8964000288|
8964000289|
8964000290|
8964000291|
8964000292|
8964000293|
8964000294|
8964000295|
8964000320|
8964000321|
8964000322|
8964000323|
8964000324|
8964000325|
8964000326|
8964000327|
8964000352|
8964000353|
8964000354|
8964000355|
8964000356|
8964000357|
8964000358|
8964000359|
8964000384|
8964000385|
8964000386|
8964000387|
8964000388|
8964000389|
8964000390|
8964000391|
8964000416|
8964000417|
8964000418|
8964000419|
8964000420|
8964000421|
8964000422|
8964000423|
8964000448|
8964000449|
8964000450|
8964000451|
8964000452|
8964000453|
8964000454|
8964000455|
8964000480|
8964000481|
8964000482|
8964000483|
8964000484|
8964000485|
8964000486|
8964000487|
8964000512|
8964000513|
8964000514|
8964000515|
8964000516|
8964000517|
8964000518|
8964000519|
8964000544|
8964000545|
8964000546|
8964000547|
8964000548|
