8945400034|
8945400035|
8945400036|
8945400037|
8945400038|
8945400039|
8945400064|
8945400065|
8945400066|
8945400067|
8945400068|
8945400069|
8945400070|
8945400071|
8945400096|
8945400097|
8945400098|
8945400099|
8945400100|
8945400101|
8945400102|
8945400103|
8945400128|
8945400129|
8945400130|
8945400131|
8945400132|
8945400133|
8945400134|
8945400135|
8945400160|
8945400161|
8945400162|
8945400163|
8945400164|
8945400165|
8945400166|
8945400167|
8945400192|
8945400193|
8945400194|
8945400195|
8945400196|
8945400197|
8945400198|
8945400199|
8945400224|
8945400225|
8945400226|
8945400227|
8945400228|
8945400229|
8945400230|
8945400231|
8945400256|
8945400257|
8945400258|
8945400259|
8945400260|
8945400261|
8945400262|
8945400263|
8945400288|
8945400289|
8945400290|
8945400291|
8945400292|
8945400293|
8945400294|
8945400295|
8945400320|
8945400321|
8945400322|
8945400323|
8945400324|
8945400325|
8945400326|
8945400327|
8945400352|
8945400353|
8945400354|
8945400355|
8945400356|
8945400357|
8945400358|
8945400359|
8945400384|
8945400385|
8945400386|
8945400387|
8945400388|
8945400389|
8945400390|
8945400391|
8945400416|
8945400417|
8945400418|
8945400419|
8945400420|
8945400421|
