24000161|
24000162|
24000163|
24000164|
24000165|
24000166|
24000167|
24000192|
24000193|
24000194|
24000195|
24000196|
24000197|
24000198|
24000199|
24000224|
24000225|
24000226|
24000227|
24000228|
24000229|
24000230|
24000231|
24000256|
24000257|
24000258|
24000259|
24000260|
24000261|
24000262|
24000263|
24000288|
24000289|
24000290|
24000291|
24000292|
24000293|
24000294|
24000295|
24000320|
24000321|
24000322|
24000323|
24000324|
24000325|
24000326|
24000327|
24000352|
24000353|
24000354|
24000355|
24000356|
24000357|
24000358|
24000359|
24000384|
24000385|
24000386|
24000387|
24000388|
24000389|
24000390|
24000391|
24000416|
24000417|
24000418|
24000419|
24000420|
24000421|
24000422|
24000423|
24000448|
24000449|
24000450|
24000451|
24000452|
24000453|
24000454|
24000455|
24000480|
24000481|
24000482|
24000483|
24000484|
24000485|
24000486|
24000487|
24000512|
24000513|
24000514|
24000515|
24000516|
24000517|
24000518|
24000519|
24000544|
24000545|
24000546|
24000547|
24000548|
