504101|
504102|
504103|
504128|
504129|
504130|
504131|
504132|
504133|
504134|
504135|
504160|
504161|
504162|
504163|
504164|
504165|
504166|
504167|
504192|
504193|
504194|
504195|
504196|
504197|
504198|
504199|
504224|
504225|
504226|
504227|
504228|
504229|
504230|
504231|
504256|
504257|
504258|
504259|
504260|
504261|
504262|
504263|
504288|
504289|
504290|
504291|
504292|
504293|
504294|
504295|
504320|
504321|
504322|
504323|
504324|
504325|
504326|
504327|
504352|
504353|
504354|
504355|
504356|
504357|
504358|
504359|
504384|
504385|
504386|
504387|
504388|
504389|
504390|
504391|
504416|
504417|
504418|
504419|
504420|
504421|
504422|
504423|
504448|
504449|
504450|
504451|
504452|
504453|
504454|
504455|
504480|
504481|
504482|
504483|
504484|
504485|
504486|
504487|
504512|
