133812131|
133812132|
133812133|
133812134|
133812135|
133812160|
133812161|
133812162|
133812163|
133812164|
133812165|
133812166|
133812167|
133812192|
133812193|
133812194|
133812195|
133812196|
133812197|
133812198|
133812199|
133812224|
133812225|
133812226|
133812227|
133812228|
133812229|
133812230|
133812231|
133812256|
133812257|
133812258|
133812259|
133812260|
133812261|
133812262|
133812263|
133812288|
133812289|
133812290|
133812291|
133812292|
133812293|
133812294|
133812295|
133812320|
133812321|
133812322|
133812323|
133812324|
133812325|
133812326|
133812327|
133812352|
133812353|
133812354|
133812355|
133812356|
133812357|
133812358|
133812359|
133812384|
133812385|
133812386|
133812387|
133812388|
133812389|
133812390|
133812391|
133812416|
133812417|
133812418|
133812419|
133812420|
133812421|
133812422|
133812423|
133812448|
133812449|
133812450|
133812451|
133812452|
133812453|
133812454|
133812455|
133812480|
133812481|
133812482|
133812483|
133812484|
133812485|
133812486|
133812487|
133812512|
133812513|
133812514|
133812515|
133812516|
133812517|
133812518|
