133902148|
133902149|
133902150|
133902151|
133902176|
133902177|
133902178|
133902179|
133902180|
133902181|
133902182|
133902183|
133902208|
133902209|
133902210|
133902211|
133902212|
133902213|
133902214|
133902215|
133902240|
133902241|
133902242|
133902243|
133902244|
133902245|
133902246|
133902247|
133902272|
133902273|
133902274|
133902275|
133902276|
133902277|
133902278|
133902279|
133902304|
133902305|
133902306|
133902307|
133902308|
133902309|
133902310|
133902311|
133902336|
133902337|
133902338|
133902339|
133902340|
133902341|
133902342|
133902343|
133902368|
133902369|
133902370|
133902371|
133902372|
133902373|
133902374|
133902375|
133902400|
133902401|
133902402|
133902403|
133902404|
133902405|
133902406|
133902407|
133902432|
133902433|
133902434|
133902435|
133902436|
133902437|
133902438|
133902439|
133902464|
133902465|
133902466|
133902467|
133902468|
133902469|
133902470|
133902471|
133902496|
133902497|
133902498|
133902499|
133902500|
133902501|
133902502|
133902503|
133902528|
133902529|
133902530|
133902531|
133902532|
133902533|
133902534|
133902535|
