133614084|
133614085|
133614086|
133614087|
133614112|
133614113|
133614114|
133614115|
133614116|
133614117|
133614118|
133614119|
133614144|
133614145|
133614146|
133614147|
133614148|
133614149|
133614150|
133614151|
133614176|
133614177|
133614178|
133614179|
133614180|
133614181|
133614182|
133614183|
133614208|
133614209|
133614210|
133614211|
133614212|
133614213|
133614214|
133614215|
133614240|
133614241|
133614242|
133614243|
133614244|
133614245|
133614246|
133614247|
133614272|
133614273|
133614274|
133614275|
133614276|
133614277|
133614278|
133614279|
133614304|
133614305|
133614306|
133614307|
133614308|
133614309|
133614310|
133614311|
133614336|
133614337|
133614338|
133614339|
133614340|
133614341|
133614342|
133614343|
133614368|
133614369|
133614370|
133614371|
133614372|
133614373|
133614374|
133614375|
133614400|
133614401|
133614402|
133614403|
133614404|
133614405|
133614406|
133614407|
133614432|
133614433|
133614434|
133614435|
133614436|
133614437|
133614438|
133614439|
133614464|
133614465|
133614466|
133614467|
133614468|
133614469|
133614470|
133614471|
