268974176|
268974177|
268974178|
268974179|
268974180|
268974181|
268974182|
268974183|
268974208|
268974209|
268974210|
268974211|
268974212|
268974213|
268974214|
268974215|
268974240|
268974241|
268974242|
268974243|
268974244|
268974245|
268974246|
268974247|
268974272|
268974273|
268974274|
268974275|
268974276|
268974277|
268974278|
268974279|
268974304|
268974305|
268974306|
268974307|
268974308|
268974309|
268974310|
268974311|
268974336|
268974337|
268974338|
268974339|
268974340|
268974341|
268974342|
268974343|
268974368|
268974369|
268974370|
268974371|
268974372|
268974373|
268974374|
268974375|
268974400|
268974401|
268974402|
268974403|
268974404|
268974405|
268974406|
268974407|
268974432|
268974433|
268974434|
268974435|
268974436|
268974437|
268974438|
268974439|
268974464|
268974465|
268974466|
268974467|
268974468|
268974469|
268974470|
268974471|
268974496|
268974497|
268974498|
268974499|
268974500|
268974501|
268974502|
268974503|
268974528|
268974529|
268974530|
268974531|
268974532|
268974533|
268974534|
268974535|
268974560|
268974561|
268974562|
268974563|
