268632097|
268632098|
268632099|
268632100|
268632101|
268632102|
268632103|
268632128|
268632129|
268632130|
268632131|
268632132|
268632133|
268632134|
268632135|
268632160|
268632161|
268632162|
268632163|
268632164|
268632165|
268632166|
268632167|
268632192|
268632193|
268632194|
268632195|
268632196|
268632197|
268632198|
268632199|
268632224|
268632225|
268632226|
268632227|
268632228|
268632229|
268632230|
268632231|
268632256|
268632257|
268632258|
268632259|
268632260|
268632261|
268632262|
268632263|
268632288|
268632289|
268632290|
268632291|
268632292|
268632293|
268632294|
268632295|
268632320|
268632321|
268632322|
268632323|
268632324|
268632325|
268632326|
268632327|
268632352|
268632353|
268632354|
268632355|
268632356|
268632357|
268632358|
268632359|
268632384|
268632385|
268632386|
268632387|
268632388|
268632389|
268632390|
268632391|
268632416|
268632417|
268632418|
268632419|
268632420|
268632421|
268632422|
268632423|
268632448|
268632449|
268632450|
268632451|
268632452|
268632453|
268632454|
268632455|
268632480|
268632481|
268632482|
268632483|
268632484|
