134892359|
134892384|
134892385|
134892386|
134892387|
134892388|
134892389|
134892390|
134892391|
134892416|
134892417|
134892418|
134892419|
134892420|
134892421|
134892422|
134892423|
134892448|
134892449|
134892450|
134892451|
134892452|
134892453|
134892454|
134892455|
134892480|
134892481|
134892482|
134892483|
134892484|
134892485|
134892486|
134892487|
134892512|
134892513|
134892514|
134892515|
134892516|
134892517|
134892518|
134892519|
134892544|
134892545|
134892546|
134892547|
134892548|
134892549|
134892550|
134892551|
134892576|
134892577|
134892578|
134892579|
134892580|
134892581|
134892582|
134892583|
134892608|
134892609|
134892610|
134892611|
134892612|
134892613|
134892614|
134892615|
134892640|
134892641|
134892642|
134892643|
134892644|
134892645|
134892646|
134892647|
134892672|
134892673|
134892674|
134892675|
134892676|
134892677|
134892678|
134892679|
134892704|
134892705|
134892706|
134892707|
134892708|
134892709|
134892710|
134892711|
134892736|
134892737|
134892738|
134892739|
134892740|
134892741|
134892742|
134892743|
134892768|
134892769|
134892770|
