134406272|
134406273|
134406274|
134406275|
134406276|
134406277|
134406278|
134406279|
134406304|
134406305|
134406306|
134406307|
134406308|
134406309|
134406310|
134406311|
134406336|
134406337|
134406338|
134406339|
134406340|
134406341|
134406342|
134406343|
134406368|
134406369|
134406370|
134406371|
134406372|
134406373|
134406374|
134406375|
134406400|
134406401|
134406402|
134406403|
134406404|
134406405|
134406406|
134406407|
134406432|
134406433|
134406434|
134406435|
134406436|
134406437|
134406438|
134406439|
134406464|
134406465|
134406466|
134406467|
134406468|
134406469|
134406470|
134406471|
134406496|
134406497|
134406498|
134406499|
134406500|
134406501|
134406502|
134406503|
134406528|
134406529|
134406530|
134406531|
134406532|
134406533|
134406534|
134406535|
134406560|
134406561|
134406562|
134406563|
134406564|
134406565|
134406566|
134406567|
134406592|
134406593|
134406594|
134406595|
134406596|
134406597|
134406598|
134406599|
134406624|
134406625|
134406626|
134406627|
134406628|
134406629|
134406630|
134406631|
134406656|
134406657|
134406658|
134406659|
