1764387|
1764388|
1764389|
1764390|
1764391|
1764416|
1764417|
1764418|
1764419|
1764420|
1764421|
1764422|
1764423|
1764448|
1764449|
1764450|
1764451|
1764452|
1764453|
1764454|
1764455|
1764480|
1764481|
1764482|
1764483|
1764484|
1764485|
1764486|
1764487|
1764512|
1764513|
1764514|
1764515|
1764516|
1764517|
1764518|
1764519|
1764544|
1764545|
1764546|
1764547|
1764548|
1764549|
1764550|
1764551|
1764576|
1764577|
1764578|
1764579|
1764580|
1764581|
1764582|
1764583|
1764608|
1764609|
1764610|
1764611|
1764612|
1764613|
1764614|
1764615|
1764640|
1764641|
1764642|
1764643|
1764644|
1764645|
1764646|
1764647|
1764672|
1764673|
1764674|
1764675|
1764676|
1764677|
1764678|
1764679|
1764704|
1764705|
1764706|
1764707|
1764708|
1764709|
1764710|
1764711|
1764736|
1764737|
1764738|
1764739|
1764740|
1764741|
1764742|
1764743|
1764768|
1764769|
1764770|
1764771|
1764772|
1764773|
1764774|
