1710372|
1710373|
1710374|
1710375|
1710400|
1710401|
1710402|
1710403|
1710404|
1710405|
1710406|
1710407|
1710432|
1710433|
1710434|
1710435|
1710436|
1710437|
1710438|
1710439|
1710464|
1710465|
1710466|
1710467|
1710468|
1710469|
1710470|
1710471|
1710496|
1710497|
1710498|
1710499|
1710500|
1710501|
1710502|
1710503|
1710528|
1710529|
1710530|
1710531|
1710532|
1710533|
1710534|
1710535|
1710560|
1710561|
1710562|
1710563|
1710564|
1710565|
1710566|
1710567|
1710592|
1710593|
1710594|
1710595|
1710596|
1710597|
1710598|
1710599|
1710624|
1710625|
1710626|
1710627|
1710628|
1710629|
1710630|
1710631|
1710656|
1710657|
1710658|
1710659|
1710660|
1710661|
1710662|
1710663|
1710688|
1710689|
1710690|
1710691|
1710692|
1710693|
1710694|
1710695|
1710720|
1710721|
1710722|
1710723|
1710724|
1710725|
1710726|
1710727|
1710752|
1710753|
1710754|
1710755|
1710756|
1710757|
1710758|
1710759|
