268596071|
268596096|
268596097|
268596098|
268596099|
268596100|
268596101|
268596102|
268596103|
268596128|
268596129|
268596130|
268596131|
268596132|
268596133|
268596134|
268596135|
268596160|
268596161|
268596162|
268596163|
268596164|
268596165|
268596166|
268596167|
268596192|
268596193|
268596194|
268596195|
268596196|
268596197|
268596198|
268596199|
268596224|
268596225|
268596226|
268596227|
268596228|
268596229|
268596230|
268596231|
268596256|
268596257|
268596258|
268596259|
268596260|
268596261|
268596262|
268596263|
268596288|
268596289|
268596290|
268596291|
268596292|
268596293|
268596294|
268596295|
268596320|
268596321|
268596322|
268596323|
268596324|
268596325|
268596326|
268596327|
268596352|
268596353|
268596354|
268596355|
268596356|
268596357|
268596358|
268596359|
268596384|
268596385|
268596386|
268596387|
268596388|
268596389|
268596390|
268596391|
268596416|
268596417|
268596418|
268596419|
268596420|
268596421|
268596422|
268596423|
268596448|
268596449|
268596450|
268596451|
268596452|
268596453|
268596454|
268596455|
268596480|
268596481|
268596482|
