268812131|
268812132|
268812133|
268812134|
268812135|
268812160|
268812161|
268812162|
268812163|
268812164|
268812165|
268812166|
268812167|
268812192|
268812193|
268812194|
268812195|
268812196|
268812197|
268812198|
268812199|
268812224|
268812225|
268812226|
268812227|
268812228|
268812229|
268812230|
268812231|
268812256|
268812257|
268812258|
268812259|
268812260|
268812261|
268812262|
268812263|
268812288|
268812289|
268812290|
268812291|
268812292|
268812293|
268812294|
268812295|
268812320|
268812321|
268812322|
268812323|
268812324|
268812325|
268812326|
268812327|
268812352|
268812353|
268812354|
268812355|
268812356|
268812357|
268812358|
268812359|
268812384|
268812385|
268812386|
268812387|
268812388|
268812389|
268812390|
268812391|
268812416|
268812417|
268812418|
268812419|
268812420|
268812421|
268812422|
268812423|
268812448|
268812449|
268812450|
268812451|
268812452|
268812453|
268812454|
268812455|
268812480|
268812481|
268812482|
268812483|
268812484|
268812485|
268812486|
268812487|
268812512|
268812513|
268812514|
268812515|
268812516|
268812517|
268812518|
