269370246|
269370247|
269370272|
269370273|
269370274|
269370275|
269370276|
269370277|
269370278|
269370279|
269370304|
269370305|
269370306|
269370307|
269370308|
269370309|
269370310|
269370311|
269370336|
269370337|
269370338|
269370339|
269370340|
269370341|
269370342|
269370343|
269370368|
269370369|
269370370|
269370371|
269370372|
269370373|
269370374|
269370375|
269370400|
269370401|
269370402|
269370403|
269370404|
269370405|
269370406|
269370407|
269370432|
269370433|
269370434|
269370435|
269370436|
269370437|
269370438|
269370439|
269370464|
269370465|
269370466|
269370467|
269370468|
269370469|
269370470|
269370471|
269370496|
269370497|
269370498|
269370499|
269370500|
269370501|
269370502|
269370503|
269370528|
269370529|
269370530|
269370531|
269370532|
269370533|
269370534|
269370535|
269370560|
269370561|
269370562|
269370563|
269370564|
269370565|
269370566|
269370567|
269370592|
269370593|
269370594|
269370595|
269370596|
269370597|
269370598|
269370599|
269370624|
269370625|
269370626|
269370627|
269370628|
269370629|
269370630|
269370631|
269370656|
269370657|
