269442274|
269442275|
269442276|
269442277|
269442278|
269442279|
269442304|
269442305|
269442306|
269442307|
269442308|
269442309|
269442310|
269442311|
269442336|
269442337|
269442338|
269442339|
269442340|
269442341|
269442342|
269442343|
269442368|
269442369|
269442370|
269442371|
269442372|
269442373|
269442374|
269442375|
269442400|
269442401|
269442402|
269442403|
269442404|
269442405|
269442406|
269442407|
269442432|
269442433|
269442434|
269442435|
269442436|
269442437|
269442438|
269442439|
269442464|
269442465|
269442466|
269442467|
269442468|
269442469|
269442470|
269442471|
269442496|
269442497|
269442498|
269442499|
269442500|
269442501|
269442502|
269442503|
269442528|
269442529|
269442530|
269442531|
269442532|
269442533|
269442534|
269442535|
269442560|
269442561|
269442562|
269442563|
269442564|
269442565|
269442566|
269442567|
269442592|
269442593|
269442594|
269442595|
269442596|
269442597|
269442598|
269442599|
269442624|
269442625|
269442626|
269442627|
269442628|
269442629|
269442630|
269442631|
269442656|
269442657|
269442658|
269442659|
269442660|
269442661|
