134208225|
134208226|
134208227|
134208228|
134208229|
134208230|
134208231|
134208256|
134208257|
134208258|
134208259|
134208260|
134208261|
134208262|
134208263|
134208288|
134208289|
134208290|
134208291|
134208292|
134208293|
134208294|
134208295|
134208320|
134208321|
134208322|
134208323|
134208324|
134208325|
134208326|
134208327|
134208352|
134208353|
134208354|
134208355|
134208356|
134208357|
134208358|
134208359|
134208384|
134208385|
134208386|
134208387|
134208388|
134208389|
134208390|
134208391|
134208416|
134208417|
134208418|
134208419|
134208420|
134208421|
134208422|
134208423|
134208448|
134208449|
134208450|
134208451|
134208452|
134208453|
134208454|
134208455|
134208480|
134208481|
134208482|
134208483|
134208484|
134208485|
134208486|
134208487|
134208512|
134208513|
134208514|
134208515|
134208516|
134208517|
134208518|
134208519|
134208544|
134208545|
134208546|
134208547|
134208548|
134208549|
134208550|
134208551|
134208576|
134208577|
134208578|
134208579|
134208580|
134208581|
134208582|
134208583|
134208608|
134208609|
134208610|
134208611|
134208612|
