414084|
414085|
414086|
414087|
414112|
414113|
414114|
414115|
414116|
414117|
414118|
414119|
414144|
414145|
414146|
414147|
414148|
414149|
414150|
414151|
414176|
414177|
414178|
414179|
414180|
414181|
414182|
414183|
414208|
414209|
414210|
414211|
414212|
414213|
414214|
414215|
414240|
414241|
414242|
414243|
414244|
414245|
414246|
414247|
414272|
414273|
414274|
414275|
414276|
414277|
414278|
414279|
414304|
414305|
414306|
414307|
414308|
414309|
414310|
414311|
414336|
414337|
414338|
414339|
414340|
414341|
414342|
414343|
414368|
414369|
414370|
414371|
414372|
414373|
414374|
414375|
414400|
414401|
414402|
414403|
414404|
414405|
414406|
414407|
414432|
414433|
414434|
414435|
414436|
414437|
414438|
414439|
414464|
414465|
414466|
414467|
414468|
414469|
414470|
414471|
