216037|
216038|
216039|
216064|
216065|
216066|
216067|
216068|
216069|
216070|
216071|
216096|
216097|
216098|
216099|
216100|
216101|
216102|
216103|
216128|
216129|
216130|
216131|
216132|
216133|
216134|
216135|
216160|
216161|
216162|
216163|
216164|
216165|
216166|
216167|
216192|
216193|
216194|
216195|
216196|
216197|
216198|
216199|
216224|
216225|
216226|
216227|
216228|
216229|
216230|
216231|
216256|
216257|
216258|
216259|
216260|
216261|
216262|
216263|
216288|
216289|
216290|
216291|
216292|
216293|
216294|
216295|
216320|
216321|
216322|
216323|
216324|
216325|
216326|
216327|
216352|
216353|
216354|
216355|
216356|
216357|
216358|
216359|
216384|
216385|
216386|
216387|
216388|
216389|
216390|
216391|
216416|
216417|
216418|
216419|
216420|
216421|
216422|
216423|
216448|
