234050|
234051|
234052|
234053|
234054|
234055|
234080|
234081|
234082|
234083|
234084|
234085|
234086|
234087|
234112|
234113|
234114|
234115|
234116|
234117|
234118|
234119|
234144|
234145|
234146|
234147|
234148|
234149|
234150|
234151|
234176|
234177|
234178|
234179|
234180|
234181|
234182|
234183|
234208|
234209|
234210|
234211|
234212|
234213|
234214|
234215|
234240|
234241|
234242|
234243|
234244|
234245|
234246|
234247|
234272|
234273|
234274|
234275|
234276|
234277|
234278|
234279|
234304|
234305|
234306|
234307|
234308|
234309|
234310|
234311|
234336|
234337|
234338|
234339|
234340|
234341|
234342|
234343|
234368|
234369|
234370|
234371|
234372|
234373|
234374|
234375|
234400|
234401|
234402|
234403|
234404|
234405|
234406|
234407|
234432|
234433|
234434|
234435|
234436|
234437|
