134190212|
134190213|
134190214|
134190215|
134190240|
134190241|
134190242|
134190243|
134190244|
134190245|
134190246|
134190247|
134190272|
134190273|
134190274|
134190275|
134190276|
134190277|
134190278|
134190279|
134190304|
134190305|
134190306|
134190307|
134190308|
134190309|
134190310|
134190311|
134190336|
134190337|
134190338|
134190339|
134190340|
134190341|
134190342|
134190343|
134190368|
134190369|
134190370|
134190371|
134190372|
134190373|
134190374|
134190375|
134190400|
134190401|
134190402|
134190403|
134190404|
134190405|
134190406|
134190407|
134190432|
134190433|
134190434|
134190435|
134190436|
134190437|
134190438|
134190439|
134190464|
134190465|
134190466|
134190467|
134190468|
134190469|
134190470|
134190471|
134190496|
134190497|
134190498|
134190499|
134190500|
134190501|
134190502|
134190503|
134190528|
134190529|
134190530|
134190531|
134190532|
134190533|
134190534|
134190535|
134190560|
134190561|
134190562|
134190563|
134190564|
134190565|
134190566|
134190567|
134190592|
134190593|
134190594|
134190595|
134190596|
134190597|
134190598|
134190599|
