134766340|
134766341|
134766342|
134766343|
134766368|
134766369|
134766370|
134766371|
134766372|
134766373|
134766374|
134766375|
134766400|
134766401|
134766402|
134766403|
134766404|
134766405|
134766406|
134766407|
134766432|
134766433|
134766434|
134766435|
134766436|
134766437|
134766438|
134766439|
134766464|
134766465|
134766466|
134766467|
134766468|
134766469|
134766470|
134766471|
134766496|
134766497|
134766498|
134766499|
134766500|
134766501|
134766502|
134766503|
134766528|
134766529|
134766530|
134766531|
134766532|
134766533|
134766534|
134766535|
134766560|
134766561|
134766562|
134766563|
134766564|
134766565|
134766566|
134766567|
134766592|
134766593|
134766594|
134766595|
134766596|
134766597|
134766598|
134766599|
134766624|
134766625|
134766626|
134766627|
134766628|
134766629|
134766630|
134766631|
134766656|
134766657|
134766658|
134766659|
134766660|
134766661|
134766662|
134766663|
134766688|
134766689|
134766690|
134766691|
134766692|
134766693|
134766694|
134766695|
134766720|
134766721|
134766722|
134766723|
134766724|
134766725|
134766726|
134766727|
