134874370|
134874371|
134874372|
134874373|
134874374|
134874375|
134874400|
134874401|
134874402|
134874403|
134874404|
134874405|
134874406|
134874407|
134874432|
134874433|
134874434|
134874435|
134874436|
134874437|
134874438|
134874439|
134874464|
134874465|
134874466|
134874467|
134874468|
134874469|
134874470|
134874471|
134874496|
134874497|
134874498|
134874499|
134874500|
134874501|
134874502|
134874503|
134874528|
134874529|
134874530|
134874531|
134874532|
134874533|
134874534|
134874535|
134874560|
134874561|
134874562|
134874563|
134874564|
134874565|
134874566|
134874567|
134874592|
134874593|
134874594|
134874595|
134874596|
134874597|
134874598|
134874599|
134874624|
134874625|
134874626|
134874627|
134874628|
134874629|
134874630|
134874631|
134874656|
134874657|
134874658|
134874659|
134874660|
134874661|
134874662|
134874663|
134874688|
134874689|
134874690|
134874691|
134874692|
134874693|
134874694|
134874695|
134874720|
134874721|
134874722|
134874723|
134874724|
134874725|
134874726|
134874727|
134874752|
134874753|
134874754|
134874755|
134874756|
134874757|
