1692359|
1692384|
1692385|
1692386|
1692387|
1692388|
1692389|
1692390|
1692391|
1692416|
1692417|
1692418|
1692419|
1692420|
1692421|
1692422|
1692423|
1692448|
1692449|
1692450|
1692451|
1692452|
1692453|
1692454|
1692455|
1692480|
1692481|
1692482|
1692483|
1692484|
1692485|
1692486|
1692487|
1692512|
1692513|
1692514|
1692515|
1692516|
1692517|
1692518|
1692519|
1692544|
1692545|
1692546|
1692547|
1692548|
1692549|
1692550|
1692551|
1692576|
1692577|
1692578|
1692579|
1692580|
1692581|
1692582|
1692583|
1692608|
1692609|
1692610|
1692611|
1692612|
1692613|
1692614|
1692615|
1692640|
1692641|
1692642|
1692643|
1692644|
1692645|
1692646|
1692647|
1692672|
1692673|
1692674|
1692675|
1692676|
1692677|
1692678|
1692679|
1692704|
1692705|
1692706|
1692707|
1692708|
1692709|
1692710|
1692711|
1692736|
1692737|
1692738|
1692739|
1692740|
1692741|
1692742|
1692743|
1692768|
1692769|
1692770|
