134640321|
134640322|
134640323|
134640324|
134640325|
134640326|
134640327|
134640352|
134640353|
134640354|
134640355|
134640356|
134640357|
134640358|
134640359|
134640384|
134640385|
134640386|
134640387|
134640388|
134640389|
134640390|
134640391|
134640416|
134640417|
134640418|
134640419|
134640420|
134640421|
134640422|
134640423|
134640448|
134640449|
134640450|
134640451|
134640452|
134640453|
134640454|
134640455|
134640480|
134640481|
134640482|
134640483|
134640484|
134640485|
134640486|
134640487|
134640512|
134640513|
134640514|
134640515|
134640516|
134640517|
134640518|
134640519|
134640544|
134640545|
134640546|
134640547|
134640548|
134640549|
134640550|
134640551|
134640576|
134640577|
134640578|
134640579|
134640580|
134640581|
134640582|
134640583|
134640608|
134640609|
134640610|
134640611|
134640612|
134640613|
134640614|
134640615|
134640640|
134640641|
134640642|
134640643|
134640644|
134640645|
134640646|
134640647|
134640672|
134640673|
134640674|
134640675|
134640676|
134640677|
134640678|
134640679|
134640704|
134640705|
134640706|
134640707|
134640708|
