268398048|
268398049|
268398050|
268398051|
268398052|
268398053|
268398054|
268398055|
268398080|
268398081|
268398082|
268398083|
268398084|
268398085|
268398086|
268398087|
268398112|
268398113|
268398114|
268398115|
268398116|
268398117|
268398118|
268398119|
268398144|
268398145|
268398146|
268398147|
268398148|
268398149|
268398150|
268398151|
268398176|
268398177|
268398178|
268398179|
268398180|
268398181|
268398182|
268398183|
268398208|
268398209|
268398210|
268398211|
268398212|
268398213|
268398214|
268398215|
268398240|
268398241|
268398242|
268398243|
268398244|
268398245|
268398246|
268398247|
268398272|
268398273|
268398274|
268398275|
268398276|
268398277|
268398278|
268398279|
268398304|
268398305|
268398306|
268398307|
268398308|
268398309|
268398310|
268398311|
268398336|
268398337|
268398338|
268398339|
268398340|
268398341|
268398342|
268398343|
268398368|
268398369|
268398370|
268398371|
268398372|
268398373|
268398374|
268398375|
268398400|
268398401|
268398402|
268398403|
268398404|
268398405|
268398406|
268398407|
268398432|
268398433|
268398434|
268398435|
