133848133|
133848134|
133848135|
133848160|
133848161|
133848162|
133848163|
133848164|
133848165|
133848166|
133848167|
133848192|
133848193|
133848194|
133848195|
133848196|
133848197|
133848198|
133848199|
133848224|
133848225|
133848226|
133848227|
133848228|
133848229|
133848230|
133848231|
133848256|
133848257|
133848258|
133848259|
133848260|
133848261|
133848262|
133848263|
133848288|
133848289|
133848290|
133848291|
133848292|
133848293|
133848294|
133848295|
133848320|
133848321|
133848322|
133848323|
133848324|
133848325|
133848326|
133848327|
133848352|
133848353|
133848354|
133848355|
133848356|
133848357|
133848358|
133848359|
133848384|
133848385|
133848386|
133848387|
133848388|
133848389|
133848390|
133848391|
133848416|
133848417|
133848418|
133848419|
133848420|
133848421|
133848422|
133848423|
133848448|
133848449|
133848450|
133848451|
133848452|
133848453|
133848454|
133848455|
133848480|
133848481|
133848482|
133848483|
133848484|
133848485|
133848486|
133848487|
133848512|
133848513|
133848514|
133848515|
133848516|
133848517|
133848518|
133848519|
133848544|
