1440321|
1440322|
1440323|
1440324|
1440325|
1440326|
1440327|
1440352|
1440353|
1440354|
1440355|
1440356|
1440357|
1440358|
1440359|
1440384|
1440385|
1440386|
1440387|
1440388|
1440389|
1440390|
1440391|
1440416|
1440417|
1440418|
1440419|
1440420|
1440421|
1440422|
1440423|
1440448|
1440449|
1440450|
1440451|
1440452|
1440453|
1440454|
1440455|
1440480|
1440481|
1440482|
1440483|
1440484|
1440485|
1440486|
1440487|
1440512|
1440513|
1440514|
1440515|
1440516|
1440517|
1440518|
1440519|
1440544|
1440545|
1440546|
1440547|
1440548|
1440549|
1440550|
1440551|
1440576|
1440577|
1440578|
1440579|
1440580|
1440581|
1440582|
1440583|
1440608|
1440609|
1440610|
1440611|
1440612|
1440613|
1440614|
1440615|
1440640|
1440641|
1440642|
1440643|
1440644|
1440645|
1440646|
1440647|
1440672|
1440673|
1440674|
1440675|
1440676|
1440677|
1440678|
1440679|
1440704|
1440705|
1440706|
1440707|
1440708|
