1404295|
1404320|
1404321|
1404322|
1404323|
1404324|
1404325|
1404326|
1404327|
1404352|
1404353|
1404354|
1404355|
1404356|
1404357|
1404358|
1404359|
1404384|
1404385|
1404386|
1404387|
1404388|
1404389|
1404390|
1404391|
1404416|
1404417|
1404418|
1404419|
1404420|
1404421|
1404422|
1404423|
1404448|
1404449|
1404450|
1404451|
1404452|
1404453|
1404454|
1404455|
1404480|
1404481|
1404482|
1404483|
1404484|
1404485|
1404486|
1404487|
1404512|
1404513|
1404514|
1404515|
1404516|
1404517|
1404518|
1404519|
1404544|
1404545|
1404546|
1404547|
1404548|
1404549|
1404550|
1404551|
1404576|
1404577|
1404578|
1404579|
1404580|
1404581|
1404582|
1404583|
1404608|
1404609|
1404610|
1404611|
1404612|
1404613|
1404614|
1404615|
1404640|
1404641|
1404642|
1404643|
1404644|
1404645|
1404646|
1404647|
1404672|
1404673|
1404674|
1404675|
1404676|
1404677|
1404678|
1404679|
1404704|
1404705|
1404706|
