269478276|
269478277|
269478278|
269478279|
269478304|
269478305|
269478306|
269478307|
269478308|
269478309|
269478310|
269478311|
269478336|
269478337|
269478338|
269478339|
269478340|
269478341|
269478342|
269478343|
269478368|
269478369|
269478370|
269478371|
269478372|
269478373|
269478374|
269478375|
269478400|
269478401|
269478402|
269478403|
269478404|
269478405|
269478406|
269478407|
269478432|
269478433|
269478434|
269478435|
269478436|
269478437|
269478438|
269478439|
269478464|
269478465|
269478466|
269478467|
269478468|
269478469|
269478470|
269478471|
269478496|
269478497|
269478498|
269478499|
269478500|
269478501|
269478502|
269478503|
269478528|
269478529|
269478530|
269478531|
269478532|
269478533|
269478534|
269478535|
269478560|
269478561|
269478562|
269478563|
269478564|
269478565|
269478566|
269478567|
269478592|
269478593|
269478594|
269478595|
269478596|
269478597|
269478598|
269478599|
269478624|
269478625|
269478626|
269478627|
269478628|
269478629|
269478630|
269478631|
269478656|
269478657|
269478658|
269478659|
269478660|
269478661|
269478662|
269478663|
