268668099|
268668100|
268668101|
268668102|
268668103|
268668128|
268668129|
268668130|
268668131|
268668132|
268668133|
268668134|
268668135|
268668160|
268668161|
268668162|
268668163|
268668164|
268668165|
268668166|
268668167|
268668192|
268668193|
268668194|
268668195|
268668196|
268668197|
268668198|
268668199|
268668224|
268668225|
268668226|
268668227|
268668228|
268668229|
268668230|
268668231|
268668256|
268668257|
268668258|
268668259|
268668260|
268668261|
268668262|
268668263|
268668288|
268668289|
268668290|
268668291|
268668292|
268668293|
268668294|
268668295|
268668320|
268668321|
268668322|
268668323|
268668324|
268668325|
268668326|
268668327|
268668352|
268668353|
268668354|
268668355|
268668356|
268668357|
268668358|
268668359|
268668384|
268668385|
268668386|
268668387|
268668388|
268668389|
268668390|
268668391|
268668416|
268668417|
268668418|
268668419|
268668420|
268668421|
268668422|
268668423|
268668448|
268668449|
268668450|
268668451|
268668452|
268668453|
268668454|
268668455|
268668480|
268668481|
268668482|
268668483|
268668484|
268668485|
268668486|
