268416037|
268416038|
268416039|
268416064|
268416065|
268416066|
268416067|
268416068|
268416069|
268416070|
268416071|
268416096|
268416097|
268416098|
268416099|
268416100|
268416101|
268416102|
268416103|
268416128|
268416129|
268416130|
268416131|
268416132|
268416133|
268416134|
268416135|
268416160|
268416161|
268416162|
268416163|
268416164|
268416165|
268416166|
268416167|
268416192|
268416193|
268416194|
268416195|
268416196|
268416197|
268416198|
268416199|
268416224|
268416225|
268416226|
268416227|
268416228|
268416229|
268416230|
268416231|
268416256|
268416257|
268416258|
268416259|
268416260|
268416261|
268416262|
268416263|
268416288|
268416289|
268416290|
268416291|
268416292|
268416293|
268416294|
268416295|
268416320|
268416321|
268416322|
268416323|
268416324|
268416325|
268416326|
268416327|
268416352|
268416353|
268416354|
268416355|
268416356|
268416357|
268416358|
268416359|
268416384|
268416385|
268416386|
268416387|
268416388|
268416389|
268416390|
268416391|
268416416|
268416417|
268416418|
268416419|
268416420|
268416421|
268416422|
268416423|
268416448|
