268992165|
268992166|
268992167|
268992192|
268992193|
268992194|
268992195|
268992196|
268992197|
268992198|
268992199|
268992224|
268992225|
268992226|
268992227|
268992228|
268992229|
268992230|
268992231|
268992256|
268992257|
268992258|
268992259|
268992260|
268992261|
268992262|
268992263|
268992288|
268992289|
268992290|
268992291|
268992292|
268992293|
268992294|
268992295|
268992320|
268992321|
268992322|
268992323|
268992324|
268992325|
268992326|
268992327|
268992352|
268992353|
268992354|
268992355|
268992356|
268992357|
268992358|
268992359|
268992384|
268992385|
268992386|
268992387|
268992388|
268992389|
268992390|
268992391|
268992416|
268992417|
268992418|
268992419|
268992420|
268992421|
268992422|
268992423|
268992448|
268992449|
268992450|
268992451|
268992452|
268992453|
268992454|
268992455|
268992480|
268992481|
268992482|
268992483|
268992484|
268992485|
268992486|
268992487|
268992512|
268992513|
268992514|
268992515|
268992516|
268992517|
268992518|
268992519|
268992544|
268992545|
268992546|
268992547|
268992548|
268992549|
268992550|
268992551|
268992576|
