268920161|
268920162|
268920163|
268920164|
268920165|
268920166|
268920167|
268920192|
268920193|
268920194|
268920195|
268920196|
268920197|
268920198|
268920199|
268920224|
268920225|
268920226|
268920227|
268920228|
268920229|
268920230|
268920231|
268920256|
268920257|
268920258|
268920259|
268920260|
268920261|
268920262|
268920263|
268920288|
268920289|
268920290|
268920291|
268920292|
268920293|
268920294|
268920295|
268920320|
268920321|
268920322|
268920323|
268920324|
268920325|
268920326|
268920327|
268920352|
268920353|
268920354|
268920355|
268920356|
268920357|
268920358|
268920359|
268920384|
268920385|
268920386|
268920387|
268920388|
268920389|
268920390|
268920391|
268920416|
268920417|
268920418|
268920419|
268920420|
268920421|
268920422|
268920423|
268920448|
268920449|
268920450|
268920451|
268920452|
268920453|
268920454|
268920455|
268920480|
268920481|
268920482|
268920483|
268920484|
268920485|
268920486|
268920487|
268920512|
268920513|
268920514|
268920515|
268920516|
268920517|
268920518|
268920519|
268920544|
268920545|
268920546|
268920547|
268920548|
