133668099|
133668100|
133668101|
133668102|
133668103|
133668128|
133668129|
133668130|
133668131|
133668132|
133668133|
133668134|
133668135|
133668160|
133668161|
133668162|
133668163|
133668164|
133668165|
133668166|
133668167|
133668192|
133668193|
133668194|
133668195|
133668196|
133668197|
133668198|
133668199|
133668224|
133668225|
133668226|
133668227|
133668228|
133668229|
133668230|
133668231|
133668256|
133668257|
133668258|
133668259|
133668260|
133668261|
133668262|
133668263|
133668288|
133668289|
133668290|
133668291|
133668292|
133668293|
133668294|
133668295|
133668320|
133668321|
133668322|
133668323|
133668324|
133668325|
133668326|
133668327|
133668352|
133668353|
133668354|
133668355|
133668356|
133668357|
133668358|
133668359|
133668384|
133668385|
133668386|
133668387|
133668388|
133668389|
133668390|
133668391|
133668416|
133668417|
133668418|
133668419|
133668420|
133668421|
133668422|
133668423|
133668448|
133668449|
133668450|
133668451|
133668452|
133668453|
133668454|
133668455|
133668480|
133668481|
133668482|
133668483|
133668484|
133668485|
133668486|
