133398048|
133398049|
133398050|
133398051|
133398052|
133398053|
133398054|
133398055|
133398080|
133398081|
133398082|
133398083|
133398084|
133398085|
133398086|
133398087|
133398112|
133398113|
133398114|
133398115|
133398116|
133398117|
133398118|
133398119|
133398144|
133398145|
133398146|
133398147|
133398148|
133398149|
133398150|
133398151|
133398176|
133398177|
133398178|
133398179|
133398180|
133398181|
133398182|
133398183|
133398208|
133398209|
133398210|
133398211|
133398212|
133398213|
133398214|
133398215|
133398240|
133398241|
133398242|
133398243|
133398244|
133398245|
133398246|
133398247|
133398272|
133398273|
133398274|
133398275|
133398276|
133398277|
133398278|
133398279|
133398304|
133398305|
133398306|
133398307|
133398308|
133398309|
133398310|
133398311|
133398336|
133398337|
133398338|
133398339|
133398340|
133398341|
133398342|
133398343|
133398368|
133398369|
133398370|
133398371|
133398372|
133398373|
133398374|
133398375|
133398400|
133398401|
133398402|
133398403|
133398404|
133398405|
133398406|
133398407|
133398432|
133398433|
133398434|
133398435|
