268560069|
268560070|
268560071|
268560096|
268560097|
268560098|
268560099|
268560100|
268560101|
268560102|
268560103|
268560128|
268560129|
268560130|
268560131|
268560132|
268560133|
268560134|
268560135|
268560160|
268560161|
268560162|
268560163|
268560164|
268560165|
268560166|
268560167|
268560192|
268560193|
268560194|
268560195|
268560196|
268560197|
268560198|
268560199|
268560224|
268560225|
268560226|
268560227|
268560228|
268560229|
268560230|
268560231|
268560256|
268560257|
268560258|
268560259|
268560260|
268560261|
268560262|
268560263|
268560288|
268560289|
268560290|
268560291|
268560292|
268560293|
268560294|
268560295|
268560320|
268560321|
268560322|
268560323|
268560324|
268560325|
268560326|
268560327|
268560352|
268560353|
268560354|
268560355|
268560356|
268560357|
268560358|
268560359|
268560384|
268560385|
268560386|
268560387|
268560388|
268560389|
268560390|
268560391|
268560416|
268560417|
268560418|
268560419|
268560420|
268560421|
268560422|
268560423|
268560448|
268560449|
268560450|
268560451|
268560452|
268560453|
268560454|
268560455|
268560480|
