269604295|
269604320|
269604321|
269604322|
269604323|
269604324|
269604325|
269604326|
269604327|
269604352|
269604353|
269604354|
269604355|
269604356|
269604357|
269604358|
269604359|
269604384|
269604385|
269604386|
269604387|
269604388|
269604389|
269604390|
269604391|
269604416|
269604417|
269604418|
269604419|
269604420|
269604421|
269604422|
269604423|
269604448|
269604449|
269604450|
269604451|
269604452|
269604453|
269604454|
269604455|
269604480|
269604481|
269604482|
269604483|
269604484|
269604485|
269604486|
269604487|
269604512|
269604513|
269604514|
269604515|
269604516|
269604517|
269604518|
269604519|
269604544|
269604545|
269604546|
269604547|
269604548|
269604549|
269604550|
269604551|
269604576|
269604577|
269604578|
269604579|
269604580|
269604581|
269604582|
269604583|
269604608|
269604609|
269604610|
269604611|
269604612|
269604613|
269604614|
269604615|
269604640|
269604641|
269604642|
269604643|
269604644|
269604645|
269604646|
269604647|
269604672|
269604673|
269604674|
269604675|
269604676|
269604677|
269604678|
269604679|
269604704|
269604705|
269604706|
