133452039|
133452064|
133452065|
133452066|
133452067|
133452068|
133452069|
133452070|
133452071|
133452096|
133452097|
133452098|
133452099|
133452100|
133452101|
133452102|
133452103|
133452128|
133452129|
133452130|
133452131|
133452132|
133452133|
133452134|
133452135|
133452160|
133452161|
133452162|
133452163|
133452164|
133452165|
133452166|
133452167|
133452192|
133452193|
133452194|
133452195|
133452196|
133452197|
133452198|
133452199|
133452224|
133452225|
133452226|
133452227|
133452228|
133452229|
133452230|
133452231|
133452256|
133452257|
133452258|
133452259|
133452260|
133452261|
133452262|
133452263|
133452288|
133452289|
133452290|
133452291|
133452292|
133452293|
133452294|
133452295|
133452320|
133452321|
133452322|
133452323|
133452324|
133452325|
133452326|
133452327|
133452352|
133452353|
133452354|
133452355|
133452356|
133452357|
133452358|
133452359|
133452384|
133452385|
133452386|
133452387|
133452388|
133452389|
133452390|
133452391|
133452416|
133452417|
133452418|
133452419|
133452420|
133452421|
133452422|
133452423|
133452448|
133452449|
133452450|
