268470052|
268470053|
268470054|
268470055|
268470080|
268470081|
268470082|
268470083|
268470084|
268470085|
268470086|
268470087|
268470112|
268470113|
268470114|
268470115|
268470116|
268470117|
268470118|
268470119|
268470144|
268470145|
268470146|
268470147|
268470148|
268470149|
268470150|
268470151|
268470176|
268470177|
268470178|
268470179|
268470180|
268470181|
268470182|
268470183|
268470208|
268470209|
268470210|
268470211|
268470212|
268470213|
268470214|
268470215|
268470240|
268470241|
268470242|
268470243|
268470244|
268470245|
268470246|
268470247|
268470272|
268470273|
268470274|
268470275|
268470276|
268470277|
268470278|
268470279|
268470304|
268470305|
268470306|
268470307|
268470308|
268470309|
268470310|
268470311|
268470336|
268470337|
268470338|
268470339|
268470340|
268470341|
268470342|
268470343|
268470368|
268470369|
268470370|
268470371|
268470372|
268470373|
268470374|
268470375|
268470400|
268470401|
268470402|
268470403|
268470404|
268470405|
268470406|
268470407|
268470432|
268470433|
268470434|
268470435|
268470436|
268470437|
268470438|
268470439|
