133632097|
133632098|
133632099|
133632100|
133632101|
133632102|
133632103|
133632128|
133632129|
133632130|
133632131|
133632132|
133632133|
133632134|
133632135|
133632160|
133632161|
133632162|
133632163|
133632164|
133632165|
133632166|
133632167|
133632192|
133632193|
133632194|
133632195|
133632196|
133632197|
133632198|
133632199|
133632224|
133632225|
133632226|
133632227|
133632228|
133632229|
133632230|
133632231|
133632256|
133632257|
133632258|
133632259|
133632260|
133632261|
133632262|
133632263|
133632288|
133632289|
133632290|
133632291|
133632292|
133632293|
133632294|
133632295|
133632320|
133632321|
133632322|
133632323|
133632324|
133632325|
133632326|
133632327|
133632352|
133632353|
133632354|
133632355|
133632356|
133632357|
133632358|
133632359|
133632384|
133632385|
133632386|
133632387|
133632388|
133632389|
133632390|
133632391|
133632416|
133632417|
133632418|
133632419|
133632420|
133632421|
133632422|
133632423|
133632448|
133632449|
133632450|
133632451|
133632452|
133632453|
133632454|
133632455|
133632480|
133632481|
133632482|
133632483|
133632484|
