288065|
288066|
288067|
288068|
288069|
288070|
288071|
288096|
288097|
288098|
288099|
288100|
288101|
288102|
288103|
288128|
288129|
288130|
288131|
288132|
288133|
288134|
288135|
288160|
288161|
288162|
288163|
288164|
288165|
288166|
288167|
288192|
288193|
288194|
288195|
288196|
288197|
288198|
288199|
288224|
288225|
288226|
288227|
288228|
288229|
288230|
288231|
288256|
288257|
288258|
288259|
288260|
288261|
288262|
288263|
288288|
288289|
288290|
288291|
288292|
288293|
288294|
288295|
288320|
288321|
288322|
288323|
288324|
288325|
288326|
288327|
288352|
288353|
288354|
288355|
288356|
288357|
288358|
288359|
288384|
288385|
288386|
288387|
288388|
288389|
288390|
288391|
288416|
288417|
288418|
288419|
288420|
288421|
288422|
288423|
288448|
288449|
288450|
288451|
288452|
