1278276|
1278277|
1278278|
1278279|
1278304|
1278305|
1278306|
1278307|
1278308|
1278309|
1278310|
1278311|
1278336|
1278337|
1278338|
1278339|
1278340|
1278341|
1278342|
1278343|
1278368|
1278369|
1278370|
1278371|
1278372|
1278373|
1278374|
1278375|
1278400|
1278401|
1278402|
1278403|
1278404|
1278405|
1278406|
1278407|
1278432|
1278433|
1278434|
1278435|
1278436|
1278437|
1278438|
1278439|
1278464|
1278465|
1278466|
1278467|
1278468|
1278469|
1278470|
1278471|
1278496|
1278497|
1278498|
1278499|
1278500|
1278501|
1278502|
1278503|
1278528|
1278529|
1278530|
1278531|
1278532|
1278533|
1278534|
1278535|
1278560|
1278561|
1278562|
1278563|
1278564|
1278565|
1278566|
1278567|
1278592|
1278593|
1278594|
1278595|
1278596|
1278597|
1278598|
1278599|
1278624|
1278625|
1278626|
1278627|
1278628|
1278629|
1278630|
1278631|
1278656|
1278657|
1278658|
1278659|
1278660|
1278661|
1278662|
1278663|
