468099|
468100|
468101|
468102|
468103|
468128|
468129|
468130|
468131|
468132|
468133|
468134|
468135|
468160|
468161|
468162|
468163|
468164|
468165|
468166|
468167|
468192|
468193|
468194|
468195|
468196|
468197|
468198|
468199|
468224|
468225|
468226|
468227|
468228|
468229|
468230|
468231|
468256|
468257|
468258|
468259|
468260|
468261|
468262|
468263|
468288|
468289|
468290|
468291|
468292|
468293|
468294|
468295|
468320|
468321|
468322|
468323|
468324|
468325|
468326|
468327|
468352|
468353|
468354|
468355|
468356|
468357|
468358|
468359|
468384|
468385|
468386|
468387|
468388|
468389|
468390|
468391|
468416|
468417|
468418|
468419|
468420|
468421|
468422|
468423|
468448|
468449|
468450|
468451|
468452|
468453|
468454|
468455|
468480|
468481|
468482|
468483|
468484|
468485|
468486|
