774176|
774177|
774178|
774179|
774180|
774181|
774182|
774183|
774208|
774209|
774210|
774211|
774212|
774213|
774214|
774215|
774240|
774241|
774242|
774243|
774244|
774245|
774246|
774247|
774272|
774273|
774274|
774275|
774276|
774277|
774278|
774279|
774304|
774305|
774306|
774307|
774308|
774309|
774310|
774311|
774336|
774337|
774338|
774339|
774340|
774341|
774342|
774343|
774368|
774369|
774370|
774371|
774372|
774373|
774374|
774375|
774400|
774401|
774402|
774403|
774404|
774405|
774406|
774407|
774432|
774433|
774434|
774435|
774436|
774437|
774438|
774439|
774464|
774465|
774466|
774467|
774468|
774469|
774470|
774471|
774496|
774497|
774498|
774499|
774500|
774501|
774502|
774503|
774528|
774529|
774530|
774531|
774532|
774533|
774534|
774535|
774560|
774561|
774562|
774563|
