268902148|
268902149|
268902150|
268902151|
268902176|
268902177|
268902178|
268902179|
268902180|
268902181|
268902182|
268902183|
268902208|
268902209|
268902210|
268902211|
268902212|
268902213|
268902214|
268902215|
268902240|
268902241|
268902242|
268902243|
268902244|
268902245|
268902246|
268902247|
268902272|
268902273|
268902274|
268902275|
268902276|
268902277|
268902278|
268902279|
268902304|
268902305|
268902306|
268902307|
268902308|
268902309|
268902310|
268902311|
268902336|
268902337|
268902338|
268902339|
268902340|
268902341|
268902342|
268902343|
268902368|
268902369|
268902370|
268902371|
268902372|
268902373|
268902374|
268902375|
268902400|
268902401|
268902402|
268902403|
268902404|
268902405|
268902406|
268902407|
268902432|
268902433|
268902434|
268902435|
268902436|
268902437|
268902438|
268902439|
268902464|
268902465|
268902466|
268902467|
268902468|
268902469|
268902470|
268902471|
268902496|
268902497|
268902498|
268902499|
268902500|
268902501|
268902502|
268902503|
268902528|
268902529|
268902530|
268902531|
268902532|
268902533|
268902534|
268902535|
