268776129|
268776130|
268776131|
268776132|
268776133|
268776134|
268776135|
268776160|
268776161|
268776162|
268776163|
268776164|
268776165|
268776166|
268776167|
268776192|
268776193|
268776194|
268776195|
268776196|
268776197|
268776198|
268776199|
268776224|
268776225|
268776226|
268776227|
268776228|
268776229|
268776230|
268776231|
268776256|
268776257|
268776258|
268776259|
268776260|
268776261|
268776262|
268776263|
268776288|
268776289|
268776290|
268776291|
268776292|
268776293|
268776294|
268776295|
268776320|
268776321|
268776322|
268776323|
268776324|
268776325|
268776326|
268776327|
268776352|
268776353|
268776354|
268776355|
268776356|
268776357|
268776358|
268776359|
268776384|
268776385|
268776386|
268776387|
268776388|
268776389|
268776390|
268776391|
268776416|
268776417|
268776418|
268776419|
268776420|
268776421|
268776422|
268776423|
268776448|
268776449|
268776450|
268776451|
268776452|
268776453|
268776454|
268776455|
268776480|
268776481|
268776482|
268776483|
268776484|
268776485|
268776486|
268776487|
268776512|
268776513|
268776514|
268776515|
268776516|
