269676323|
269676324|
269676325|
269676326|
269676327|
269676352|
269676353|
269676354|
269676355|
269676356|
269676357|
269676358|
269676359|
269676384|
269676385|
269676386|
269676387|
269676388|
269676389|
269676390|
269676391|
269676416|
269676417|
269676418|
269676419|
269676420|
269676421|
269676422|
269676423|
269676448|
269676449|
269676450|
269676451|
269676452|
269676453|
269676454|
269676455|
269676480|
269676481|
269676482|
269676483|
269676484|
269676485|
269676486|
269676487|
269676512|
269676513|
269676514|
269676515|
269676516|
269676517|
269676518|
269676519|
269676544|
269676545|
269676546|
269676547|
269676548|
269676549|
269676550|
269676551|
269676576|
269676577|
269676578|
269676579|
269676580|
269676581|
269676582|
269676583|
269676608|
269676609|
269676610|
269676611|
269676612|
269676613|
269676614|
269676615|
269676640|
269676641|
269676642|
269676643|
269676644|
269676645|
269676646|
269676647|
269676672|
269676673|
269676674|
269676675|
269676676|
269676677|
269676678|
269676679|
269676704|
269676705|
269676706|
269676707|
269676708|
269676709|
269676710|
