268938150|
268938151|
268938176|
268938177|
268938178|
268938179|
268938180|
268938181|
268938182|
268938183|
268938208|
268938209|
268938210|
268938211|
268938212|
268938213|
268938214|
268938215|
268938240|
268938241|
268938242|
268938243|
268938244|
268938245|
268938246|
268938247|
268938272|
268938273|
268938274|
268938275|
268938276|
268938277|
268938278|
268938279|
268938304|
268938305|
268938306|
268938307|
268938308|
268938309|
268938310|
268938311|
268938336|
268938337|
268938338|
268938339|
268938340|
268938341|
268938342|
268938343|
268938368|
268938369|
268938370|
268938371|
268938372|
268938373|
268938374|
268938375|
268938400|
268938401|
268938402|
268938403|
268938404|
268938405|
268938406|
268938407|
268938432|
268938433|
268938434|
268938435|
268938436|
268938437|
268938438|
268938439|
268938464|
268938465|
268938466|
268938467|
268938468|
268938469|
268938470|
268938471|
268938496|
268938497|
268938498|
268938499|
268938500|
268938501|
268938502|
268938503|
268938528|
268938529|
268938530|
268938531|
268938532|
268938533|
268938534|
268938535|
268938560|
268938561|
