432097|
432098|
432099|
432100|
432101|
432102|
432103|
432128|
432129|
432130|
432131|
432132|
432133|
432134|
432135|
432160|
432161|
432162|
432163|
432164|
432165|
432166|
432167|
432192|
432193|
432194|
432195|
432196|
432197|
432198|
432199|
432224|
432225|
432226|
432227|
432228|
432229|
432230|
432231|
432256|
432257|
432258|
432259|
432260|
432261|
432262|
432263|
432288|
432289|
432290|
432291|
432292|
432293|
432294|
432295|
432320|
432321|
432322|
432323|
432324|
432325|
432326|
432327|
432352|
432353|
432354|
432355|
432356|
432357|
432358|
432359|
432384|
432385|
432386|
432387|
432388|
432389|
432390|
432391|
432416|
432417|
432418|
432419|
432420|
432421|
432422|
432423|
432448|
432449|
432450|
432451|
432452|
432453|
432454|
432455|
432480|
432481|
432482|
432483|
432484|
