1422308|
1422309|
1422310|
1422311|
1422336|
1422337|
1422338|
1422339|
1422340|
1422341|
1422342|
1422343|
1422368|
1422369|
1422370|
1422371|
1422372|
1422373|
1422374|
1422375|
1422400|
1422401|
1422402|
1422403|
1422404|
1422405|
1422406|
1422407|
1422432|
1422433|
1422434|
1422435|
1422436|
1422437|
1422438|
1422439|
1422464|
1422465|
1422466|
1422467|
1422468|
1422469|
1422470|
1422471|
1422496|
1422497|
1422498|
1422499|
1422500|
1422501|
1422502|
1422503|
1422528|
1422529|
1422530|
1422531|
1422532|
1422533|
1422534|
1422535|
1422560|
1422561|
1422562|
1422563|
1422564|
1422565|
1422566|
1422567|
1422592|
1422593|
1422594|
1422595|
1422596|
1422597|
1422598|
1422599|
1422624|
1422625|
1422626|
1422627|
1422628|
1422629|
1422630|
1422631|
1422656|
1422657|
1422658|
1422659|
1422660|
1422661|
1422662|
1422663|
1422688|
1422689|
1422690|
1422691|
1422692|
1422693|
1422694|
1422695|
