268848133|
268848134|
268848135|
268848160|
268848161|
268848162|
268848163|
268848164|
268848165|
268848166|
268848167|
268848192|
268848193|
268848194|
268848195|
268848196|
268848197|
268848198|
268848199|
268848224|
268848225|
268848226|
268848227|
268848228|
268848229|
268848230|
268848231|
268848256|
268848257|
268848258|
268848259|
268848260|
268848261|
268848262|
268848263|
268848288|
268848289|
268848290|
268848291|
268848292|
268848293|
268848294|
268848295|
268848320|
268848321|
268848322|
268848323|
268848324|
268848325|
268848326|
268848327|
268848352|
268848353|
268848354|
268848355|
268848356|
268848357|
268848358|
268848359|
268848384|
268848385|
268848386|
268848387|
268848388|
268848389|
268848390|
268848391|
268848416|
268848417|
268848418|
268848419|
268848420|
268848421|
268848422|
268848423|
268848448|
268848449|
268848450|
268848451|
268848452|
268848453|
268848454|
268848455|
268848480|
268848481|
268848482|
268848483|
268848484|
268848485|
268848486|
268848487|
268848512|
268848513|
268848514|
268848515|
268848516|
268848517|
268848518|
268848519|
268848544|
