1602342|
1602343|
1602368|
1602369|
1602370|
1602371|
1602372|
1602373|
1602374|
1602375|
1602400|
1602401|
1602402|
1602403|
1602404|
1602405|
1602406|
1602407|
1602432|
1602433|
1602434|
1602435|
1602436|
1602437|
1602438|
1602439|
1602464|
1602465|
1602466|
1602467|
1602468|
1602469|
1602470|
1602471|
1602496|
1602497|
1602498|
1602499|
1602500|
1602501|
1602502|
1602503|
1602528|
1602529|
1602530|
1602531|
1602532|
1602533|
1602534|
1602535|
1602560|
1602561|
1602562|
1602563|
1602564|
1602565|
1602566|
1602567|
1602592|
1602593|
1602594|
1602595|
1602596|
1602597|
1602598|
1602599|
1602624|
1602625|
1602626|
1602627|
1602628|
1602629|
1602630|
1602631|
1602656|
1602657|
1602658|
1602659|
1602660|
1602661|
1602662|
1602663|
1602688|
1602689|
1602690|
1602691|
1602692|
1602693|
1602694|
1602695|
1602720|
1602721|
1602722|
1602723|
1602724|
1602725|
1602726|
1602727|
1602752|
1602753|
