864193|
864194|
864195|
864196|
864197|
864198|
864199|
864224|
864225|
864226|
864227|
864228|
864229|
864230|
864231|
864256|
864257|
864258|
864259|
864260|
864261|
864262|
864263|
864288|
864289|
864290|
864291|
864292|
864293|
864294|
864295|
864320|
864321|
864322|
864323|
864324|
864325|
864326|
864327|
864352|
864353|
864354|
864355|
864356|
864357|
864358|
864359|
864384|
864385|
864386|
864387|
864388|
864389|
864390|
864391|
864416|
864417|
864418|
864419|
864420|
864421|
864422|
864423|
864448|
864449|
864450|
864451|
864452|
864453|
864454|
864455|
864480|
864481|
864482|
864483|
864484|
864485|
864486|
864487|
864512|
864513|
864514|
864515|
864516|
864517|
864518|
864519|
864544|
864545|
864546|
864547|
864548|
864549|
864550|
864551|
864576|
864577|
864578|
864579|
864580|
