133884135|
133884160|
133884161|
133884162|
133884163|
133884164|
133884165|
133884166|
133884167|
133884192|
133884193|
133884194|
133884195|
133884196|
133884197|
133884198|
133884199|
133884224|
133884225|
133884226|
133884227|
133884228|
133884229|
133884230|
133884231|
133884256|
133884257|
133884258|
133884259|
133884260|
133884261|
133884262|
133884263|
133884288|
133884289|
133884290|
133884291|
133884292|
133884293|
133884294|
133884295|
133884320|
133884321|
133884322|
133884323|
133884324|
133884325|
133884326|
133884327|
133884352|
133884353|
133884354|
133884355|
133884356|
133884357|
133884358|
133884359|
133884384|
133884385|
133884386|
133884387|
133884388|
133884389|
133884390|
133884391|
133884416|
133884417|
133884418|
133884419|
133884420|
133884421|
133884422|
133884423|
133884448|
133884449|
133884450|
133884451|
133884452|
133884453|
133884454|
133884455|
133884480|
133884481|
133884482|
133884483|
133884484|
133884485|
133884486|
133884487|
133884512|
133884513|
133884514|
133884515|
133884516|
133884517|
133884518|
133884519|
133884544|
133884545|
133884546|
