133470052|
133470053|
133470054|
133470055|
133470080|
133470081|
133470082|
133470083|
133470084|
133470085|
133470086|
133470087|
133470112|
133470113|
133470114|
133470115|
133470116|
133470117|
133470118|
133470119|
133470144|
133470145|
133470146|
133470147|
133470148|
133470149|
133470150|
133470151|
133470176|
133470177|
133470178|
133470179|
133470180|
133470181|
133470182|
133470183|
133470208|
133470209|
133470210|
133470211|
133470212|
133470213|
133470214|
133470215|
133470240|
133470241|
133470242|
133470243|
133470244|
133470245|
133470246|
133470247|
133470272|
133470273|
133470274|
133470275|
133470276|
133470277|
133470278|
133470279|
133470304|
133470305|
133470306|
133470307|
133470308|
133470309|
133470310|
133470311|
133470336|
133470337|
133470338|
133470339|
133470340|
133470341|
133470342|
133470343|
133470368|
133470369|
133470370|
133470371|
133470372|
133470373|
133470374|
133470375|
133470400|
133470401|
133470402|
133470403|
133470404|
133470405|
133470406|
133470407|
133470432|
133470433|
133470434|
133470435|
133470436|
133470437|
133470438|
133470439|
