576129|
576130|
576131|
576132|
576133|
576134|
576135|
576160|
576161|
576162|
576163|
576164|
576165|
576166|
576167|
576192|
576193|
576194|
576195|
576196|
576197|
576198|
576199|
576224|
576225|
576226|
576227|
576228|
576229|
576230|
576231|
576256|
576257|
576258|
576259|
576260|
576261|
576262|
576263|
576288|
576289|
576290|
576291|
576292|
576293|
576294|
576295|
576320|
576321|
576322|
576323|
576324|
576325|
576326|
576327|
576352|
576353|
576354|
576355|
576356|
576357|
576358|
576359|
576384|
576385|
576386|
576387|
576388|
576389|
576390|
576391|
576416|
576417|
576418|
576419|
576420|
576421|
576422|
576423|
576448|
576449|
576450|
576451|
576452|
576453|
576454|
576455|
576480|
576481|
576482|
576483|
576484|
576485|
576486|
576487|
576512|
576513|
576514|
576515|
576516|
