269730338|
269730339|
269730340|
269730341|
269730342|
269730343|
269730368|
269730369|
269730370|
269730371|
269730372|
269730373|
269730374|
269730375|
269730400|
269730401|
269730402|
269730403|
269730404|
269730405|
269730406|
269730407|
269730432|
269730433|
269730434|
269730435|
269730436|
269730437|
269730438|
269730439|
269730464|
269730465|
269730466|
269730467|
269730468|
269730469|
269730470|
269730471|
269730496|
269730497|
269730498|
269730499|
269730500|
269730501|
269730502|
269730503|
269730528|
269730529|
269730530|
269730531|
269730532|
269730533|
269730534|
269730535|
269730560|
269730561|
269730562|
269730563|
269730564|
269730565|
269730566|
269730567|
269730592|
269730593|
269730594|
269730595|
269730596|
269730597|
269730598|
269730599|
269730624|
269730625|
269730626|
269730627|
269730628|
269730629|
269730630|
269730631|
269730656|
269730657|
269730658|
269730659|
269730660|
269730661|
269730662|
269730663|
269730688|
269730689|
269730690|
269730691|
269730692|
269730693|
269730694|
269730695|
269730720|
269730721|
269730722|
269730723|
269730724|
269730725|
