360069|
360070|
360071|
360096|
360097|
360098|
360099|
360100|
360101|
360102|
360103|
360128|
360129|
360130|
360131|
360132|
360133|
360134|
360135|
360160|
360161|
360162|
360163|
360164|
360165|
360166|
360167|
360192|
360193|
360194|
360195|
360196|
360197|
360198|
360199|
360224|
360225|
360226|
360227|
360228|
360229|
360230|
360231|
360256|
360257|
360258|
360259|
360260|
360261|
360262|
360263|
360288|
360289|
360290|
360291|
360292|
360293|
360294|
360295|
360320|
360321|
360322|
360323|
360324|
360325|
360326|
360327|
360352|
360353|
360354|
360355|
360356|
360357|
360358|
360359|
360384|
360385|
360386|
360387|
360388|
360389|
360390|
360391|
360416|
360417|
360418|
360419|
360420|
360421|
360422|
360423|
360448|
360449|
360450|
360451|
360452|
360453|
360454|
360455|
360480|
