134964387|
134964388|
134964389|
134964390|
134964391|
134964416|
134964417|
134964418|
134964419|
134964420|
134964421|
134964422|
134964423|
134964448|
134964449|
134964450|
134964451|
134964452|
134964453|
134964454|
134964455|
134964480|
134964481|
134964482|
134964483|
134964484|
134964485|
134964486|
134964487|
134964512|
134964513|
134964514|
134964515|
134964516|
134964517|
134964518|
134964519|
134964544|
134964545|
134964546|
134964547|
134964548|
134964549|
134964550|
134964551|
134964576|
134964577|
134964578|
134964579|
134964580|
134964581|
134964582|
134964583|
134964608|
134964609|
134964610|
134964611|
134964612|
134964613|
134964614|
134964615|
134964640|
134964641|
134964642|
134964643|
134964644|
134964645|
134964646|
134964647|
134964672|
134964673|
134964674|
134964675|
134964676|
134964677|
134964678|
134964679|
134964704|
134964705|
134964706|
134964707|
134964708|
134964709|
134964710|
134964711|
134964736|
134964737|
134964738|
134964739|
134964740|
134964741|
134964742|
134964743|
134964768|
134964769|
134964770|
134964771|
134964772|
134964773|
134964774|
