269154210|
269154211|
269154212|
269154213|
269154214|
269154215|
269154240|
269154241|
269154242|
269154243|
269154244|
269154245|
269154246|
269154247|
269154272|
269154273|
269154274|
269154275|
269154276|
269154277|
269154278|
269154279|
269154304|
269154305|
269154306|
269154307|
269154308|
269154309|
269154310|
269154311|
269154336|
269154337|
269154338|
269154339|
269154340|
269154341|
269154342|
269154343|
269154368|
269154369|
269154370|
269154371|
269154372|
269154373|
269154374|
269154375|
269154400|
269154401|
269154402|
269154403|
269154404|
269154405|
269154406|
269154407|
269154432|
269154433|
269154434|
269154435|
269154436|
269154437|
269154438|
269154439|
269154464|
269154465|
269154466|
269154467|
269154468|
269154469|
269154470|
269154471|
269154496|
269154497|
269154498|
269154499|
269154500|
269154501|
269154502|
269154503|
269154528|
269154529|
269154530|
269154531|
269154532|
269154533|
269154534|
269154535|
269154560|
269154561|
269154562|
269154563|
269154564|
269154565|
269154566|
269154567|
269154592|
269154593|
269154594|
269154595|
269154596|
269154597|
