134154210|
134154211|
134154212|
134154213|
134154214|
134154215|
134154240|
134154241|
134154242|
134154243|
134154244|
134154245|
134154246|
134154247|
134154272|
134154273|
134154274|
134154275|
134154276|
134154277|
134154278|
134154279|
134154304|
134154305|
134154306|
134154307|
134154308|
134154309|
134154310|
134154311|
134154336|
134154337|
134154338|
134154339|
134154340|
134154341|
134154342|
134154343|
134154368|
134154369|
134154370|
134154371|
134154372|
134154373|
134154374|
134154375|
134154400|
134154401|
134154402|
134154403|
134154404|
134154405|
134154406|
134154407|
134154432|
134154433|
134154434|
134154435|
134154436|
134154437|
134154438|
134154439|
134154464|
134154465|
134154466|
134154467|
134154468|
134154469|
134154470|
134154471|
134154496|
134154497|
134154498|
134154499|
134154500|
134154501|
134154502|
134154503|
134154528|
134154529|
134154530|
134154531|
134154532|
134154533|
134154534|
134154535|
134154560|
134154561|
134154562|
134154563|
134154564|
134154565|
134154566|
134154567|
134154592|
134154593|
134154594|
134154595|
134154596|
134154597|
