269298242|
269298243|
269298244|
269298245|
269298246|
269298247|
269298272|
269298273|
269298274|
269298275|
269298276|
269298277|
269298278|
269298279|
269298304|
269298305|
269298306|
269298307|
269298308|
269298309|
269298310|
269298311|
269298336|
269298337|
269298338|
269298339|
269298340|
269298341|
269298342|
269298343|
269298368|
269298369|
269298370|
269298371|
269298372|
269298373|
269298374|
269298375|
269298400|
269298401|
269298402|
269298403|
269298404|
269298405|
269298406|
269298407|
269298432|
269298433|
269298434|
269298435|
269298436|
269298437|
269298438|
269298439|
269298464|
269298465|
269298466|
269298467|
269298468|
269298469|
269298470|
269298471|
269298496|
269298497|
269298498|
269298499|
269298500|
269298501|
269298502|
269298503|
269298528|
269298529|
269298530|
269298531|
269298532|
269298533|
269298534|
269298535|
269298560|
269298561|
269298562|
269298563|
269298564|
269298565|
269298566|
269298567|
269298592|
269298593|
269298594|
269298595|
269298596|
269298597|
269298598|
269298599|
269298624|
269298625|
269298626|
269298627|
269298628|
269298629|
