198048|
198049|
198050|
198051|
198052|
198053|
198054|
198055|
198080|
198081|
198082|
198083|
198084|
198085|
198086|
198087|
198112|
198113|
198114|
198115|
198116|
198117|
198118|
198119|
198144|
198145|
198146|
198147|
198148|
198149|
198150|
198151|
198176|
198177|
198178|
198179|
198180|
198181|
198182|
198183|
198208|
198209|
198210|
198211|
198212|
198213|
198214|
198215|
198240|
198241|
198242|
198243|
198244|
198245|
198246|
198247|
198272|
198273|
198274|
198275|
198276|
198277|
198278|
198279|
198304|
198305|
198306|
198307|
198308|
198309|
198310|
198311|
198336|
198337|
198338|
198339|
198340|
198341|
198342|
198343|
198368|
198369|
198370|
198371|
198372|
198373|
198374|
198375|
198400|
198401|
198402|
198403|
198404|
198405|
198406|
198407|
198432|
198433|
198434|
198435|
