134118208|
134118209|
134118210|
134118211|
134118212|
134118213|
134118214|
134118215|
134118240|
134118241|
134118242|
134118243|
134118244|
134118245|
134118246|
134118247|
134118272|
134118273|
134118274|
134118275|
134118276|
134118277|
134118278|
134118279|
134118304|
134118305|
134118306|
134118307|
134118308|
134118309|
134118310|
134118311|
134118336|
134118337|
134118338|
134118339|
134118340|
134118341|
134118342|
134118343|
134118368|
134118369|
134118370|
134118371|
134118372|
134118373|
134118374|
134118375|
134118400|
134118401|
134118402|
134118403|
134118404|
134118405|
134118406|
134118407|
134118432|
134118433|
134118434|
134118435|
134118436|
134118437|
134118438|
134118439|
134118464|
134118465|
134118466|
134118467|
134118468|
134118469|
134118470|
134118471|
134118496|
134118497|
134118498|
134118499|
134118500|
134118501|
134118502|
134118503|
134118528|
134118529|
134118530|
134118531|
134118532|
134118533|
134118534|
134118535|
134118560|
134118561|
134118562|
134118563|
134118564|
134118565|
134118566|
134118567|
134118592|
134118593|
134118594|
134118595|
