134676323|
134676324|
134676325|
134676326|
134676327|
134676352|
134676353|
134676354|
134676355|
134676356|
134676357|
134676358|
134676359|
134676384|
134676385|
134676386|
134676387|
134676388|
134676389|
134676390|
134676391|
134676416|
134676417|
134676418|
134676419|
134676420|
134676421|
134676422|
134676423|
134676448|
134676449|
134676450|
134676451|
134676452|
134676453|
134676454|
134676455|
134676480|
134676481|
134676482|
134676483|
134676484|
134676485|
134676486|
134676487|
134676512|
134676513|
134676514|
134676515|
134676516|
134676517|
134676518|
134676519|
134676544|
134676545|
134676546|
134676547|
134676548|
134676549|
134676550|
134676551|
134676576|
134676577|
134676578|
134676579|
134676580|
134676581|
134676582|
134676583|
134676608|
134676609|
134676610|
134676611|
134676612|
134676613|
134676614|
134676615|
134676640|
134676641|
134676642|
134676643|
134676644|
134676645|
134676646|
134676647|
134676672|
134676673|
134676674|
134676675|
134676676|
134676677|
134676678|
134676679|
134676704|
134676705|
134676706|
134676707|
134676708|
134676709|
134676710|
