134388259|
134388260|
134388261|
134388262|
134388263|
134388288|
134388289|
134388290|
134388291|
134388292|
134388293|
134388294|
134388295|
134388320|
134388321|
134388322|
134388323|
134388324|
134388325|
134388326|
134388327|
134388352|
134388353|
134388354|
134388355|
134388356|
134388357|
134388358|
134388359|
134388384|
134388385|
134388386|
134388387|
134388388|
134388389|
134388390|
134388391|
134388416|
134388417|
134388418|
134388419|
134388420|
134388421|
134388422|
134388423|
134388448|
134388449|
134388450|
134388451|
134388452|
134388453|
134388454|
134388455|
134388480|
134388481|
134388482|
134388483|
134388484|
134388485|
134388486|
134388487|
134388512|
134388513|
134388514|
134388515|
134388516|
134388517|
134388518|
134388519|
134388544|
134388545|
134388546|
134388547|
134388548|
134388549|
134388550|
134388551|
134388576|
134388577|
134388578|
134388579|
134388580|
134388581|
134388582|
134388583|
134388608|
134388609|
134388610|
134388611|
134388612|
134388613|
134388614|
134388615|
134388640|
134388641|
134388642|
134388643|
134388644|
134388645|
134388646|
