269352257|
269352258|
269352259|
269352260|
269352261|
269352262|
269352263|
269352288|
269352289|
269352290|
269352291|
269352292|
269352293|
269352294|
269352295|
269352320|
269352321|
269352322|
269352323|
269352324|
269352325|
269352326|
269352327|
269352352|
269352353|
269352354|
269352355|
269352356|
269352357|
269352358|
269352359|
269352384|
269352385|
269352386|
269352387|
269352388|
269352389|
269352390|
269352391|
269352416|
269352417|
269352418|
269352419|
269352420|
269352421|
269352422|
269352423|
269352448|
269352449|
269352450|
269352451|
269352452|
269352453|
269352454|
269352455|
269352480|
269352481|
269352482|
269352483|
269352484|
269352485|
269352486|
269352487|
269352512|
269352513|
269352514|
269352515|
269352516|
269352517|
269352518|
269352519|
269352544|
269352545|
269352546|
269352547|
269352548|
269352549|
269352550|
269352551|
269352576|
269352577|
269352578|
269352579|
269352580|
269352581|
269352582|
269352583|
269352608|
269352609|
269352610|
269352611|
269352612|
269352613|
269352614|
269352615|
269352640|
269352641|
269352642|
269352643|
269352644|
