133938150|
133938151|
133938176|
133938177|
133938178|
133938179|
133938180|
133938181|
133938182|
133938183|
133938208|
133938209|
133938210|
133938211|
133938212|
133938213|
133938214|
133938215|
133938240|
133938241|
133938242|
133938243|
133938244|
133938245|
133938246|
133938247|
133938272|
133938273|
133938274|
133938275|
133938276|
133938277|
133938278|
133938279|
133938304|
133938305|
133938306|
133938307|
133938308|
133938309|
133938310|
133938311|
133938336|
133938337|
133938338|
133938339|
133938340|
133938341|
133938342|
133938343|
133938368|
133938369|
133938370|
133938371|
133938372|
133938373|
133938374|
133938375|
133938400|
133938401|
133938402|
133938403|
133938404|
133938405|
133938406|
133938407|
133938432|
133938433|
133938434|
133938435|
133938436|
133938437|
133938438|
133938439|
133938464|
133938465|
133938466|
133938467|
133938468|
133938469|
133938470|
133938471|
133938496|
133938497|
133938498|
133938499|
133938500|
133938501|
133938502|
133938503|
133938528|
133938529|
133938530|
133938531|
133938532|
133938533|
133938534|
133938535|
133938560|
133938561|
