1674370|
1674371|
1674372|
1674373|
1674374|
1674375|
1674400|
1674401|
1674402|
1674403|
1674404|
1674405|
1674406|
1674407|
1674432|
1674433|
1674434|
1674435|
1674436|
1674437|
1674438|
1674439|
1674464|
1674465|
1674466|
1674467|
1674468|
1674469|
1674470|
1674471|
1674496|
1674497|
1674498|
1674499|
1674500|
1674501|
1674502|
1674503|
1674528|
1674529|
1674530|
1674531|
1674532|
1674533|
1674534|
1674535|
1674560|
1674561|
1674562|
1674563|
1674564|
1674565|
1674566|
1674567|
1674592|
1674593|
1674594|
1674595|
1674596|
1674597|
1674598|
1674599|
1674624|
1674625|
1674626|
1674627|
1674628|
1674629|
1674630|
1674631|
1674656|
1674657|
1674658|
1674659|
1674660|
1674661|
1674662|
1674663|
1674688|
1674689|
1674690|
1674691|
1674692|
1674693|
1674694|
1674695|
1674720|
1674721|
1674722|
1674723|
1674724|
1674725|
1674726|
1674727|
1674752|
1674753|
1674754|
1674755|
1674756|
1674757|
