269910372|
269910373|
269910374|
269910375|
269910400|
269910401|
269910402|
269910403|
269910404|
269910405|
269910406|
269910407|
269910432|
269910433|
269910434|
269910435|
269910436|
269910437|
269910438|
269910439|
269910464|
269910465|
269910466|
269910467|
269910468|
269910469|
269910470|
269910471|
269910496|
269910497|
269910498|
269910499|
269910500|
269910501|
269910502|
269910503|
269910528|
269910529|
269910530|
269910531|
269910532|
269910533|
269910534|
269910535|
269910560|
269910561|
269910562|
269910563|
269910564|
269910565|
269910566|
269910567|
269910592|
269910593|
269910594|
269910595|
269910596|
269910597|
269910598|
269910599|
269910624|
269910625|
269910626|
269910627|
269910628|
269910629|
269910630|
269910631|
269910656|
269910657|
269910658|
269910659|
269910660|
269910661|
269910662|
269910663|
269910688|
269910689|
269910690|
269910691|
269910692|
269910693|
269910694|
269910695|
269910720|
269910721|
269910722|
269910723|
269910724|
269910725|
269910726|
269910727|
269910752|
269910753|
269910754|
269910755|
269910756|
269910757|
269910758|
269910759|
