134442274|
134442275|
134442276|
134442277|
134442278|
134442279|
134442304|
134442305|
134442306|
134442307|
134442308|
134442309|
134442310|
134442311|
134442336|
134442337|
134442338|
134442339|
134442340|
134442341|
134442342|
134442343|
134442368|
134442369|
134442370|
134442371|
134442372|
134442373|
134442374|
134442375|
134442400|
134442401|
134442402|
134442403|
134442404|
134442405|
134442406|
134442407|
134442432|
134442433|
134442434|
134442435|
134442436|
134442437|
134442438|
134442439|
134442464|
134442465|
134442466|
134442467|
134442468|
134442469|
134442470|
134442471|
134442496|
134442497|
134442498|
134442499|
134442500|
134442501|
134442502|
134442503|
134442528|
134442529|
134442530|
134442531|
134442532|
134442533|
134442534|
134442535|
134442560|
134442561|
134442562|
134442563|
134442564|
134442565|
134442566|
134442567|
134442592|
134442593|
134442594|
134442595|
134442596|
134442597|
134442598|
134442599|
134442624|
134442625|
134442626|
134442627|
134442628|
134442629|
134442630|
134442631|
134442656|
134442657|
134442658|
134442659|
134442660|
134442661|
