134586306|
134586307|
134586308|
134586309|
134586310|
134586311|
134586336|
134586337|
134586338|
134586339|
134586340|
134586341|
134586342|
134586343|
134586368|
134586369|
134586370|
134586371|
134586372|
134586373|
134586374|
134586375|
134586400|
134586401|
134586402|
134586403|
134586404|
134586405|
134586406|
134586407|
134586432|
134586433|
134586434|
134586435|
134586436|
134586437|
134586438|
134586439|
134586464|
134586465|
134586466|
134586467|
134586468|
134586469|
134586470|
134586471|
134586496|
134586497|
134586498|
134586499|
134586500|
134586501|
134586502|
134586503|
134586528|
134586529|
134586530|
134586531|
134586532|
134586533|
134586534|
134586535|
134586560|
134586561|
134586562|
134586563|
134586564|
134586565|
134586566|
134586567|
134586592|
134586593|
134586594|
134586595|
134586596|
134586597|
134586598|
134586599|
134586624|
134586625|
134586626|
134586627|
134586628|
134586629|
134586630|
134586631|
134586656|
134586657|
134586658|
134586659|
134586660|
134586661|
134586662|
134586663|
134586688|
134586689|
134586690|
134586691|
134586692|
134586693|
