134064193|
134064194|
134064195|
134064196|
134064197|
134064198|
134064199|
134064224|
134064225|
134064226|
134064227|
134064228|
134064229|
134064230|
134064231|
134064256|
134064257|
134064258|
134064259|
134064260|
134064261|
134064262|
134064263|
134064288|
134064289|
134064290|
134064291|
134064292|
134064293|
134064294|
134064295|
134064320|
134064321|
134064322|
134064323|
134064324|
134064325|
134064326|
134064327|
134064352|
134064353|
134064354|
134064355|
134064356|
134064357|
134064358|
134064359|
134064384|
134064385|
134064386|
134064387|
134064388|
134064389|
134064390|
134064391|
134064416|
134064417|
134064418|
134064419|
134064420|
134064421|
134064422|
134064423|
134064448|
134064449|
134064450|
134064451|
134064452|
134064453|
134064454|
134064455|
134064480|
134064481|
134064482|
134064483|
134064484|
134064485|
134064486|
134064487|
134064512|
134064513|
134064514|
134064515|
134064516|
134064517|
134064518|
134064519|
134064544|
134064545|
134064546|
134064547|
134064548|
134064549|
134064550|
134064551|
134064576|
134064577|
134064578|
134064579|
134064580|
