1548327|
1548352|
1548353|
1548354|
1548355|
1548356|
1548357|
1548358|
1548359|
1548384|
1548385|
1548386|
1548387|
1548388|
1548389|
1548390|
1548391|
1548416|
1548417|
1548418|
1548419|
1548420|
1548421|
1548422|
1548423|
1548448|
1548449|
1548450|
1548451|
1548452|
1548453|
1548454|
1548455|
1548480|
1548481|
1548482|
1548483|
1548484|
1548485|
1548486|
1548487|
1548512|
1548513|
1548514|
1548515|
1548516|
1548517|
1548518|
1548519|
1548544|
1548545|
1548546|
1548547|
1548548|
1548549|
1548550|
1548551|
1548576|
1548577|
1548578|
1548579|
1548580|
1548581|
1548582|
1548583|
1548608|
1548609|
1548610|
1548611|
1548612|
1548613|
1548614|
1548615|
1548640|
1548641|
1548642|
1548643|
1548644|
1548645|
1548646|
1548647|
1548672|
1548673|
1548674|
1548675|
1548676|
1548677|
1548678|
1548679|
1548704|
1548705|
1548706|
1548707|
1548708|
1548709|
1548710|
1548711|
1548736|
1548737|
1548738|
