630144|
630145|
630146|
630147|
630148|
630149|
630150|
630151|
630176|
630177|
630178|
630179|
630180|
630181|
630182|
630183|
630208|
630209|
630210|
630211|
630212|
630213|
630214|
630215|
630240|
630241|
630242|
630243|
630244|
630245|
630246|
630247|
630272|
630273|
630274|
630275|
630276|
630277|
630278|
630279|
630304|
630305|
630306|
630307|
630308|
630309|
630310|
630311|
630336|
630337|
630338|
630339|
630340|
630341|
630342|
630343|
630368|
630369|
630370|
630371|
630372|
630373|
630374|
630375|
630400|
630401|
630402|
630403|
630404|
630405|
630406|
630407|
630432|
630433|
630434|
630435|
630436|
630437|
630438|
630439|
630464|
630465|
630466|
630467|
630468|
630469|
630470|
630471|
630496|
630497|
630498|
630499|
630500|
630501|
630502|
630503|
630528|
630529|
630530|
630531|
