269208225|
269208226|
269208227|
269208228|
269208229|
269208230|
269208231|
269208256|
269208257|
269208258|
269208259|
269208260|
269208261|
269208262|
269208263|
269208288|
269208289|
269208290|
269208291|
269208292|
269208293|
269208294|
269208295|
269208320|
269208321|
269208322|
269208323|
269208324|
269208325|
269208326|
269208327|
269208352|
269208353|
269208354|
269208355|
269208356|
269208357|
269208358|
269208359|
269208384|
269208385|
269208386|
269208387|
269208388|
269208389|
269208390|
269208391|
269208416|
269208417|
269208418|
269208419|
269208420|
269208421|
269208422|
269208423|
269208448|
269208449|
269208450|
269208451|
269208452|
269208453|
269208454|
269208455|
269208480|
269208481|
269208482|
269208483|
269208484|
269208485|
269208486|
269208487|
269208512|
269208513|
269208514|
269208515|
269208516|
269208517|
269208518|
269208519|
269208544|
269208545|
269208546|
269208547|
269208548|
269208549|
269208550|
269208551|
269208576|
269208577|
269208578|
269208579|
269208580|
269208581|
269208582|
269208583|
269208608|
269208609|
269208610|
269208611|
269208612|
