268542080|
268542081|
268542082|
268542083|
268542084|
268542085|
268542086|
268542087|
268542112|
268542113|
268542114|
268542115|
268542116|
268542117|
268542118|
268542119|
268542144|
268542145|
268542146|
268542147|
268542148|
268542149|
268542150|
268542151|
268542176|
268542177|
268542178|
268542179|
268542180|
268542181|
268542182|
268542183|
268542208|
268542209|
268542210|
268542211|
268542212|
268542213|
268542214|
268542215|
268542240|
268542241|
268542242|
268542243|
268542244|
268542245|
268542246|
268542247|
268542272|
268542273|
268542274|
268542275|
268542276|
268542277|
268542278|
268542279|
268542304|
268542305|
268542306|
268542307|
268542308|
268542309|
268542310|
268542311|
268542336|
268542337|
268542338|
268542339|
268542340|
268542341|
268542342|
268542343|
268542368|
268542369|
268542370|
268542371|
268542372|
268542373|
268542374|
268542375|
268542400|
268542401|
268542402|
268542403|
268542404|
268542405|
268542406|
268542407|
268542432|
268542433|
268542434|
268542435|
268542436|
268542437|
268542438|
268542439|
268542464|
268542465|
268542466|
268542467|
