1098242|
1098243|
1098244|
1098245|
1098246|
1098247|
1098272|
1098273|
1098274|
1098275|
1098276|
1098277|
1098278|
1098279|
1098304|
1098305|
1098306|
1098307|
1098308|
1098309|
1098310|
1098311|
1098336|
1098337|
1098338|
1098339|
1098340|
1098341|
1098342|
1098343|
1098368|
1098369|
1098370|
1098371|
1098372|
1098373|
1098374|
1098375|
1098400|
1098401|
1098402|
1098403|
1098404|
1098405|
1098406|
1098407|
1098432|
1098433|
1098434|
1098435|
1098436|
1098437|
1098438|
1098439|
1098464|
1098465|
1098466|
1098467|
1098468|
1098469|
1098470|
1098471|
1098496|
1098497|
1098498|
1098499|
1098500|
1098501|
1098502|
1098503|
1098528|
1098529|
1098530|
1098531|
1098532|
1098533|
1098534|
1098535|
1098560|
1098561|
1098562|
1098563|
1098564|
1098565|
1098566|
1098567|
1098592|
1098593|
1098594|
1098595|
1098596|
1098597|
1098598|
1098599|
1098624|
1098625|
1098626|
1098627|
1098628|
1098629|
