133578082|
133578083|
133578084|
133578085|
133578086|
133578087|
133578112|
133578113|
133578114|
133578115|
133578116|
133578117|
133578118|
133578119|
133578144|
133578145|
133578146|
133578147|
133578148|
133578149|
133578150|
133578151|
133578176|
133578177|
133578178|
133578179|
133578180|
133578181|
133578182|
133578183|
133578208|
133578209|
133578210|
133578211|
133578212|
133578213|
133578214|
133578215|
133578240|
133578241|
133578242|
133578243|
133578244|
133578245|
133578246|
133578247|
133578272|
133578273|
133578274|
133578275|
133578276|
133578277|
133578278|
133578279|
133578304|
133578305|
133578306|
133578307|
133578308|
133578309|
133578310|
133578311|
133578336|
133578337|
133578338|
133578339|
133578340|
133578341|
133578342|
133578343|
133578368|
133578369|
133578370|
133578371|
133578372|
133578373|
133578374|
133578375|
133578400|
133578401|
133578402|
133578403|
133578404|
133578405|
133578406|
133578407|
133578432|
133578433|
133578434|
133578435|
133578436|
133578437|
133578438|
133578439|
133578464|
133578465|
133578466|
133578467|
133578468|
133578469|
