269694336|
269694337|
269694338|
269694339|
269694340|
269694341|
269694342|
269694343|
269694368|
269694369|
269694370|
269694371|
269694372|
269694373|
269694374|
269694375|
269694400|
269694401|
269694402|
269694403|
269694404|
269694405|
269694406|
269694407|
269694432|
269694433|
269694434|
269694435|
269694436|
269694437|
269694438|
269694439|
269694464|
269694465|
269694466|
269694467|
269694468|
269694469|
269694470|
269694471|
269694496|
269694497|
269694498|
269694499|
269694500|
269694501|
269694502|
269694503|
269694528|
269694529|
269694530|
269694531|
269694532|
269694533|
269694534|
269694535|
269694560|
269694561|
269694562|
269694563|
269694564|
269694565|
269694566|
269694567|
269694592|
269694593|
269694594|
269694595|
269694596|
269694597|
269694598|
269694599|
269694624|
269694625|
269694626|
269694627|
269694628|
269694629|
269694630|
269694631|
269694656|
269694657|
269694658|
269694659|
269694660|
269694661|
269694662|
269694663|
269694688|
269694689|
269694690|
269694691|
269694692|
269694693|
269694694|
269694695|
269694720|
269694721|
269694722|
269694723|
