133524067|
133524068|
133524069|
133524070|
133524071|
133524096|
133524097|
133524098|
133524099|
133524100|
133524101|
133524102|
133524103|
133524128|
133524129|
133524130|
133524131|
133524132|
133524133|
133524134|
133524135|
133524160|
133524161|
133524162|
133524163|
133524164|
133524165|
133524166|
133524167|
133524192|
133524193|
133524194|
133524195|
133524196|
133524197|
133524198|
133524199|
133524224|
133524225|
133524226|
133524227|
133524228|
133524229|
133524230|
133524231|
133524256|
133524257|
133524258|
133524259|
133524260|
133524261|
133524262|
133524263|
133524288|
133524289|
133524290|
133524291|
133524292|
133524293|
133524294|
133524295|
133524320|
133524321|
133524322|
133524323|
133524324|
133524325|
133524326|
133524327|
133524352|
133524353|
133524354|
133524355|
133524356|
133524357|
133524358|
133524359|
133524384|
133524385|
133524386|
133524387|
133524388|
133524389|
133524390|
133524391|
133524416|
133524417|
133524418|
133524419|
133524420|
133524421|
133524422|
133524423|
133524448|
133524449|
133524450|
133524451|
133524452|
133524453|
133524454|
