133362022|
133362023|
133362048|
133362049|
133362050|
133362051|
133362052|
133362053|
133362054|
133362055|
133362080|
133362081|
133362082|
133362083|
133362084|
133362085|
133362086|
133362087|
133362112|
133362113|
133362114|
133362115|
133362116|
133362117|
133362118|
133362119|
133362144|
133362145|
133362146|
133362147|
133362148|
133362149|
133362150|
133362151|
133362176|
133362177|
133362178|
133362179|
133362180|
133362181|
133362182|
133362183|
133362208|
133362209|
133362210|
133362211|
133362212|
133362213|
133362214|
133362215|
133362240|
133362241|
133362242|
133362243|
133362244|
133362245|
133362246|
133362247|
133362272|
133362273|
133362274|
133362275|
133362276|
133362277|
133362278|
133362279|
133362304|
133362305|
133362306|
133362307|
133362308|
133362309|
133362310|
133362311|
133362336|
133362337|
133362338|
133362339|
133362340|
133362341|
133362342|
133362343|
133362368|
133362369|
133362370|
133362371|
133362372|
133362373|
133362374|
133362375|
133362400|
133362401|
133362402|
133362403|
133362404|
133362405|
133362406|
133362407|
133362432|
133362433|
