268740103|
268740128|
268740129|
268740130|
268740131|
268740132|
268740133|
268740134|
268740135|
268740160|
268740161|
268740162|
268740163|
268740164|
268740165|
268740166|
268740167|
268740192|
268740193|
268740194|
268740195|
268740196|
268740197|
268740198|
268740199|
268740224|
268740225|
268740226|
268740227|
268740228|
268740229|
268740230|
268740231|
268740256|
268740257|
268740258|
268740259|
268740260|
268740261|
268740262|
268740263|
268740288|
268740289|
268740290|
268740291|
268740292|
268740293|
268740294|
268740295|
268740320|
268740321|
268740322|
268740323|
268740324|
268740325|
268740326|
268740327|
268740352|
268740353|
268740354|
268740355|
268740356|
268740357|
268740358|
268740359|
268740384|
268740385|
268740386|
268740387|
268740388|
268740389|
268740390|
268740391|
268740416|
268740417|
268740418|
268740419|
268740420|
268740421|
268740422|
268740423|
268740448|
268740449|
268740450|
268740451|
268740452|
268740453|
268740454|
268740455|
268740480|
268740481|
268740482|
268740483|
268740484|
268740485|
268740486|
268740487|
268740512|
268740513|
268740514|
