1638368|
1638369|
1638370|
1638371|
1638372|
1638373|
1638374|
1638375|
1638400|
1638401|
1638402|
1638403|
1638404|
1638405|
1638406|
1638407|
1638432|
1638433|
1638434|
1638435|
1638436|
1638437|
1638438|
1638439|
1638464|
1638465|
1638466|
1638467|
1638468|
1638469|
1638470|
1638471|
1638496|
1638497|
1638498|
1638499|
1638500|
1638501|
1638502|
1638503|
1638528|
1638529|
1638530|
1638531|
1638532|
1638533|
1638534|
1638535|
1638560|
1638561|
1638562|
1638563|
1638564|
1638565|
1638566|
1638567|
1638592|
1638593|
1638594|
1638595|
1638596|
1638597|
1638598|
1638599|
1638624|
1638625|
1638626|
1638627|
1638628|
1638629|
1638630|
1638631|
1638656|
1638657|
1638658|
1638659|
1638660|
1638661|
1638662|
1638663|
1638688|
1638689|
1638690|
1638691|
1638692|
1638693|
1638694|
1638695|
1638720|
1638721|
1638722|
1638723|
1638724|
1638725|
1638726|
1638727|
1638752|
1638753|
1638754|
1638755|
