134316231|
134316256|
134316257|
134316258|
134316259|
134316260|
134316261|
134316262|
134316263|
134316288|
134316289|
134316290|
134316291|
134316292|
134316293|
134316294|
134316295|
134316320|
134316321|
134316322|
134316323|
134316324|
134316325|
134316326|
134316327|
134316352|
134316353|
134316354|
134316355|
134316356|
134316357|
134316358|
134316359|
134316384|
134316385|
134316386|
134316387|
134316388|
134316389|
134316390|
134316391|
134316416|
134316417|
134316418|
134316419|
134316420|
134316421|
134316422|
134316423|
134316448|
134316449|
134316450|
134316451|
134316452|
134316453|
134316454|
134316455|
134316480|
134316481|
134316482|
134316483|
134316484|
134316485|
134316486|
134316487|
134316512|
134316513|
134316514|
134316515|
134316516|
134316517|
134316518|
134316519|
134316544|
134316545|
134316546|
134316547|
134316548|
134316549|
134316550|
134316551|
134316576|
134316577|
134316578|
134316579|
134316580|
134316581|
134316582|
134316583|
134316608|
134316609|
134316610|
134316611|
134316612|
134316613|
134316614|
134316615|
134316640|
134316641|
134316642|
