1206272|
1206273|
1206274|
1206275|
1206276|
1206277|
1206278|
1206279|
1206304|
1206305|
1206306|
1206307|
1206308|
1206309|
1206310|
1206311|
1206336|
1206337|
1206338|
1206339|
1206340|
1206341|
1206342|
1206343|
1206368|
1206369|
1206370|
1206371|
1206372|
1206373|
1206374|
1206375|
1206400|
1206401|
1206402|
1206403|
1206404|
1206405|
1206406|
1206407|
1206432|
1206433|
1206434|
1206435|
1206436|
1206437|
1206438|
1206439|
1206464|
1206465|
1206466|
1206467|
1206468|
1206469|
1206470|
1206471|
1206496|
1206497|
1206498|
1206499|
1206500|
1206501|
1206502|
1206503|
1206528|
1206529|
1206530|
1206531|
1206532|
1206533|
1206534|
1206535|
1206560|
1206561|
1206562|
1206563|
1206564|
1206565|
1206566|
1206567|
1206592|
1206593|
1206594|
1206595|
1206596|
1206597|
1206598|
1206599|
1206624|
1206625|
1206626|
1206627|
1206628|
1206629|
1206630|
1206631|
1206656|
1206657|
1206658|
1206659|
