134802342|
134802343|
134802368|
134802369|
134802370|
134802371|
134802372|
134802373|
134802374|
134802375|
134802400|
134802401|
134802402|
134802403|
134802404|
134802405|
134802406|
134802407|
134802432|
134802433|
134802434|
134802435|
134802436|
134802437|
134802438|
134802439|
134802464|
134802465|
134802466|
134802467|
134802468|
134802469|
134802470|
134802471|
134802496|
134802497|
134802498|
134802499|
134802500|
134802501|
134802502|
134802503|
134802528|
134802529|
134802530|
134802531|
134802532|
134802533|
134802534|
134802535|
134802560|
134802561|
134802562|
134802563|
134802564|
134802565|
134802566|
134802567|
134802592|
134802593|
134802594|
134802595|
134802596|
134802597|
134802598|
134802599|
134802624|
134802625|
134802626|
134802627|
134802628|
134802629|
134802630|
134802631|
134802656|
134802657|
134802658|
134802659|
134802660|
134802661|
134802662|
134802663|
134802688|
134802689|
134802690|
134802691|
134802692|
134802693|
134802694|
134802695|
134802720|
134802721|
134802722|
134802723|
134802724|
134802725|
134802726|
134802727|
134802752|
134802753|
