1782400|
1782401|
1782402|
1782403|
1782404|
1782405|
1782406|
1782407|
1782432|
1782433|
1782434|
1782435|
1782436|
1782437|
1782438|
1782439|
1782464|
1782465|
1782466|
1782467|
1782468|
1782469|
1782470|
1782471|
1782496|
1782497|
1782498|
1782499|
1782500|
1782501|
1782502|
1782503|
1782528|
1782529|
1782530|
1782531|
1782532|
1782533|
1782534|
1782535|
1782560|
1782561|
1782562|
1782563|
1782564|
1782565|
1782566|
1782567|
1782592|
1782593|
1782594|
1782595|
1782596|
1782597|
1782598|
1782599|
1782624|
1782625|
1782626|
1782627|
1782628|
1782629|
1782630|
1782631|
1782656|
1782657|
1782658|
1782659|
1782660|
1782661|
1782662|
1782663|
1782688|
1782689|
1782690|
1782691|
1782692|
1782693|
1782694|
1782695|
1782720|
1782721|
1782722|
1782723|
1782724|
1782725|
1782726|
1782727|
1782752|
1782753|
1782754|
1782755|
1782756|
1782757|
1782758|
1782759|
1782784|
1782785|
1782786|
1782787|
