1386306|
1386307|
1386308|
1386309|
1386310|
1386311|
1386336|
1386337|
1386338|
1386339|
1386340|
1386341|
1386342|
1386343|
1386368|
1386369|
1386370|
1386371|
1386372|
1386373|
1386374|
1386375|
1386400|
1386401|
1386402|
1386403|
1386404|
1386405|
1386406|
1386407|
1386432|
1386433|
1386434|
1386435|
1386436|
1386437|
1386438|
1386439|
1386464|
1386465|
1386466|
1386467|
1386468|
1386469|
1386470|
1386471|
1386496|
1386497|
1386498|
1386499|
1386500|
1386501|
1386502|
1386503|
1386528|
1386529|
1386530|
1386531|
1386532|
1386533|
1386534|
1386535|
1386560|
1386561|
1386562|
1386563|
1386564|
1386565|
1386566|
1386567|
1386592|
1386593|
1386594|
1386595|
1386596|
1386597|
1386598|
1386599|
1386624|
1386625|
1386626|
1386627|
1386628|
1386629|
1386630|
1386631|
1386656|
1386657|
1386658|
1386659|
1386660|
1386661|
1386662|
1386663|
1386688|
1386689|
1386690|
1386691|
1386692|
1386693|
