134910372|
134910373|
134910374|
134910375|
134910400|
134910401|
134910402|
134910403|
134910404|
134910405|
134910406|
134910407|
134910432|
134910433|
134910434|
134910435|
134910436|
134910437|
134910438|
134910439|
134910464|
134910465|
134910466|
134910467|
134910468|
134910469|
134910470|
134910471|
134910496|
134910497|
134910498|
134910499|
134910500|
134910501|
134910502|
134910503|
134910528|
134910529|
134910530|
134910531|
134910532|
134910533|
134910534|
134910535|
134910560|
134910561|
134910562|
134910563|
134910564|
134910565|
134910566|
134910567|
134910592|
134910593|
134910594|
134910595|
134910596|
134910597|
134910598|
134910599|
134910624|
134910625|
134910626|
134910627|
134910628|
134910629|
134910630|
134910631|
134910656|
134910657|
134910658|
134910659|
134910660|
134910661|
134910662|
134910663|
134910688|
134910689|
134910690|
134910691|
134910692|
134910693|
134910694|
134910695|
134910720|
134910721|
134910722|
134910723|
134910724|
134910725|
134910726|
134910727|
134910752|
134910753|
134910754|
134910755|
134910756|
134910757|
134910758|
134910759|
