1260263|
1260288|
1260289|
1260290|
1260291|
1260292|
1260293|
1260294|
1260295|
1260320|
1260321|
1260322|
1260323|
1260324|
1260325|
1260326|
1260327|
1260352|
1260353|
1260354|
1260355|
1260356|
1260357|
1260358|
1260359|
1260384|
1260385|
1260386|
1260387|
1260388|
1260389|
1260390|
1260391|
1260416|
1260417|
1260418|
1260419|
1260420|
1260421|
1260422|
1260423|
1260448|
1260449|
1260450|
1260451|
1260452|
1260453|
1260454|
1260455|
1260480|
1260481|
1260482|
1260483|
1260484|
1260485|
1260486|
1260487|
1260512|
1260513|
1260514|
1260515|
1260516|
1260517|
1260518|
1260519|
1260544|
1260545|
1260546|
1260547|
1260548|
1260549|
1260550|
1260551|
1260576|
1260577|
1260578|
1260579|
1260580|
1260581|
1260582|
1260583|
1260608|
1260609|
1260610|
1260611|
1260612|
1260613|
1260614|
1260615|
1260640|
1260641|
1260642|
1260643|
1260644|
1260645|
1260646|
1260647|
1260672|
1260673|
1260674|
