1476323|
1476324|
1476325|
1476326|
1476327|
1476352|
1476353|
1476354|
1476355|
1476356|
1476357|
1476358|
1476359|
1476384|
1476385|
1476386|
1476387|
1476388|
1476389|
1476390|
1476391|
1476416|
1476417|
1476418|
1476419|
1476420|
1476421|
1476422|
1476423|
1476448|
1476449|
1476450|
1476451|
1476452|
1476453|
1476454|
1476455|
1476480|
1476481|
1476482|
1476483|
1476484|
1476485|
1476486|
1476487|
1476512|
1476513|
1476514|
1476515|
1476516|
1476517|
1476518|
1476519|
1476544|
1476545|
1476546|
1476547|
1476548|
1476549|
1476550|
1476551|
1476576|
1476577|
1476578|
1476579|
1476580|
1476581|
1476582|
1476583|
1476608|
1476609|
1476610|
1476611|
1476612|
1476613|
1476614|
1476615|
1476640|
1476641|
1476642|
1476643|
1476644|
1476645|
1476646|
1476647|
1476672|
1476673|
1476674|
1476675|
1476676|
1476677|
1476678|
1476679|
1476704|
1476705|
1476706|
1476707|
1476708|
1476709|
1476710|
