1242274|
1242275|
1242276|
1242277|
1242278|
1242279|
1242304|
1242305|
1242306|
1242307|
1242308|
1242309|
1242310|
1242311|
1242336|
1242337|
1242338|
1242339|
1242340|
1242341|
1242342|
1242343|
1242368|
1242369|
1242370|
1242371|
1242372|
1242373|
1242374|
1242375|
1242400|
1242401|
1242402|
1242403|
1242404|
1242405|
1242406|
1242407|
1242432|
1242433|
1242434|
1242435|
1242436|
1242437|
1242438|
1242439|
1242464|
1242465|
1242466|
1242467|
1242468|
1242469|
1242470|
1242471|
1242496|
1242497|
1242498|
1242499|
1242500|
1242501|
1242502|
1242503|
1242528|
1242529|
1242530|
1242531|
1242532|
1242533|
1242534|
1242535|
1242560|
1242561|
1242562|
1242563|
1242564|
1242565|
1242566|
1242567|
1242592|
1242593|
1242594|
1242595|
1242596|
1242597|
1242598|
1242599|
1242624|
1242625|
1242626|
1242627|
1242628|
1242629|
1242630|
1242631|
1242656|
1242657|
1242658|
1242659|
1242660|
1242661|
