133434050|
133434051|
133434052|
133434053|
133434054|
133434055|
133434080|
133434081|
133434082|
133434083|
133434084|
133434085|
133434086|
133434087|
133434112|
133434113|
133434114|
133434115|
133434116|
133434117|
133434118|
133434119|
133434144|
133434145|
133434146|
133434147|
133434148|
133434149|
133434150|
133434151|
133434176|
133434177|
133434178|
133434179|
133434180|
133434181|
133434182|
133434183|
133434208|
133434209|
133434210|
133434211|
133434212|
133434213|
133434214|
133434215|
133434240|
133434241|
133434242|
133434243|
133434244|
133434245|
133434246|
133434247|
133434272|
133434273|
133434274|
133434275|
133434276|
133434277|
133434278|
133434279|
133434304|
133434305|
133434306|
133434307|
133434308|
133434309|
133434310|
133434311|
133434336|
133434337|
133434338|
133434339|
133434340|
133434341|
133434342|
133434343|
133434368|
133434369|
133434370|
133434371|
133434372|
133434373|
133434374|
133434375|
133434400|
133434401|
133434402|
133434403|
133434404|
133434405|
133434406|
133434407|
133434432|
133434433|
133434434|
133434435|
133434436|
133434437|
