936197|
936198|
936199|
936224|
936225|
936226|
936227|
936228|
936229|
936230|
936231|
936256|
936257|
936258|
936259|
936260|
936261|
936262|
936263|
936288|
936289|
936290|
936291|
936292|
936293|
936294|
936295|
936320|
936321|
936322|
936323|
936324|
936325|
936326|
936327|
936352|
936353|
936354|
936355|
936356|
936357|
936358|
936359|
936384|
936385|
936386|
936387|
936388|
936389|
936390|
936391|
936416|
936417|
936418|
936419|
936420|
936421|
936422|
936423|
936448|
936449|
936450|
936451|
936452|
936453|
936454|
936455|
936480|
936481|
936482|
936483|
936484|
936485|
936486|
936487|
936512|
936513|
936514|
936515|
936516|
936517|
936518|
936519|
936544|
936545|
936546|
936547|
936548|
936549|
936550|
936551|
936576|
936577|
936578|
936579|
936580|
936581|
936582|
936583|
936608|
