900195|
900196|
900197|
900198|
900199|
900224|
900225|
900226|
900227|
900228|
900229|
900230|
900231|
900256|
900257|
900258|
900259|
900260|
900261|
900262|
900263|
900288|
900289|
900290|
900291|
900292|
900293|
900294|
900295|
900320|
900321|
900322|
900323|
900324|
900325|
900326|
900327|
900352|
900353|
900354|
900355|
900356|
900357|
900358|
900359|
900384|
900385|
900386|
900387|
900388|
900389|
900390|
900391|
900416|
900417|
900418|
900419|
900420|
900421|
900422|
900423|
900448|
900449|
900450|
900451|
900452|
900453|
900454|
900455|
900480|
900481|
900482|
900483|
900484|
900485|
900486|
900487|
900512|
900513|
900514|
900515|
900516|
900517|
900518|
900519|
900544|
900545|
900546|
900547|
900548|
900549|
900550|
900551|
900576|
900577|
900578|
900579|
900580|
900581|
900582|
