134496289|
134496290|
134496291|
134496292|
134496293|
134496294|
134496295|
134496320|
134496321|
134496322|
134496323|
134496324|
134496325|
134496326|
134496327|
134496352|
134496353|
134496354|
134496355|
134496356|
134496357|
134496358|
134496359|
134496384|
134496385|
134496386|
134496387|
134496388|
134496389|
134496390|
134496391|
134496416|
134496417|
134496418|
134496419|
134496420|
134496421|
134496422|
134496423|
134496448|
134496449|
134496450|
134496451|
134496452|
134496453|
134496454|
134496455|
134496480|
134496481|
134496482|
134496483|
134496484|
134496485|
134496486|
134496487|
134496512|
134496513|
134496514|
134496515|
134496516|
134496517|
134496518|
134496519|
134496544|
134496545|
134496546|
134496547|
134496548|
134496549|
134496550|
134496551|
134496576|
134496577|
134496578|
134496579|
134496580|
134496581|
134496582|
134496583|
134496608|
134496609|
134496610|
134496611|
134496612|
134496613|
134496614|
134496615|
134496640|
134496641|
134496642|
134496643|
134496644|
134496645|
134496646|
134496647|
134496672|
134496673|
134496674|
134496675|
134496676|
