268650086|
268650087|
268650112|
268650113|
268650114|
268650115|
268650116|
268650117|
268650118|
268650119|
268650144|
268650145|
268650146|
268650147|
268650148|
268650149|
268650150|
268650151|
268650176|
268650177|
268650178|
268650179|
268650180|
268650181|
268650182|
268650183|
268650208|
268650209|
268650210|
268650211|
268650212|
268650213|
268650214|
268650215|
268650240|
268650241|
268650242|
268650243|
268650244|
268650245|
268650246|
268650247|
268650272|
268650273|
268650274|
268650275|
268650276|
268650277|
268650278|
268650279|
268650304|
268650305|
268650306|
268650307|
268650308|
268650309|
268650310|
268650311|
268650336|
268650337|
268650338|
268650339|
268650340|
268650341|
268650342|
268650343|
268650368|
268650369|
268650370|
268650371|
268650372|
268650373|
268650374|
268650375|
268650400|
268650401|
268650402|
268650403|
268650404|
268650405|
268650406|
268650407|
268650432|
268650433|
268650434|
268650435|
268650436|
268650437|
268650438|
268650439|
268650464|
268650465|
268650466|
268650467|
268650468|
268650469|
268650470|
268650471|
268650496|
268650497|
