1512325|
1512326|
1512327|
1512352|
1512353|
1512354|
1512355|
1512356|
1512357|
1512358|
1512359|
1512384|
1512385|
1512386|
1512387|
1512388|
1512389|
1512390|
1512391|
1512416|
1512417|
1512418|
1512419|
1512420|
1512421|
1512422|
1512423|
1512448|
1512449|
1512450|
1512451|
1512452|
1512453|
1512454|
1512455|
1512480|
1512481|
1512482|
1512483|
1512484|
1512485|
1512486|
1512487|
1512512|
1512513|
1512514|
1512515|
1512516|
1512517|
1512518|
1512519|
1512544|
1512545|
1512546|
1512547|
1512548|
1512549|
1512550|
1512551|
1512576|
1512577|
1512578|
1512579|
1512580|
1512581|
1512582|
1512583|
1512608|
1512609|
1512610|
1512611|
1512612|
1512613|
1512614|
1512615|
1512640|
1512641|
1512642|
1512643|
1512644|
1512645|
1512646|
1512647|
1512672|
1512673|
1512674|
1512675|
1512676|
1512677|
1512678|
1512679|
1512704|
1512705|
1512706|
1512707|
1512708|
1512709|
1512710|
1512711|
1512736|
