269946374|
269946375|
269946400|
269946401|
269946402|
269946403|
269946404|
269946405|
269946406|
269946407|
269946432|
269946433|
269946434|
269946435|
269946436|
269946437|
269946438|
269946439|
269946464|
269946465|
269946466|
269946467|
269946468|
269946469|
269946470|
269946471|
269946496|
269946497|
269946498|
269946499|
269946500|
269946501|
269946502|
269946503|
269946528|
269946529|
269946530|
269946531|
269946532|
269946533|
269946534|
269946535|
269946560|
269946561|
269946562|
269946563|
269946564|
269946565|
269946566|
269946567|
269946592|
269946593|
269946594|
269946595|
269946596|
269946597|
269946598|
269946599|
269946624|
269946625|
269946626|
269946627|
269946628|
269946629|
269946630|
269946631|
269946656|
269946657|
269946658|
269946659|
269946660|
269946661|
269946662|
269946663|
269946688|
269946689|
269946690|
269946691|
269946692|
269946693|
269946694|
269946695|
269946720|
269946721|
269946722|
269946723|
269946724|
269946725|
269946726|
269946727|
269946752|
269946753|
269946754|
269946755|
269946756|
269946757|
269946758|
269946759|
269946784|
269946785|
