133686112|
133686113|
133686114|
133686115|
133686116|
133686117|
133686118|
133686119|
133686144|
133686145|
133686146|
133686147|
133686148|
133686149|
133686150|
133686151|
133686176|
133686177|
133686178|
133686179|
133686180|
133686181|
133686182|
133686183|
133686208|
133686209|
133686210|
133686211|
133686212|
133686213|
133686214|
133686215|
133686240|
133686241|
133686242|
133686243|
133686244|
133686245|
133686246|
133686247|
133686272|
133686273|
133686274|
133686275|
133686276|
133686277|
133686278|
133686279|
133686304|
133686305|
133686306|
133686307|
133686308|
133686309|
133686310|
133686311|
133686336|
133686337|
133686338|
133686339|
133686340|
133686341|
133686342|
133686343|
133686368|
133686369|
133686370|
133686371|
133686372|
133686373|
133686374|
133686375|
133686400|
133686401|
133686402|
133686403|
133686404|
133686405|
133686406|
133686407|
133686432|
133686433|
133686434|
133686435|
133686436|
133686437|
133686438|
133686439|
133686464|
133686465|
133686466|
133686467|
133686468|
133686469|
133686470|
133686471|
133686496|
133686497|
133686498|
133686499|
