134100195|
134100196|
134100197|
134100198|
134100199|
134100224|
134100225|
134100226|
134100227|
134100228|
134100229|
134100230|
134100231|
134100256|
134100257|
134100258|
134100259|
134100260|
134100261|
134100262|
134100263|
134100288|
134100289|
134100290|
134100291|
134100292|
134100293|
134100294|
134100295|
134100320|
134100321|
134100322|
134100323|
134100324|
134100325|
134100326|
134100327|
134100352|
134100353|
134100354|
134100355|
134100356|
134100357|
134100358|
134100359|
134100384|
134100385|
134100386|
134100387|
134100388|
134100389|
134100390|
134100391|
134100416|
134100417|
134100418|
134100419|
134100420|
134100421|
134100422|
134100423|
134100448|
134100449|
134100450|
134100451|
134100452|
134100453|
134100454|
134100455|
134100480|
134100481|
134100482|
134100483|
134100484|
134100485|
134100486|
134100487|
134100512|
134100513|
134100514|
134100515|
134100516|
134100517|
134100518|
134100519|
134100544|
134100545|
134100546|
134100547|
134100548|
134100549|
134100550|
134100551|
134100576|
134100577|
134100578|
134100579|
134100580|
134100581|
134100582|
