134478276|
134478277|
134478278|
134478279|
134478304|
134478305|
134478306|
134478307|
134478308|
134478309|
134478310|
134478311|
134478336|
134478337|
134478338|
134478339|
134478340|
134478341|
134478342|
134478343|
134478368|
134478369|
134478370|
134478371|
134478372|
134478373|
134478374|
134478375|
134478400|
134478401|
134478402|
134478403|
134478404|
134478405|
134478406|
134478407|
134478432|
134478433|
134478434|
134478435|
134478436|
134478437|
134478438|
134478439|
134478464|
134478465|
134478466|
134478467|
134478468|
134478469|
134478470|
134478471|
134478496|
134478497|
134478498|
134478499|
134478500|
134478501|
134478502|
134478503|
134478528|
134478529|
134478530|
134478531|
134478532|
134478533|
134478534|
134478535|
134478560|
134478561|
134478562|
134478563|
134478564|
134478565|
134478566|
134478567|
134478592|
134478593|
134478594|
134478595|
134478596|
134478597|
134478598|
134478599|
134478624|
134478625|
134478626|
134478627|
134478628|
134478629|
134478630|
134478631|
134478656|
134478657|
134478658|
134478659|
134478660|
134478661|
134478662|
134478663|
