134532291|
134532292|
134532293|
134532294|
134532295|
134532320|
134532321|
134532322|
134532323|
134532324|
134532325|
134532326|
134532327|
134532352|
134532353|
134532354|
134532355|
134532356|
134532357|
134532358|
134532359|
134532384|
134532385|
134532386|
134532387|
134532388|
134532389|
134532390|
134532391|
134532416|
134532417|
134532418|
134532419|
134532420|
134532421|
134532422|
134532423|
134532448|
134532449|
134532450|
134532451|
134532452|
134532453|
134532454|
134532455|
134532480|
134532481|
134532482|
134532483|
134532484|
134532485|
134532486|
134532487|
134532512|
134532513|
134532514|
134532515|
134532516|
134532517|
134532518|
134532519|
134532544|
134532545|
134532546|
134532547|
134532548|
134532549|
134532550|
134532551|
134532576|
134532577|
134532578|
134532579|
134532580|
134532581|
134532582|
134532583|
134532608|
134532609|
134532610|
134532611|
134532612|
134532613|
134532614|
134532615|
134532640|
134532641|
134532642|
134532643|
134532644|
134532645|
134532646|
134532647|
134532672|
134532673|
134532674|
134532675|
134532676|
134532677|
134532678|
