269190212|
269190213|
269190214|
269190215|
269190240|
269190241|
269190242|
269190243|
269190244|
269190245|
269190246|
269190247|
269190272|
269190273|
269190274|
269190275|
269190276|
269190277|
269190278|
269190279|
269190304|
269190305|
269190306|
269190307|
269190308|
269190309|
269190310|
269190311|
269190336|
269190337|
269190338|
269190339|
269190340|
269190341|
269190342|
269190343|
269190368|
269190369|
269190370|
269190371|
269190372|
269190373|
269190374|
269190375|
269190400|
269190401|
269190402|
269190403|
269190404|
269190405|
269190406|
269190407|
269190432|
269190433|
269190434|
269190435|
269190436|
269190437|
269190438|
269190439|
269190464|
269190465|
269190466|
269190467|
269190468|
269190469|
269190470|
269190471|
269190496|
269190497|
269190498|
269190499|
269190500|
269190501|
269190502|
269190503|
269190528|
269190529|
269190530|
269190531|
269190532|
269190533|
269190534|
269190535|
269190560|
269190561|
269190562|
269190563|
269190564|
269190565|
269190566|
269190567|
269190592|
269190593|
269190594|
269190595|
269190596|
269190597|
269190598|
269190599|
