269658310|
269658311|
269658336|
269658337|
269658338|
269658339|
269658340|
269658341|
269658342|
269658343|
269658368|
269658369|
269658370|
269658371|
269658372|
269658373|
269658374|
269658375|
269658400|
269658401|
269658402|
269658403|
269658404|
269658405|
269658406|
269658407|
269658432|
269658433|
269658434|
269658435|
269658436|
269658437|
269658438|
269658439|
269658464|
269658465|
269658466|
269658467|
269658468|
269658469|
269658470|
269658471|
269658496|
269658497|
269658498|
269658499|
269658500|
269658501|
269658502|
269658503|
269658528|
269658529|
269658530|
269658531|
269658532|
269658533|
269658534|
269658535|
269658560|
269658561|
269658562|
269658563|
269658564|
269658565|
269658566|
269658567|
269658592|
269658593|
269658594|
269658595|
269658596|
269658597|
269658598|
269658599|
269658624|
269658625|
269658626|
269658627|
269658628|
269658629|
269658630|
269658631|
269658656|
269658657|
269658658|
269658659|
269658660|
269658661|
269658662|
269658663|
269658688|
269658689|
269658690|
269658691|
269658692|
269658693|
269658694|
269658695|
269658720|
269658721|
