134370246|
134370247|
134370272|
134370273|
134370274|
134370275|
134370276|
134370277|
134370278|
134370279|
134370304|
134370305|
134370306|
134370307|
134370308|
134370309|
134370310|
134370311|
134370336|
134370337|
134370338|
134370339|
134370340|
134370341|
134370342|
134370343|
134370368|
134370369|
134370370|
134370371|
134370372|
134370373|
134370374|
134370375|
134370400|
134370401|
134370402|
134370403|
134370404|
134370405|
134370406|
134370407|
134370432|
134370433|
134370434|
134370435|
134370436|
134370437|
134370438|
134370439|
134370464|
134370465|
134370466|
134370467|
134370468|
134370469|
134370470|
134370471|
134370496|
134370497|
134370498|
134370499|
134370500|
134370501|
134370502|
134370503|
134370528|
134370529|
134370530|
134370531|
134370532|
134370533|
134370534|
134370535|
134370560|
134370561|
134370562|
134370563|
134370564|
134370565|
134370566|
134370567|
134370592|
134370593|
134370594|
134370595|
134370596|
134370597|
134370598|
134370599|
134370624|
134370625|
134370626|
134370627|
134370628|
134370629|
134370630|
134370631|
134370656|
134370657|
