269226214|
269226215|
269226240|
269226241|
269226242|
269226243|
269226244|
269226245|
269226246|
269226247|
269226272|
269226273|
269226274|
269226275|
269226276|
269226277|
269226278|
269226279|
269226304|
269226305|
269226306|
269226307|
269226308|
269226309|
269226310|
269226311|
269226336|
269226337|
269226338|
269226339|
269226340|
269226341|
269226342|
269226343|
269226368|
269226369|
269226370|
269226371|
269226372|
269226373|
269226374|
269226375|
269226400|
269226401|
269226402|
269226403|
269226404|
269226405|
269226406|
269226407|
269226432|
269226433|
269226434|
269226435|
269226436|
269226437|
269226438|
269226439|
269226464|
269226465|
269226466|
269226467|
269226468|
269226469|
269226470|
269226471|
269226496|
269226497|
269226498|
269226499|
269226500|
269226501|
269226502|
269226503|
269226528|
269226529|
269226530|
269226531|
269226532|
269226533|
269226534|
269226535|
269226560|
269226561|
269226562|
269226563|
269226564|
269226565|
269226566|
269226567|
269226592|
269226593|
269226594|
269226595|
269226596|
269226597|
269226598|
269226599|
269226624|
269226625|
