702148|
702149|
702150|
702151|
702176|
702177|
702178|
702179|
702180|
702181|
702182|
702183|
702208|
702209|
702210|
702211|
702212|
702213|
702214|
702215|
702240|
702241|
702242|
702243|
702244|
702245|
702246|
702247|
702272|
702273|
702274|
702275|
702276|
702277|
702278|
702279|
702304|
702305|
702306|
702307|
702308|
702309|
702310|
702311|
702336|
702337|
702338|
702339|
702340|
702341|
702342|
702343|
702368|
702369|
702370|
702371|
702372|
702373|
702374|
702375|
702400|
702401|
702402|
702403|
702404|
702405|
702406|
702407|
702432|
702433|
702434|
702435|
702436|
702437|
702438|
702439|
702464|
702465|
702466|
702467|
702468|
702469|
702470|
702471|
702496|
702497|
702498|
702499|
702500|
702501|
702502|
702503|
702528|
702529|
702530|
702531|
702532|
702533|
702534|
702535|
