269640321|
269640322|
269640323|
269640324|
269640325|
269640326|
269640327|
269640352|
269640353|
269640354|
269640355|
269640356|
269640357|
269640358|
269640359|
269640384|
269640385|
269640386|
269640387|
269640388|
269640389|
269640390|
269640391|
269640416|
269640417|
269640418|
269640419|
269640420|
269640421|
269640422|
269640423|
269640448|
269640449|
269640450|
269640451|
269640452|
269640453|
269640454|
269640455|
269640480|
269640481|
269640482|
269640483|
269640484|
269640485|
269640486|
269640487|
269640512|
269640513|
269640514|
269640515|
269640516|
269640517|
269640518|
269640519|
269640544|
269640545|
269640546|
269640547|
269640548|
269640549|
269640550|
269640551|
269640576|
269640577|
269640578|
269640579|
269640580|
269640581|
269640582|
269640583|
269640608|
269640609|
269640610|
269640611|
269640612|
269640613|
269640614|
269640615|
269640640|
269640641|
269640642|
269640643|
269640644|
269640645|
269640646|
269640647|
269640672|
269640673|
269640674|
269640675|
269640676|
269640677|
269640678|
269640679|
269640704|
269640705|
269640706|
269640707|
269640708|
