269262240|
269262241|
269262242|
269262243|
269262244|
269262245|
269262246|
269262247|
269262272|
269262273|
269262274|
269262275|
269262276|
269262277|
269262278|
269262279|
269262304|
269262305|
269262306|
269262307|
269262308|
269262309|
269262310|
269262311|
269262336|
269262337|
269262338|
269262339|
269262340|
269262341|
269262342|
269262343|
269262368|
269262369|
269262370|
269262371|
269262372|
269262373|
269262374|
269262375|
269262400|
269262401|
269262402|
269262403|
269262404|
269262405|
269262406|
269262407|
269262432|
269262433|
269262434|
269262435|
269262436|
269262437|
269262438|
269262439|
269262464|
269262465|
269262466|
269262467|
269262468|
269262469|
269262470|
269262471|
269262496|
269262497|
269262498|
269262499|
269262500|
269262501|
269262502|
269262503|
269262528|
269262529|
269262530|
269262531|
269262532|
269262533|
269262534|
269262535|
269262560|
269262561|
269262562|
269262563|
269262564|
269262565|
269262566|
269262567|
269262592|
269262593|
269262594|
269262595|
269262596|
269262597|
269262598|
269262599|
269262624|
269262625|
269262626|
269262627|
