133956163|
133956164|
133956165|
133956166|
133956167|
133956192|
133956193|
133956194|
133956195|
133956196|
133956197|
133956198|
133956199|
133956224|
133956225|
133956226|
133956227|
133956228|
133956229|
133956230|
133956231|
133956256|
133956257|
133956258|
133956259|
133956260|
133956261|
133956262|
133956263|
133956288|
133956289|
133956290|
133956291|
133956292|
133956293|
133956294|
133956295|
133956320|
133956321|
133956322|
133956323|
133956324|
133956325|
133956326|
133956327|
133956352|
133956353|
133956354|
133956355|
133956356|
133956357|
133956358|
133956359|
133956384|
133956385|
133956386|
133956387|
133956388|
133956389|
133956390|
133956391|
133956416|
133956417|
133956418|
133956419|
133956420|
133956421|
133956422|
133956423|
133956448|
133956449|
133956450|
133956451|
133956452|
133956453|
133956454|
133956455|
133956480|
133956481|
133956482|
133956483|
133956484|
133956485|
133956486|
133956487|
133956512|
133956513|
133956514|
133956515|
133956516|
133956517|
133956518|
133956519|
133956544|
133956545|
133956546|
133956547|
133956548|
133956549|
133956550|
