269586306|
269586307|
269586308|
269586309|
269586310|
269586311|
269586336|
269586337|
269586338|
269586339|
269586340|
269586341|
269586342|
269586343|
269586368|
269586369|
269586370|
269586371|
269586372|
269586373|
269586374|
269586375|
269586400|
269586401|
269586402|
269586403|
269586404|
269586405|
269586406|
269586407|
269586432|
269586433|
269586434|
269586435|
269586436|
269586437|
269586438|
269586439|
269586464|
269586465|
269586466|
269586467|
269586468|
269586469|
269586470|
269586471|
269586496|
269586497|
269586498|
269586499|
269586500|
269586501|
269586502|
269586503|
269586528|
269586529|
269586530|
269586531|
269586532|
269586533|
269586534|
269586535|
269586560|
269586561|
269586562|
269586563|
269586564|
269586565|
269586566|
269586567|
269586592|
269586593|
269586594|
269586595|
269586596|
269586597|
269586598|
269586599|
269586624|
269586625|
269586626|
269586627|
269586628|
269586629|
269586630|
269586631|
269586656|
269586657|
269586658|
269586659|
269586660|
269586661|
269586662|
269586663|
269586688|
269586689|
269586690|
269586691|
269586692|
269586693|
