1530338|
1530339|
1530340|
1530341|
1530342|
1530343|
1530368|
1530369|
1530370|
1530371|
1530372|
1530373|
1530374|
1530375|
1530400|
1530401|
1530402|
1530403|
1530404|
1530405|
1530406|
1530407|
1530432|
1530433|
1530434|
1530435|
1530436|
1530437|
1530438|
1530439|
1530464|
1530465|
1530466|
1530467|
1530468|
1530469|
1530470|
1530471|
1530496|
1530497|
1530498|
1530499|
1530500|
1530501|
1530502|
1530503|
1530528|
1530529|
1530530|
1530531|
1530532|
1530533|
1530534|
1530535|
1530560|
1530561|
1530562|
1530563|
1530564|
1530565|
1530566|
1530567|
1530592|
1530593|
1530594|
1530595|
1530596|
1530597|
1530598|
1530599|
1530624|
1530625|
1530626|
1530627|
1530628|
1530629|
1530630|
1530631|
1530656|
1530657|
1530658|
1530659|
1530660|
1530661|
1530662|
1530663|
1530688|
1530689|
1530690|
1530691|
1530692|
1530693|
1530694|
1530695|
1530720|
1530721|
1530722|
1530723|
1530724|
1530725|
