1728385|
1728386|
1728387|
1728388|
1728389|
1728390|
1728391|
1728416|
1728417|
1728418|
1728419|
1728420|
1728421|
1728422|
1728423|
1728448|
1728449|
1728450|
1728451|
1728452|
1728453|
1728454|
1728455|
1728480|
1728481|
1728482|
1728483|
1728484|
1728485|
1728486|
1728487|
1728512|
1728513|
1728514|
1728515|
1728516|
1728517|
1728518|
1728519|
1728544|
1728545|
1728546|
1728547|
1728548|
1728549|
1728550|
1728551|
1728576|
1728577|
1728578|
1728579|
1728580|
1728581|
1728582|
1728583|
1728608|
1728609|
1728610|
1728611|
1728612|
1728613|
1728614|
1728615|
1728640|
1728641|
1728642|
1728643|
1728644|
1728645|
1728646|
1728647|
1728672|
1728673|
1728674|
1728675|
1728676|
1728677|
1728678|
1728679|
1728704|
1728705|
1728706|
1728707|
1728708|
1728709|
1728710|
1728711|
1728736|
1728737|
1728738|
1728739|
1728740|
1728741|
1728742|
1728743|
1728768|
1728769|
1728770|
1728771|
1728772|
