1314278|
1314279|
1314304|
1314305|
1314306|
1314307|
1314308|
1314309|
1314310|
1314311|
1314336|
1314337|
1314338|
1314339|
1314340|
1314341|
1314342|
1314343|
1314368|
1314369|
1314370|
1314371|
1314372|
1314373|
1314374|
1314375|
1314400|
1314401|
1314402|
1314403|
1314404|
1314405|
1314406|
1314407|
1314432|
1314433|
1314434|
1314435|
1314436|
1314437|
1314438|
1314439|
1314464|
1314465|
1314466|
1314467|
1314468|
1314469|
1314470|
1314471|
1314496|
1314497|
1314498|
1314499|
1314500|
1314501|
1314502|
1314503|
1314528|
1314529|
1314530|
1314531|
1314532|
1314533|
1314534|
1314535|
1314560|
1314561|
1314562|
1314563|
1314564|
1314565|
1314566|
1314567|
1314592|
1314593|
1314594|
1314595|
1314596|
1314597|
1314598|
1314599|
1314624|
1314625|
1314626|
1314627|
1314628|
1314629|
1314630|
1314631|
1314656|
1314657|
1314658|
1314659|
1314660|
1314661|
1314662|
1314663|
1314688|
1314689|
