1026214|
1026215|
1026240|
1026241|
1026242|
1026243|
1026244|
1026245|
1026246|
1026247|
1026272|
1026273|
1026274|
1026275|
1026276|
1026277|
1026278|
1026279|
1026304|
1026305|
1026306|
1026307|
1026308|
1026309|
1026310|
1026311|
1026336|
1026337|
1026338|
1026339|
1026340|
1026341|
1026342|
1026343|
1026368|
1026369|
1026370|
1026371|
1026372|
1026373|
1026374|
1026375|
1026400|
1026401|
1026402|
1026403|
1026404|
1026405|
1026406|
1026407|
1026432|
1026433|
1026434|
1026435|
1026436|
1026437|
1026438|
1026439|
1026464|
1026465|
1026466|
1026467|
1026468|
1026469|
1026470|
1026471|
1026496|
1026497|
1026498|
1026499|
1026500|
1026501|
1026502|
1026503|
1026528|
1026529|
1026530|
1026531|
1026532|
1026533|
1026534|
1026535|
1026560|
1026561|
1026562|
1026563|
1026564|
1026565|
1026566|
1026567|
1026592|
1026593|
1026594|
1026595|
1026596|
1026597|
1026598|
1026599|
1026624|
1026625|
