269010178|
269010179|
269010180|
269010181|
269010182|
269010183|
269010208|
269010209|
269010210|
269010211|
269010212|
269010213|
269010214|
269010215|
269010240|
269010241|
269010242|
269010243|
269010244|
269010245|
269010246|
269010247|
269010272|
269010273|
269010274|
269010275|
269010276|
269010277|
269010278|
269010279|
269010304|
269010305|
269010306|
269010307|
269010308|
269010309|
269010310|
269010311|
269010336|
269010337|
269010338|
269010339|
269010340|
269010341|
269010342|
269010343|
269010368|
269010369|
269010370|
269010371|
269010372|
269010373|
269010374|
269010375|
269010400|
269010401|
269010402|
269010403|
269010404|
269010405|
269010406|
269010407|
269010432|
269010433|
269010434|
269010435|
269010436|
269010437|
269010438|
269010439|
269010464|
269010465|
269010466|
269010467|
269010468|
269010469|
269010470|
269010471|
269010496|
269010497|
269010498|
269010499|
269010500|
269010501|
269010502|
269010503|
269010528|
269010529|
269010530|
269010531|
269010532|
269010533|
269010534|
269010535|
269010560|
269010561|
269010562|
269010563|
269010564|
269010565|
