134928385|
134928386|
134928387|
134928388|
134928389|
134928390|
134928391|
134928416|
134928417|
134928418|
134928419|
134928420|
134928421|
134928422|
134928423|
134928448|
134928449|
134928450|
134928451|
134928452|
134928453|
134928454|
134928455|
134928480|
134928481|
134928482|
134928483|
134928484|
134928485|
134928486|
134928487|
134928512|
134928513|
134928514|
134928515|
134928516|
134928517|
134928518|
134928519|
134928544|
134928545|
134928546|
134928547|
134928548|
134928549|
134928550|
134928551|
134928576|
134928577|
134928578|
134928579|
134928580|
134928581|
134928582|
134928583|
134928608|
134928609|
134928610|
134928611|
134928612|
134928613|
134928614|
134928615|
134928640|
134928641|
134928642|
134928643|
134928644|
134928645|
134928646|
134928647|
134928672|
134928673|
134928674|
134928675|
134928676|
134928677|
134928678|
134928679|
134928704|
134928705|
134928706|
134928707|
134928708|
134928709|
134928710|
134928711|
134928736|
134928737|
134928738|
134928739|
134928740|
134928741|
134928742|
134928743|
134928768|
134928769|
134928770|
134928771|
134928772|
