269568293|
269568294|
269568295|
269568320|
269568321|
269568322|
269568323|
269568324|
269568325|
269568326|
269568327|
269568352|
269568353|
269568354|
269568355|
269568356|
269568357|
269568358|
269568359|
269568384|
269568385|
269568386|
269568387|
269568388|
269568389|
269568390|
269568391|
269568416|
269568417|
269568418|
269568419|
269568420|
269568421|
269568422|
269568423|
269568448|
269568449|
269568450|
269568451|
269568452|
269568453|
269568454|
269568455|
269568480|
269568481|
269568482|
269568483|
269568484|
269568485|
269568486|
269568487|
269568512|
269568513|
269568514|
269568515|
269568516|
269568517|
269568518|
269568519|
269568544|
269568545|
269568546|
269568547|
269568548|
269568549|
269568550|
269568551|
269568576|
269568577|
269568578|
269568579|
269568580|
269568581|
269568582|
269568583|
269568608|
269568609|
269568610|
269568611|
269568612|
269568613|
269568614|
269568615|
269568640|
269568641|
269568642|
269568643|
269568644|
269568645|
269568646|
269568647|
269568672|
269568673|
269568674|
269568675|
269568676|
269568677|
269568678|
269568679|
269568704|
