269244227|
269244228|
269244229|
269244230|
269244231|
269244256|
269244257|
269244258|
269244259|
269244260|
269244261|
269244262|
269244263|
269244288|
269244289|
269244290|
269244291|
269244292|
269244293|
269244294|
269244295|
269244320|
269244321|
269244322|
269244323|
269244324|
269244325|
269244326|
269244327|
269244352|
269244353|
269244354|
269244355|
269244356|
269244357|
269244358|
269244359|
269244384|
269244385|
269244386|
269244387|
269244388|
269244389|
269244390|
269244391|
269244416|
269244417|
269244418|
269244419|
269244420|
269244421|
269244422|
269244423|
269244448|
269244449|
269244450|
269244451|
269244452|
269244453|
269244454|
269244455|
269244480|
269244481|
269244482|
269244483|
269244484|
269244485|
269244486|
269244487|
269244512|
269244513|
269244514|
269244515|
269244516|
269244517|
269244518|
269244519|
269244544|
269244545|
269244546|
269244547|
269244548|
269244549|
269244550|
269244551|
269244576|
269244577|
269244578|
269244579|
269244580|
269244581|
269244582|
269244583|
269244608|
269244609|
269244610|
269244611|
269244612|
269244613|
269244614|
