269622308|
269622309|
269622310|
269622311|
269622336|
269622337|
269622338|
269622339|
269622340|
269622341|
269622342|
269622343|
269622368|
269622369|
269622370|
269622371|
269622372|
269622373|
269622374|
269622375|
269622400|
269622401|
269622402|
269622403|
269622404|
269622405|
269622406|
269622407|
269622432|
269622433|
269622434|
269622435|
269622436|
269622437|
269622438|
269622439|
269622464|
269622465|
269622466|
269622467|
269622468|
269622469|
269622470|
269622471|
269622496|
269622497|
269622498|
269622499|
269622500|
269622501|
269622502|
269622503|
269622528|
269622529|
269622530|
269622531|
269622532|
269622533|
269622534|
269622535|
269622560|
269622561|
269622562|
269622563|
269622564|
269622565|
269622566|
269622567|
269622592|
269622593|
269622594|
269622595|
269622596|
269622597|
269622598|
269622599|
269622624|
269622625|
269622626|
269622627|
269622628|
269622629|
269622630|
269622631|
269622656|
269622657|
269622658|
269622659|
269622660|
269622661|
269622662|
269622663|
269622688|
269622689|
269622690|
269622691|
269622692|
269622693|
269622694|
269622695|
