268488065|
268488066|
268488067|
268488068|
268488069|
268488070|
268488071|
268488096|
268488097|
268488098|
268488099|
268488100|
268488101|
268488102|
268488103|
268488128|
268488129|
268488130|
268488131|
268488132|
268488133|
268488134|
268488135|
268488160|
268488161|
268488162|
268488163|
268488164|
268488165|
268488166|
268488167|
268488192|
268488193|
268488194|
268488195|
268488196|
268488197|
268488198|
268488199|
268488224|
268488225|
268488226|
268488227|
268488228|
268488229|
268488230|
268488231|
268488256|
268488257|
268488258|
268488259|
268488260|
268488261|
268488262|
268488263|
268488288|
268488289|
268488290|
268488291|
268488292|
268488293|
268488294|
268488295|
268488320|
268488321|
268488322|
268488323|
268488324|
268488325|
268488326|
268488327|
268488352|
268488353|
268488354|
268488355|
268488356|
268488357|
268488358|
268488359|
268488384|
268488385|
268488386|
268488387|
268488388|
268488389|
268488390|
268488391|
268488416|
268488417|
268488418|
268488419|
268488420|
268488421|
268488422|
268488423|
268488448|
268488449|
268488450|
268488451|
268488452|
