133380035|
133380036|
133380037|
133380038|
133380039|
133380064|
133380065|
133380066|
133380067|
133380068|
133380069|
133380070|
133380071|
133380096|
133380097|
133380098|
133380099|
133380100|
133380101|
133380102|
133380103|
133380128|
133380129|
133380130|
133380131|
133380132|
133380133|
133380134|
133380135|
133380160|
133380161|
133380162|
133380163|
133380164|
133380165|
133380166|
133380167|
133380192|
133380193|
133380194|
133380195|
133380196|
133380197|
133380198|
133380199|
133380224|
133380225|
133380226|
133380227|
133380228|
133380229|
133380230|
133380231|
133380256|
133380257|
133380258|
133380259|
133380260|
133380261|
133380262|
133380263|
133380288|
133380289|
133380290|
133380291|
133380292|
133380293|
133380294|
133380295|
133380320|
133380321|
133380322|
133380323|
133380324|
133380325|
133380326|
133380327|
133380352|
133380353|
133380354|
133380355|
133380356|
133380357|
133380358|
133380359|
133380384|
133380385|
133380386|
133380387|
133380388|
133380389|
133380390|
133380391|
133380416|
133380417|
133380418|
133380419|
133380420|
133380421|
133380422|
