268830144|
268830145|
268830146|
268830147|
268830148|
268830149|
268830150|
268830151|
268830176|
268830177|
268830178|
268830179|
268830180|
268830181|
268830182|
268830183|
268830208|
268830209|
268830210|
268830211|
268830212|
268830213|
268830214|
268830215|
268830240|
268830241|
268830242|
268830243|
268830244|
268830245|
268830246|
268830247|
268830272|
268830273|
268830274|
268830275|
268830276|
268830277|
268830278|
268830279|
268830304|
268830305|
268830306|
268830307|
268830308|
268830309|
268830310|
268830311|
268830336|
268830337|
268830338|
268830339|
268830340|
268830341|
268830342|
268830343|
268830368|
268830369|
268830370|
268830371|
268830372|
268830373|
268830374|
268830375|
268830400|
268830401|
268830402|
268830403|
268830404|
268830405|
268830406|
268830407|
268830432|
268830433|
268830434|
268830435|
268830436|
268830437|
268830438|
268830439|
268830464|
268830465|
268830466|
268830467|
268830468|
268830469|
268830470|
268830471|
268830496|
268830497|
268830498|
268830499|
268830500|
268830501|
268830502|
268830503|
268830528|
268830529|
268830530|
268830531|
