134136197|
134136198|
134136199|
134136224|
134136225|
134136226|
134136227|
134136228|
134136229|
134136230|
134136231|
134136256|
134136257|
134136258|
134136259|
134136260|
134136261|
134136262|
134136263|
134136288|
134136289|
134136290|
134136291|
134136292|
134136293|
134136294|
134136295|
134136320|
134136321|
134136322|
134136323|
134136324|
134136325|
134136326|
134136327|
134136352|
134136353|
134136354|
134136355|
134136356|
134136357|
134136358|
134136359|
134136384|
134136385|
134136386|
134136387|
134136388|
134136389|
134136390|
134136391|
134136416|
134136417|
134136418|
134136419|
134136420|
134136421|
134136422|
134136423|
134136448|
134136449|
134136450|
134136451|
134136452|
134136453|
134136454|
134136455|
134136480|
134136481|
134136482|
134136483|
134136484|
134136485|
134136486|
134136487|
134136512|
134136513|
134136514|
134136515|
134136516|
134136517|
134136518|
134136519|
134136544|
134136545|
134136546|
134136547|
134136548|
134136549|
134136550|
134136551|
134136576|
134136577|
134136578|
134136579|
134136580|
134136581|
134136582|
134136583|
134136608|
