134298242|
134298243|
134298244|
134298245|
134298246|
134298247|
134298272|
134298273|
134298274|
134298275|
134298276|
134298277|
134298278|
134298279|
134298304|
134298305|
134298306|
134298307|
134298308|
134298309|
134298310|
134298311|
134298336|
134298337|
134298338|
134298339|
134298340|
134298341|
134298342|
134298343|
134298368|
134298369|
134298370|
134298371|
134298372|
134298373|
134298374|
134298375|
134298400|
134298401|
134298402|
134298403|
134298404|
134298405|
134298406|
134298407|
134298432|
134298433|
134298434|
134298435|
134298436|
134298437|
134298438|
134298439|
134298464|
134298465|
134298466|
134298467|
134298468|
134298469|
134298470|
134298471|
134298496|
134298497|
134298498|
134298499|
134298500|
134298501|
134298502|
134298503|
134298528|
134298529|
134298530|
134298531|
134298532|
134298533|
134298534|
134298535|
134298560|
134298561|
134298562|
134298563|
134298564|
134298565|
134298566|
134298567|
134298592|
134298593|
134298594|
134298595|
134298596|
134298597|
134298598|
134298599|
134298624|
134298625|
134298626|
134298627|
134298628|
134298629|
