134226214|
134226215|
134226240|
134226241|
134226242|
134226243|
134226244|
134226245|
134226246|
134226247|
134226272|
134226273|
134226274|
134226275|
134226276|
134226277|
134226278|
134226279|
134226304|
134226305|
134226306|
134226307|
134226308|
134226309|
134226310|
134226311|
134226336|
134226337|
134226338|
134226339|
134226340|
134226341|
134226342|
134226343|
134226368|
134226369|
134226370|
134226371|
134226372|
134226373|
134226374|
134226375|
134226400|
134226401|
134226402|
134226403|
134226404|
134226405|
134226406|
134226407|
134226432|
134226433|
134226434|
134226435|
134226436|
134226437|
134226438|
134226439|
134226464|
134226465|
134226466|
134226467|
134226468|
134226469|
134226470|
134226471|
134226496|
134226497|
134226498|
134226499|
134226500|
134226501|
134226502|
134226503|
134226528|
134226529|
134226530|
134226531|
134226532|
134226533|
134226534|
134226535|
134226560|
134226561|
134226562|
134226563|
134226564|
134226565|
134226566|
134226567|
134226592|
134226593|
134226594|
134226595|
134226596|
134226597|
134226598|
134226599|
134226624|
134226625|
