558116|
558117|
558118|
558119|
558144|
558145|
558146|
558147|
558148|
558149|
558150|
558151|
558176|
558177|
558178|
558179|
558180|
558181|
558182|
558183|
558208|
558209|
558210|
558211|
558212|
558213|
558214|
558215|
558240|
558241|
558242|
558243|
558244|
558245|
558246|
558247|
558272|
558273|
558274|
558275|
558276|
558277|
558278|
558279|
558304|
558305|
558306|
558307|
558308|
558309|
558310|
558311|
558336|
558337|
558338|
558339|
558340|
558341|
558342|
558343|
558368|
558369|
558370|
558371|
558372|
558373|
558374|
558375|
558400|
558401|
558402|
558403|
558404|
558405|
558406|
558407|
558432|
558433|
558434|
558435|
558436|
558437|
558438|
558439|
558464|
558465|
558466|
558467|
558468|
558469|
558470|
558471|
558496|
558497|
558498|
558499|
558500|
558501|
558502|
558503|
