810178|
810179|
810180|
810181|
810182|
810183|
810208|
810209|
810210|
810211|
810212|
810213|
810214|
810215|
810240|
810241|
810242|
810243|
810244|
810245|
810246|
810247|
810272|
810273|
810274|
810275|
810276|
810277|
810278|
810279|
810304|
810305|
810306|
810307|
810308|
810309|
810310|
810311|
810336|
810337|
810338|
810339|
810340|
810341|
810342|
810343|
810368|
810369|
810370|
810371|
810372|
810373|
810374|
810375|
810400|
810401|
810402|
810403|
810404|
810405|
810406|
810407|
810432|
810433|
810434|
810435|
810436|
810437|
810438|
810439|
810464|
810465|
810466|
810467|
810468|
810469|
810470|
810471|
810496|
810497|
810498|
810499|
810500|
810501|
810502|
810503|
810528|
810529|
810530|
810531|
810532|
810533|
810534|
810535|
810560|
810561|
810562|
810563|
810564|
810565|
