828167|
828192|
828193|
828194|
828195|
828196|
828197|
828198|
828199|
828224|
828225|
828226|
828227|
828228|
828229|
828230|
828231|
828256|
828257|
828258|
828259|
828260|
828261|
828262|
828263|
828288|
828289|
828290|
828291|
828292|
828293|
828294|
828295|
828320|
828321|
828322|
828323|
828324|
828325|
828326|
828327|
828352|
828353|
828354|
828355|
828356|
828357|
828358|
828359|
828384|
828385|
828386|
828387|
828388|
828389|
828390|
828391|
828416|
828417|
828418|
828419|
828420|
828421|
828422|
828423|
828448|
828449|
828450|
828451|
828452|
828453|
828454|
828455|
828480|
828481|
828482|
828483|
828484|
828485|
828486|
828487|
828512|
828513|
828514|
828515|
828516|
828517|
828518|
828519|
828544|
828545|
828546|
828547|
828548|
828549|
828550|
828551|
828576|
828577|
828578|
