133542080|
133542081|
133542082|
133542083|
133542084|
133542085|
133542086|
133542087|
133542112|
133542113|
133542114|
133542115|
133542116|
133542117|
133542118|
133542119|
133542144|
133542145|
133542146|
133542147|
133542148|
133542149|
133542150|
133542151|
133542176|
133542177|
133542178|
133542179|
133542180|
133542181|
133542182|
133542183|
133542208|
133542209|
133542210|
133542211|
133542212|
133542213|
133542214|
133542215|
133542240|
133542241|
133542242|
133542243|
133542244|
133542245|
133542246|
133542247|
133542272|
133542273|
133542274|
133542275|
133542276|
133542277|
133542278|
133542279|
133542304|
133542305|
133542306|
133542307|
133542308|
133542309|
133542310|
133542311|
133542336|
133542337|
133542338|
133542339|
133542340|
133542341|
133542342|
133542343|
133542368|
133542369|
133542370|
133542371|
133542372|
133542373|
133542374|
133542375|
133542400|
133542401|
133542402|
133542403|
133542404|
133542405|
133542406|
133542407|
133542432|
133542433|
133542434|
133542435|
133542436|
133542437|
133542438|
133542439|
133542464|
133542465|
133542466|
133542467|
