342080|
342081|
342082|
342083|
342084|
342085|
342086|
342087|
342112|
342113|
342114|
342115|
342116|
342117|
342118|
342119|
342144|
342145|
342146|
342147|
342148|
342149|
342150|
342151|
342176|
342177|
342178|
342179|
342180|
342181|
342182|
342183|
342208|
342209|
342210|
342211|
342212|
342213|
342214|
342215|
342240|
342241|
342242|
342243|
342244|
342245|
342246|
342247|
342272|
342273|
342274|
342275|
342276|
342277|
342278|
342279|
342304|
342305|
342306|
342307|
342308|
342309|
342310|
342311|
342336|
342337|
342338|
342339|
342340|
342341|
342342|
342343|
342368|
342369|
342370|
342371|
342372|
342373|
342374|
342375|
342400|
342401|
342402|
342403|
342404|
342405|
342406|
342407|
342432|
342433|
342434|
342435|
342436|
342437|
342438|
342439|
342464|
342465|
342466|
342467|
