133650086|
133650087|
133650112|
133650113|
133650114|
133650115|
133650116|
133650117|
133650118|
133650119|
133650144|
133650145|
133650146|
133650147|
133650148|
133650149|
133650150|
133650151|
133650176|
133650177|
133650178|
133650179|
133650180|
133650181|
133650182|
133650183|
133650208|
133650209|
133650210|
133650211|
133650212|
133650213|
133650214|
133650215|
133650240|
133650241|
133650242|
133650243|
133650244|
133650245|
133650246|
133650247|
133650272|
133650273|
133650274|
133650275|
133650276|
133650277|
133650278|
133650279|
133650304|
133650305|
133650306|
133650307|
133650308|
133650309|
133650310|
133650311|
133650336|
133650337|
133650338|
133650339|
133650340|
133650341|
133650342|
133650343|
133650368|
133650369|
133650370|
133650371|
133650372|
133650373|
133650374|
133650375|
133650400|
133650401|
133650402|
133650403|
133650404|
133650405|
133650406|
133650407|
133650432|
133650433|
133650434|
133650435|
133650436|
133650437|
133650438|
133650439|
133650464|
133650465|
133650466|
133650467|
133650468|
133650469|
133650470|
133650471|
133650496|
133650497|
