954210|
954211|
954212|
954213|
954214|
954215|
954240|
954241|
954242|
954243|
954244|
954245|
954246|
954247|
954272|
954273|
954274|
954275|
954276|
954277|
954278|
954279|
954304|
954305|
954306|
954307|
954308|
954309|
954310|
954311|
954336|
954337|
954338|
954339|
954340|
954341|
954342|
954343|
954368|
954369|
954370|
954371|
954372|
954373|
954374|
954375|
954400|
954401|
954402|
954403|
954404|
954405|
954406|
954407|
954432|
954433|
954434|
954435|
954436|
954437|
954438|
954439|
954464|
954465|
954466|
954467|
954468|
954469|
954470|
954471|
954496|
954497|
954498|
954499|
954500|
954501|
954502|
954503|
954528|
954529|
954530|
954531|
954532|
954533|
954534|
954535|
954560|
954561|
954562|
954563|
954564|
954565|
954566|
954567|
954592|
954593|
954594|
954595|
954596|
954597|
