990212|
990213|
990214|
990215|
990240|
990241|
990242|
990243|
990244|
990245|
990246|
990247|
990272|
990273|
990274|
990275|
990276|
990277|
990278|
990279|
990304|
990305|
990306|
990307|
990308|
990309|
990310|
990311|
990336|
990337|
990338|
990339|
990340|
990341|
990342|
990343|
990368|
990369|
990370|
990371|
990372|
990373|
990374|
990375|
990400|
990401|
990402|
990403|
990404|
990405|
990406|
990407|
990432|
990433|
990434|
990435|
990436|
990437|
990438|
990439|
990464|
990465|
990466|
990467|
990468|
990469|
990470|
990471|
990496|
990497|
990498|
990499|
990500|
990501|
990502|
990503|
990528|
990529|
990530|
990531|
990532|
990533|
990534|
990535|
990560|
990561|
990562|
990563|
990564|
990565|
990566|
990567|
990592|
990593|
990594|
990595|
990596|
990597|
990598|
990599|
