133758116|
133758117|
133758118|
133758119|
133758144|
133758145|
133758146|
133758147|
133758148|
133758149|
133758150|
133758151|
133758176|
133758177|
133758178|
133758179|
133758180|
133758181|
133758182|
133758183|
133758208|
133758209|
133758210|
133758211|
133758212|
133758213|
133758214|
133758215|
133758240|
133758241|
133758242|
133758243|
133758244|
133758245|
133758246|
133758247|
133758272|
133758273|
133758274|
133758275|
133758276|
133758277|
133758278|
133758279|
133758304|
133758305|
133758306|
133758307|
133758308|
133758309|
133758310|
133758311|
133758336|
133758337|
133758338|
133758339|
133758340|
133758341|
133758342|
133758343|
133758368|
133758369|
133758370|
133758371|
133758372|
133758373|
133758374|
133758375|
133758400|
133758401|
133758402|
133758403|
133758404|
133758405|
133758406|
133758407|
133758432|
133758433|
133758434|
133758435|
133758436|
133758437|
133758438|
133758439|
133758464|
133758465|
133758466|
133758467|
133758468|
133758469|
133758470|
133758471|
133758496|
133758497|
133758498|
133758499|
133758500|
133758501|
133758502|
133758503|
