269964387|
269964388|
269964389|
269964390|
269964391|
269964416|
269964417|
269964418|
269964419|
269964420|
269964421|
269964422|
269964423|
269964448|
269964449|
269964450|
269964451|
269964452|
269964453|
269964454|
269964455|
269964480|
269964481|
269964482|
269964483|
269964484|
269964485|
269964486|
269964487|
269964512|
269964513|
269964514|
269964515|
269964516|
269964517|
269964518|
269964519|
269964544|
269964545|
269964546|
269964547|
269964548|
269964549|
269964550|
269964551|
269964576|
269964577|
269964578|
269964579|
269964580|
269964581|
269964582|
269964583|
269964608|
269964609|
269964610|
269964611|
269964612|
269964613|
269964614|
269964615|
269964640|
269964641|
269964642|
269964643|
269964644|
269964645|
269964646|
269964647|
269964672|
269964673|
269964674|
269964675|
269964676|
269964677|
269964678|
269964679|
269964704|
269964705|
269964706|
269964707|
269964708|
269964709|
269964710|
269964711|
269964736|
269964737|
269964738|
269964739|
269964740|
269964741|
269964742|
269964743|
269964768|
269964769|
269964770|
269964771|
269964772|
269964773|
269964774|
