134694336|
134694337|
134694338|
134694339|
134694340|
134694341|
134694342|
134694343|
134694368|
134694369|
134694370|
134694371|
134694372|
134694373|
134694374|
134694375|
134694400|
134694401|
134694402|
134694403|
134694404|
134694405|
134694406|
134694407|
134694432|
134694433|
134694434|
134694435|
134694436|
134694437|
134694438|
134694439|
134694464|
134694465|
134694466|
134694467|
134694468|
134694469|
134694470|
134694471|
134694496|
134694497|
134694498|
134694499|
134694500|
134694501|
134694502|
134694503|
134694528|
134694529|
134694530|
134694531|
134694532|
134694533|
134694534|
134694535|
134694560|
134694561|
134694562|
134694563|
134694564|
134694565|
134694566|
134694567|
134694592|
134694593|
134694594|
134694595|
134694596|
134694597|
134694598|
134694599|
134694624|
134694625|
134694626|
134694627|
134694628|
134694629|
134694630|
134694631|
134694656|
134694657|
134694658|
134694659|
134694660|
134694661|
134694662|
134694663|
134694688|
134694689|
134694690|
134694691|
134694692|
134694693|
134694694|
134694695|
134694720|
134694721|
134694722|
134694723|
