269082182|
269082183|
269082208|
269082209|
269082210|
269082211|
269082212|
269082213|
269082214|
269082215|
269082240|
269082241|
269082242|
269082243|
269082244|
269082245|
269082246|
269082247|
269082272|
269082273|
269082274|
269082275|
269082276|
269082277|
269082278|
269082279|
269082304|
269082305|
269082306|
269082307|
269082308|
269082309|
269082310|
269082311|
269082336|
269082337|
269082338|
269082339|
269082340|
269082341|
269082342|
269082343|
269082368|
269082369|
269082370|
269082371|
269082372|
269082373|
269082374|
269082375|
269082400|
269082401|
269082402|
269082403|
269082404|
269082405|
269082406|
269082407|
269082432|
269082433|
269082434|
269082435|
269082436|
269082437|
269082438|
269082439|
269082464|
269082465|
269082466|
269082467|
269082468|
269082469|
269082470|
269082471|
269082496|
269082497|
269082498|
269082499|
269082500|
269082501|
269082502|
269082503|
269082528|
269082529|
269082530|
269082531|
269082532|
269082533|
269082534|
269082535|
269082560|
269082561|
269082562|
269082563|
269082564|
269082565|
269082566|
269082567|
269082592|
269082593|
