186116|
186117|
186118|
186119|
186144|
186145|
186146|
186147|
186148|
186149|
186150|
186151|
186176|
186177|
186178|
186179|
186180|
186181|
186182|
186183|
186208|
186209|
186210|
186211|
186212|
186213|
186214|
186215|
186240|
186241|
186242|
186243|
186244|
186245|
186246|
186247|
186272|
186273|
186274|
186275|
186276|
186277|
186278|
186279|
186304|
186305|
186306|
186307|
186308|
186309|
186310|
186311|
186336|
186337|
186338|
186339|
186340|
186341|
186342|
186343|
186368|
186369|
186370|
186371|
186372|
186373|
186374|
186375|
186400|
186401|
186402|
186403|
186404|
186405|
186406|
186407|
186432|
186433|
186434|
186435|
186436|
186437|
186438|
186439|
186464|
186465|
186466|
186467|
186468|
186469|
186470|
186471|
186496|
186497|
186498|
186499|
186500|
186501|
186502|
186503|
