44772231|
44772256|
44772257|
44772258|
44772259|
44772260|
44772261|
44772262|
44772263|
44772288|
44772289|
44772290|
44772291|
44772292|
44772293|
44772294|
44772295|
44772320|
44772321|
44772322|
44772323|
44772324|
44772325|
44772326|
44772327|
44772352|
44772353|
44772354|
44772355|
44772356|
44772357|
44772358|
44772359|
44772384|
44772385|
44772386|
44772387|
44772388|
44772389|
44772390|
44772391|
44772416|
44772417|
44772418|
44772419|
44772420|
44772421|
44772422|
44772423|
44772448|
44772449|
44772450|
44772451|
44772452|
44772453|
44772454|
44772455|
44772480|
44772481|
44772482|
44772483|
44772484|
44772485|
44772486|
44772487|
44772512|
44772513|
44772514|
44772515|
44772516|
44772517|
44772518|
44772519|
44772544|
44772545|
44772546|
44772547|
44772548|
44772549|
44772550|
44772551|
44772576|
44772577|
44772578|
44772579|
44772580|
44772581|
44772582|
44772583|
44772608|
44772609|
44772610|
44772611|
44772612|
44772613|
44772614|
44772615|
44772640|
44772641|
44772642|
