168101|
168102|
168103|
168128|
168129|
168130|
168131|
168132|
168133|
168134|
168135|
168160|
168161|
168162|
168163|
168164|
168165|
168166|
168167|
168192|
168193|
168194|
168195|
168196|
168197|
168198|
168199|
168224|
168225|
168226|
168227|
168228|
168229|
168230|
168231|
168256|
168257|
168258|
168259|
168260|
168261|
168262|
168263|
168288|
168289|
168290|
168291|
168292|
168293|
168294|
168295|
168320|
168321|
168322|
168323|
168324|
168325|
168326|
168327|
168352|
168353|
168354|
168355|
168356|
168357|
168358|
168359|
168384|
168385|
168386|
168387|
168388|
168389|
168390|
168391|
168416|
168417|
168418|
168419|
168420|
168421|
168422|
168423|
168448|
168449|
168450|
168451|
168452|
168453|
168454|
168455|
168480|
168481|
168482|
168483|
168484|
168485|
168486|
168487|
168512|
