89808261|
89808262|
89808263|
89808288|
89808289|
89808290|
89808291|
89808292|
89808293|
89808294|
89808295|
89808320|
89808321|
89808322|
89808323|
89808324|
89808325|
89808326|
89808327|
89808352|
89808353|
89808354|
89808355|
89808356|
89808357|
89808358|
89808359|
89808384|
89808385|
89808386|
89808387|
89808388|
89808389|
89808390|
89808391|
89808416|
89808417|
89808418|
89808419|
89808420|
89808421|
89808422|
89808423|
89808448|
89808449|
89808450|
89808451|
89808452|
89808453|
89808454|
89808455|
89808480|
89808481|
89808482|
89808483|
89808484|
89808485|
89808486|
89808487|
89808512|
89808513|
89808514|
89808515|
89808516|
89808517|
89808518|
89808519|
89808544|
89808545|
89808546|
89808547|
89808548|
89808549|
89808550|
89808551|
89808576|
89808577|
89808578|
89808579|
89808580|
89808581|
89808582|
89808583|
89808608|
89808609|
89808610|
89808611|
89808612|
89808613|
89808614|
89808615|
89808640|
89808641|
89808642|
89808643|
89808644|
89808645|
89808646|
89808647|
89808672|
