44952357|
44952358|
44952359|
44952384|
44952385|
44952386|
44952387|
44952388|
44952389|
44952390|
44952391|
44952416|
44952417|
44952418|
44952419|
44952420|
44952421|
44952422|
44952423|
44952448|
44952449|
44952450|
44952451|
44952452|
44952453|
44952454|
44952455|
44952480|
44952481|
44952482|
44952483|
44952484|
44952485|
44952486|
44952487|
44952512|
44952513|
44952514|
44952515|
44952516|
44952517|
44952518|
44952519|
44952544|
44952545|
44952546|
44952547|
44952548|
44952549|
44952550|
44952551|
44952576|
44952577|
44952578|
44952579|
44952580|
44952581|
44952582|
44952583|
44952608|
44952609|
44952610|
44952611|
44952612|
44952613|
44952614|
44952615|
44952640|
44952641|
44952642|
44952643|
44952644|
44952645|
44952646|
44952647|
44952672|
44952673|
44952674|
44952675|
44952676|
44952677|
44952678|
44952679|
44952704|
44952705|
44952706|
44952707|
44952708|
44952709|
44952710|
44952711|
44952736|
44952737|
44952738|
44952739|
44952740|
44952741|
44952742|
44952743|
44952768|
