44538084|
44538085|
44538086|
44538087|
44538112|
44538113|
44538114|
44538115|
44538116|
44538117|
44538118|
44538119|
44538144|
44538145|
44538146|
44538147|
44538148|
44538149|
44538150|
44538151|
44538176|
44538177|
44538178|
44538179|
44538180|
44538181|
44538182|
44538183|
44538208|
44538209|
44538210|
44538211|
44538212|
44538213|
44538214|
44538215|
44538240|
44538241|
44538242|
44538243|
44538244|
44538245|
44538246|
44538247|
44538272|
44538273|
44538274|
44538275|
44538276|
44538277|
44538278|
44538279|
44538304|
44538305|
44538306|
44538307|
44538308|
44538309|
44538310|
44538311|
44538336|
44538337|
44538338|
44538339|
44538340|
44538341|
44538342|
44538343|
44538368|
44538369|
44538370|
44538371|
44538372|
44538373|
44538374|
44538375|
44538400|
44538401|
44538402|
44538403|
44538404|
44538405|
44538406|
44538407|
44538432|
44538433|
44538434|
44538435|
44538436|
44538437|
44538438|
44538439|
44538464|
44538465|
44538466|
44538467|
44538468|
44538469|
44538470|
44538471|
