89868295|
89868320|
89868321|
89868322|
89868323|
89868324|
89868325|
89868326|
89868327|
89868352|
89868353|
89868354|
89868355|
89868356|
89868357|
89868358|
89868359|
89868384|
89868385|
89868386|
89868387|
89868388|
89868389|
89868390|
89868391|
89868416|
89868417|
89868418|
89868419|
89868420|
89868421|
89868422|
89868423|
89868448|
89868449|
89868450|
89868451|
89868452|
89868453|
89868454|
89868455|
89868480|
89868481|
89868482|
89868483|
89868484|
89868485|
89868486|
89868487|
89868512|
89868513|
89868514|
89868515|
89868516|
89868517|
89868518|
89868519|
89868544|
89868545|
89868546|
89868547|
89868548|
89868549|
89868550|
89868551|
89868576|
89868577|
89868578|
89868579|
89868580|
89868581|
89868582|
89868583|
89868608|
89868609|
89868610|
89868611|
89868612|
89868613|
89868614|
89868615|
89868640|
89868641|
89868642|
89868643|
89868644|
89868645|
89868646|
89868647|
89868672|
89868673|
89868674|
89868675|
89868676|
89868677|
89868678|
89868679|
89868704|
89868705|
89868706|
