89880321|
89880322|
89880323|
89880324|
89880325|
89880326|
89880327|
89880352|
89880353|
89880354|
89880355|
89880356|
89880357|
89880358|
89880359|
89880384|
89880385|
89880386|
89880387|
89880388|
89880389|
89880390|
89880391|
89880416|
89880417|
89880418|
89880419|
89880420|
89880421|
89880422|
89880423|
89880448|
89880449|
89880450|
89880451|
89880452|
89880453|
89880454|
89880455|
89880480|
89880481|
89880482|
89880483|
89880484|
89880485|
89880486|
89880487|
89880512|
89880513|
89880514|
89880515|
89880516|
89880517|
89880518|
89880519|
89880544|
89880545|
89880546|
89880547|
89880548|
89880549|
89880550|
89880551|
89880576|
89880577|
89880578|
89880579|
89880580|
89880581|
89880582|
89880583|
89880608|
89880609|
89880610|
89880611|
89880612|
89880613|
89880614|
89880615|
89880640|
89880641|
89880642|
89880643|
89880644|
89880645|
89880646|
89880647|
89880672|
89880673|
89880674|
89880675|
89880676|
89880677|
89880678|
89880679|
89880704|
89880705|
89880706|
89880707|
89880708|
