44970372|
44970373|
44970374|
44970375|
44970400|
44970401|
44970402|
44970403|
44970404|
44970405|
44970406|
44970407|
44970432|
44970433|
44970434|
44970435|
44970436|
44970437|
44970438|
44970439|
44970464|
44970465|
44970466|
44970467|
44970468|
44970469|
44970470|
44970471|
44970496|
44970497|
44970498|
44970499|
44970500|
44970501|
44970502|
44970503|
44970528|
44970529|
44970530|
44970531|
44970532|
44970533|
44970534|
44970535|
44970560|
44970561|
44970562|
44970563|
44970564|
44970565|
44970566|
44970567|
44970592|
44970593|
44970594|
44970595|
44970596|
44970597|
44970598|
44970599|
44970624|
44970625|
44970626|
44970627|
44970628|
44970629|
44970630|
44970631|
44970656|
44970657|
44970658|
44970659|
44970660|
44970661|
44970662|
44970663|
44970688|
44970689|
44970690|
44970691|
44970692|
44970693|
44970694|
44970695|
44970720|
44970721|
44970722|
44970723|
44970724|
44970725|
44970726|
44970727|
44970752|
44970753|
44970754|
44970755|
44970756|
44970757|
44970758|
44970759|
