180103|
180128|
180129|
180130|
180131|
180132|
180133|
180134|
180135|
180160|
180161|
180162|
180163|
180164|
180165|
180166|
180167|
180192|
180193|
180194|
180195|
180196|
180197|
180198|
180199|
180224|
180225|
180226|
180227|
180228|
180229|
180230|
180231|
180256|
180257|
180258|
180259|
180260|
180261|
180262|
180263|
180288|
180289|
180290|
180291|
180292|
180293|
180294|
180295|
180320|
180321|
180322|
180323|
180324|
180325|
180326|
180327|
180352|
180353|
180354|
180355|
180356|
180357|
180358|
180359|
180384|
180385|
180386|
180387|
180388|
180389|
180390|
180391|
180416|
180417|
180418|
180419|
180420|
180421|
180422|
180423|
180448|
180449|
180450|
180451|
180452|
180453|
180454|
180455|
180480|
180481|
180482|
180483|
180484|
180485|
180486|
180487|
180512|
180513|
180514|
