576385|
576386|
576387|
576388|
576389|
576390|
576391|
576416|
576417|
576418|
576419|
576420|
576421|
576422|
576423|
576448|
576449|
576450|
576451|
576452|
576453|
576454|
576455|
576480|
576481|
576482|
576483|
576484|
576485|
576486|
576487|
576512|
576513|
576514|
576515|
576516|
576517|
576518|
576519|
576544|
576545|
576546|
576547|
576548|
576549|
576550|
576551|
576576|
576577|
576578|
576579|
576580|
576581|
576582|
576583|
576608|
576609|
576610|
576611|
576612|
576613|
576614|
576615|
576640|
576641|
576642|
576643|
576644|
576645|
576646|
576647|
576672|
576673|
576674|
576675|
576676|
576677|
576678|
576679|
576704|
576705|
576706|
576707|
576708|
576709|
576710|
576711|
576736|
576737|
576738|
576739|
576740|
576741|
576742|
576743|
576768|
576769|
576770|
576771|
576772|
