89970372|
89970373|
89970374|
89970375|
89970400|
89970401|
89970402|
89970403|
89970404|
89970405|
89970406|
89970407|
89970432|
89970433|
89970434|
89970435|
89970436|
89970437|
89970438|
89970439|
89970464|
89970465|
89970466|
89970467|
89970468|
89970469|
89970470|
89970471|
89970496|
89970497|
89970498|
89970499|
89970500|
89970501|
89970502|
89970503|
89970528|
89970529|
89970530|
89970531|
89970532|
89970533|
89970534|
89970535|
89970560|
89970561|
89970562|
89970563|
89970564|
89970565|
89970566|
89970567|
89970592|
89970593|
89970594|
89970595|
89970596|
89970597|
89970598|
89970599|
89970624|
89970625|
89970626|
89970627|
89970628|
89970629|
89970630|
89970631|
89970656|
89970657|
89970658|
89970659|
89970660|
89970661|
89970662|
89970663|
89970688|
89970689|
89970690|
89970691|
89970692|
89970693|
89970694|
89970695|
89970720|
89970721|
89970722|
89970723|
89970724|
89970725|
89970726|
89970727|
89970752|
89970753|
89970754|
89970755|
89970756|
89970757|
89970758|
89970759|
