89556099|
89556100|
89556101|
89556102|
89556103|
89556128|
89556129|
89556130|
89556131|
89556132|
89556133|
89556134|
89556135|
89556160|
89556161|
89556162|
89556163|
89556164|
89556165|
89556166|
89556167|
89556192|
89556193|
89556194|
89556195|
89556196|
89556197|
89556198|
89556199|
89556224|
89556225|
89556226|
89556227|
89556228|
89556229|
89556230|
89556231|
89556256|
89556257|
89556258|
89556259|
89556260|
89556261|
89556262|
89556263|
89556288|
89556289|
89556290|
89556291|
89556292|
89556293|
89556294|
89556295|
89556320|
89556321|
89556322|
89556323|
89556324|
89556325|
89556326|
89556327|
89556352|
89556353|
89556354|
89556355|
89556356|
89556357|
89556358|
89556359|
89556384|
89556385|
89556386|
89556387|
89556388|
89556389|
89556390|
89556391|
89556416|
89556417|
89556418|
89556419|
89556420|
89556421|
89556422|
89556423|
89556448|
89556449|
89556450|
89556451|
89556452|
89556453|
89556454|
89556455|
89556480|
89556481|
89556482|
89556483|
89556484|
89556485|
89556486|
