366242|
366243|
366244|
366245|
366246|
366247|
366272|
366273|
366274|
366275|
366276|
366277|
366278|
366279|
366304|
366305|
366306|
366307|
366308|
366309|
366310|
366311|
366336|
366337|
366338|
366339|
366340|
366341|
366342|
366343|
366368|
366369|
366370|
366371|
366372|
366373|
366374|
366375|
366400|
366401|
366402|
366403|
366404|
366405|
366406|
366407|
366432|
366433|
366434|
366435|
366436|
366437|
366438|
366439|
366464|
366465|
366466|
366467|
366468|
366469|
366470|
366471|
366496|
366497|
366498|
366499|
366500|
366501|
366502|
366503|
366528|
366529|
366530|
366531|
366532|
366533|
366534|
366535|
366560|
366561|
366562|
366563|
366564|
366565|
366566|
366567|
366592|
366593|
366594|
366595|
366596|
366597|
366598|
366599|
366624|
366625|
366626|
366627|
366628|
366629|
