89934342|
89934343|
89934368|
89934369|
89934370|
89934371|
89934372|
89934373|
89934374|
89934375|
89934400|
89934401|
89934402|
89934403|
89934404|
89934405|
89934406|
89934407|
89934432|
89934433|
89934434|
89934435|
89934436|
89934437|
89934438|
89934439|
89934464|
89934465|
89934466|
89934467|
89934468|
89934469|
89934470|
89934471|
89934496|
89934497|
89934498|
89934499|
89934500|
89934501|
89934502|
89934503|
89934528|
89934529|
89934530|
89934531|
89934532|
89934533|
89934534|
89934535|
89934560|
89934561|
89934562|
89934563|
89934564|
89934565|
89934566|
89934567|
89934592|
89934593|
89934594|
89934595|
89934596|
89934597|
89934598|
89934599|
89934624|
89934625|
89934626|
89934627|
89934628|
89934629|
89934630|
89934631|
89934656|
89934657|
89934658|
89934659|
89934660|
89934661|
89934662|
89934663|
89934688|
89934689|
89934690|
89934691|
89934692|
89934693|
89934694|
89934695|
89934720|
89934721|
89934722|
89934723|
89934724|
89934725|
89934726|
89934727|
89934752|
89934753|
