89568101|
89568102|
89568103|
89568128|
89568129|
89568130|
89568131|
89568132|
89568133|
89568134|
89568135|
89568160|
89568161|
89568162|
89568163|
89568164|
89568165|
89568166|
89568167|
89568192|
89568193|
89568194|
89568195|
89568196|
89568197|
89568198|
89568199|
89568224|
89568225|
89568226|
89568227|
89568228|
89568229|
89568230|
89568231|
89568256|
89568257|
89568258|
89568259|
89568260|
89568261|
89568262|
89568263|
89568288|
89568289|
89568290|
89568291|
89568292|
89568293|
89568294|
89568295|
89568320|
89568321|
89568322|
89568323|
89568324|
89568325|
89568326|
89568327|
89568352|
89568353|
89568354|
89568355|
89568356|
89568357|
89568358|
89568359|
89568384|
89568385|
89568386|
89568387|
89568388|
89568389|
89568390|
89568391|
89568416|
89568417|
89568418|
89568419|
89568420|
89568421|
89568422|
89568423|
89568448|
89568449|
89568450|
89568451|
89568452|
89568453|
89568454|
89568455|
89568480|
89568481|
89568482|
89568483|
89568484|
89568485|
89568486|
89568487|
89568512|
