89694182|
89694183|
89694208|
89694209|
89694210|
89694211|
89694212|
89694213|
89694214|
89694215|
89694240|
89694241|
89694242|
89694243|
89694244|
89694245|
89694246|
89694247|
89694272|
89694273|
89694274|
89694275|
89694276|
89694277|
89694278|
89694279|
89694304|
89694305|
89694306|
89694307|
89694308|
89694309|
89694310|
89694311|
89694336|
89694337|
89694338|
89694339|
89694340|
89694341|
89694342|
89694343|
89694368|
89694369|
89694370|
89694371|
89694372|
89694373|
89694374|
89694375|
89694400|
89694401|
89694402|
89694403|
89694404|
89694405|
89694406|
89694407|
89694432|
89694433|
89694434|
89694435|
89694436|
89694437|
89694438|
89694439|
89694464|
89694465|
89694466|
89694467|
89694468|
89694469|
89694470|
89694471|
89694496|
89694497|
89694498|
89694499|
89694500|
89694501|
89694502|
89694503|
89694528|
89694529|
89694530|
89694531|
89694532|
89694533|
89694534|
89694535|
89694560|
89694561|
89694562|
89694563|
89694564|
89694565|
89694566|
89694567|
89694592|
89694593|
