44634148|
44634149|
44634150|
44634151|
44634176|
44634177|
44634178|
44634179|
44634180|
44634181|
44634182|
44634183|
44634208|
44634209|
44634210|
44634211|
44634212|
44634213|
44634214|
44634215|
44634240|
44634241|
44634242|
44634243|
44634244|
44634245|
44634246|
44634247|
44634272|
44634273|
44634274|
44634275|
44634276|
44634277|
44634278|
44634279|
44634304|
44634305|
44634306|
44634307|
44634308|
44634309|
44634310|
44634311|
44634336|
44634337|
44634338|
44634339|
44634340|
44634341|
44634342|
44634343|
44634368|
44634369|
44634370|
44634371|
44634372|
44634373|
44634374|
44634375|
44634400|
44634401|
44634402|
44634403|
44634404|
44634405|
44634406|
44634407|
44634432|
44634433|
44634434|
44634435|
44634436|
44634437|
44634438|
44634439|
44634464|
44634465|
44634466|
44634467|
44634468|
44634469|
44634470|
44634471|
44634496|
44634497|
44634498|
44634499|
44634500|
44634501|
44634502|
44634503|
44634528|
44634529|
44634530|
44634531|
44634532|
44634533|
44634534|
44634535|
