89472037|
89472038|
89472039|
89472064|
89472065|
89472066|
89472067|
89472068|
89472069|
89472070|
89472071|
89472096|
89472097|
89472098|
89472099|
89472100|
89472101|
89472102|
89472103|
89472128|
89472129|
89472130|
89472131|
89472132|
89472133|
89472134|
89472135|
89472160|
89472161|
89472162|
89472163|
89472164|
89472165|
89472166|
89472167|
89472192|
89472193|
89472194|
89472195|
89472196|
89472197|
89472198|
89472199|
89472224|
89472225|
89472226|
89472227|
89472228|
89472229|
89472230|
89472231|
89472256|
89472257|
89472258|
89472259|
89472260|
89472261|
89472262|
89472263|
89472288|
89472289|
89472290|
89472291|
89472292|
89472293|
89472294|
89472295|
89472320|
89472321|
89472322|
89472323|
89472324|
89472325|
89472326|
89472327|
89472352|
89472353|
89472354|
89472355|
89472356|
89472357|
89472358|
89472359|
89472384|
89472385|
89472386|
89472387|
89472388|
89472389|
89472390|
89472391|
89472416|
89472417|
89472418|
89472419|
89472420|
89472421|
89472422|
89472423|
89472448|
