44484039|
44484064|
44484065|
44484066|
44484067|
44484068|
44484069|
44484070|
44484071|
44484096|
44484097|
44484098|
44484099|
44484100|
44484101|
44484102|
44484103|
44484128|
44484129|
44484130|
44484131|
44484132|
44484133|
44484134|
44484135|
44484160|
44484161|
44484162|
44484163|
44484164|
44484165|
44484166|
44484167|
44484192|
44484193|
44484194|
44484195|
44484196|
44484197|
44484198|
44484199|
44484224|
44484225|
44484226|
44484227|
44484228|
44484229|
44484230|
44484231|
44484256|
44484257|
44484258|
44484259|
44484260|
44484261|
44484262|
44484263|
44484288|
44484289|
44484290|
44484291|
44484292|
44484293|
44484294|
44484295|
44484320|
44484321|
44484322|
44484323|
44484324|
44484325|
44484326|
44484327|
44484352|
44484353|
44484354|
44484355|
44484356|
44484357|
44484358|
44484359|
44484384|
44484385|
44484386|
44484387|
44484388|
44484389|
44484390|
44484391|
44484416|
44484417|
44484418|
44484419|
44484420|
44484421|
44484422|
44484423|
44484448|
44484449|
44484450|
