240161|
240162|
240163|
240164|
240165|
240166|
240167|
240192|
240193|
240194|
240195|
240196|
240197|
240198|
240199|
240224|
240225|
240226|
240227|
240228|
240229|
240230|
240231|
240256|
240257|
240258|
240259|
240260|
240261|
240262|
240263|
240288|
240289|
240290|
240291|
240292|
240293|
240294|
240295|
240320|
240321|
240322|
240323|
240324|
240325|
240326|
240327|
240352|
240353|
240354|
240355|
240356|
240357|
240358|
240359|
240384|
240385|
240386|
240387|
240388|
240389|
240390|
240391|
240416|
240417|
240418|
240419|
240420|
240421|
240422|
240423|
240448|
240449|
240450|
240451|
240452|
240453|
240454|
240455|
240480|
240481|
240482|
240483|
240484|
240485|
240486|
240487|
240512|
240513|
240514|
240515|
240516|
240517|
240518|
240519|
240544|
240545|
240546|
240547|
240548|
