44670178|
44670179|
44670180|
44670181|
44670182|
44670183|
44670208|
44670209|
44670210|
44670211|
44670212|
44670213|
44670214|
44670215|
44670240|
44670241|
44670242|
44670243|
44670244|
44670245|
44670246|
44670247|
44670272|
44670273|
44670274|
44670275|
44670276|
44670277|
44670278|
44670279|
44670304|
44670305|
44670306|
44670307|
44670308|
44670309|
44670310|
44670311|
44670336|
44670337|
44670338|
44670339|
44670340|
44670341|
44670342|
44670343|
44670368|
44670369|
44670370|
44670371|
44670372|
44670373|
44670374|
44670375|
44670400|
44670401|
44670402|
44670403|
44670404|
44670405|
44670406|
44670407|
44670432|
44670433|
44670434|
44670435|
44670436|
44670437|
44670438|
44670439|
44670464|
44670465|
44670466|
44670467|
44670468|
44670469|
44670470|
44670471|
44670496|
44670497|
44670498|
44670499|
44670500|
44670501|
44670502|
44670503|
44670528|
44670529|
44670530|
44670531|
44670532|
44670533|
44670534|
44670535|
44670560|
44670561|
44670562|
44670563|
44670564|
44670565|
