89766242|
89766243|
89766244|
89766245|
89766246|
89766247|
89766272|
89766273|
89766274|
89766275|
89766276|
89766277|
89766278|
89766279|
89766304|
89766305|
89766306|
89766307|
89766308|
89766309|
89766310|
89766311|
89766336|
89766337|
89766338|
89766339|
89766340|
89766341|
89766342|
89766343|
89766368|
89766369|
89766370|
89766371|
89766372|
89766373|
89766374|
89766375|
89766400|
89766401|
89766402|
89766403|
89766404|
89766405|
89766406|
89766407|
89766432|
89766433|
89766434|
89766435|
89766436|
89766437|
89766438|
89766439|
89766464|
89766465|
89766466|
89766467|
89766468|
89766469|
89766470|
89766471|
89766496|
89766497|
89766498|
89766499|
89766500|
89766501|
89766502|
89766503|
89766528|
89766529|
89766530|
89766531|
89766532|
89766533|
89766534|
89766535|
89766560|
89766561|
89766562|
89766563|
89766564|
89766565|
89766566|
89766567|
89766592|
89766593|
89766594|
89766595|
89766596|
89766597|
89766598|
89766599|
89766624|
89766625|
89766626|
89766627|
89766628|
89766629|
