156099|
156100|
156101|
156102|
156103|
156128|
156129|
156130|
156131|
156132|
156133|
156134|
156135|
156160|
156161|
156162|
156163|
156164|
156165|
156166|
156167|
156192|
156193|
156194|
156195|
156196|
156197|
156198|
156199|
156224|
156225|
156226|
156227|
156228|
156229|
156230|
156231|
156256|
156257|
156258|
156259|
156260|
156261|
156262|
156263|
156288|
156289|
156290|
156291|
156292|
156293|
156294|
156295|
156320|
156321|
156322|
156323|
156324|
156325|
156326|
156327|
156352|
156353|
156354|
156355|
156356|
156357|
156358|
156359|
156384|
156385|
156386|
156387|
156388|
156389|
156390|
156391|
156416|
156417|
156418|
156419|
156420|
156421|
156422|
156423|
156448|
156449|
156450|
156451|
156452|
156453|
156454|
156455|
156480|
156481|
156482|
156483|
156484|
156485|
156486|
