450304|
450305|
450306|
450307|
450308|
450309|
450310|
450311|
450336|
450337|
450338|
450339|
450340|
450341|
450342|
450343|
450368|
450369|
450370|
450371|
450372|
450373|
450374|
450375|
450400|
450401|
450402|
450403|
450404|
450405|
450406|
450407|
450432|
450433|
450434|
450435|
450436|
450437|
450438|
450439|
450464|
450465|
450466|
450467|
450468|
450469|
450470|
450471|
450496|
450497|
450498|
450499|
450500|
450501|
450502|
450503|
450528|
450529|
450530|
450531|
450532|
450533|
450534|
450535|
450560|
450561|
450562|
450563|
450564|
450565|
450566|
450567|
450592|
450593|
450594|
450595|
450596|
450597|
450598|
450599|
450624|
450625|
450626|
450627|
450628|
450629|
450630|
450631|
450656|
450657|
450658|
450659|
450660|
450661|
450662|
450663|
450688|
450689|
450690|
450691|
