89802272|
89802273|
89802274|
89802275|
89802276|
89802277|
89802278|
89802279|
89802304|
89802305|
89802306|
89802307|
89802308|
89802309|
89802310|
89802311|
89802336|
89802337|
89802338|
89802339|
89802340|
89802341|
89802342|
89802343|
89802368|
89802369|
89802370|
89802371|
89802372|
89802373|
89802374|
89802375|
89802400|
89802401|
89802402|
89802403|
89802404|
89802405|
89802406|
89802407|
89802432|
89802433|
89802434|
89802435|
89802436|
89802437|
89802438|
89802439|
89802464|
89802465|
89802466|
89802467|
89802468|
89802469|
89802470|
89802471|
89802496|
89802497|
89802498|
89802499|
89802500|
89802501|
89802502|
89802503|
89802528|
89802529|
89802530|
89802531|
89802532|
89802533|
89802534|
89802535|
89802560|
89802561|
89802562|
89802563|
89802564|
89802565|
89802566|
89802567|
89802592|
89802593|
89802594|
89802595|
89802596|
89802597|
89802598|
89802599|
89802624|
89802625|
89802626|
89802627|
89802628|
89802629|
89802630|
89802631|
89802656|
89802657|
89802658|
89802659|
