89646150|
89646151|
89646176|
89646177|
89646178|
89646179|
89646180|
89646181|
89646182|
89646183|
89646208|
89646209|
89646210|
89646211|
89646212|
89646213|
89646214|
89646215|
89646240|
89646241|
89646242|
89646243|
89646244|
89646245|
89646246|
89646247|
89646272|
89646273|
89646274|
89646275|
89646276|
89646277|
89646278|
89646279|
89646304|
89646305|
89646306|
89646307|
89646308|
89646309|
89646310|
89646311|
89646336|
89646337|
89646338|
89646339|
89646340|
89646341|
89646342|
89646343|
89646368|
89646369|
89646370|
89646371|
89646372|
89646373|
89646374|
89646375|
89646400|
89646401|
89646402|
89646403|
89646404|
89646405|
89646406|
89646407|
89646432|
89646433|
89646434|
89646435|
89646436|
89646437|
89646438|
89646439|
89646464|
89646465|
89646466|
89646467|
89646468|
89646469|
89646470|
89646471|
89646496|
89646497|
89646498|
89646499|
89646500|
89646501|
89646502|
89646503|
89646528|
89646529|
89646530|
89646531|
89646532|
89646533|
89646534|
89646535|
89646560|
89646561|
