420263|
420288|
420289|
420290|
420291|
420292|
420293|
420294|
420295|
420320|
420321|
420322|
420323|
420324|
420325|
420326|
420327|
420352|
420353|
420354|
420355|
420356|
420357|
420358|
420359|
420384|
420385|
420386|
420387|
420388|
420389|
420390|
420391|
420416|
420417|
420418|
420419|
420420|
420421|
420422|
420423|
420448|
420449|
420450|
420451|
420452|
420453|
420454|
420455|
420480|
420481|
420482|
420483|
420484|
420485|
420486|
420487|
420512|
420513|
420514|
420515|
420516|
420517|
420518|
420519|
420544|
420545|
420546|
420547|
420548|
420549|
420550|
420551|
420576|
420577|
420578|
420579|
420580|
420581|
420582|
420583|
420608|
420609|
420610|
420611|
420612|
420613|
420614|
420615|
420640|
420641|
420642|
420643|
420644|
420645|
420646|
420647|
420672|
420673|
420674|
