234148|
234149|
234150|
234151|
234176|
234177|
234178|
234179|
234180|
234181|
234182|
234183|
234208|
234209|
234210|
234211|
234212|
234213|
234214|
234215|
234240|
234241|
234242|
234243|
234244|
234245|
234246|
234247|
234272|
234273|
234274|
234275|
234276|
234277|
234278|
234279|
234304|
234305|
234306|
234307|
234308|
234309|
234310|
234311|
234336|
234337|
234338|
234339|
234340|
234341|
234342|
234343|
234368|
234369|
234370|
234371|
234372|
234373|
234374|
234375|
234400|
234401|
234402|
234403|
234404|
234405|
234406|
234407|
234432|
234433|
234434|
234435|
234436|
234437|
234438|
234439|
234464|
234465|
234466|
234467|
234468|
234469|
234470|
234471|
234496|
234497|
234498|
234499|
234500|
234501|
234502|
234503|
234528|
234529|
234530|
234531|
234532|
234533|
234534|
234535|
