44832289|
44832290|
44832291|
44832292|
44832293|
44832294|
44832295|
44832320|
44832321|
44832322|
44832323|
44832324|
44832325|
44832326|
44832327|
44832352|
44832353|
44832354|
44832355|
44832356|
44832357|
44832358|
44832359|
44832384|
44832385|
44832386|
44832387|
44832388|
44832389|
44832390|
44832391|
44832416|
44832417|
44832418|
44832419|
44832420|
44832421|
44832422|
44832423|
44832448|
44832449|
44832450|
44832451|
44832452|
44832453|
44832454|
44832455|
44832480|
44832481|
44832482|
44832483|
44832484|
44832485|
44832486|
44832487|
44832512|
44832513|
44832514|
44832515|
44832516|
44832517|
44832518|
44832519|
44832544|
44832545|
44832546|
44832547|
44832548|
44832549|
44832550|
44832551|
44832576|
44832577|
44832578|
44832579|
44832580|
44832581|
44832582|
44832583|
44832608|
44832609|
44832610|
44832611|
44832612|
44832613|
44832614|
44832615|
44832640|
44832641|
44832642|
44832643|
44832644|
44832645|
44832646|
44832647|
44832672|
44832673|
44832674|
44832675|
44832676|
