78050|
78051|
78052|
78053|
78054|
78055|
78080|
78081|
78082|
78083|
78084|
78085|
78086|
78087|
78112|
78113|
78114|
78115|
78116|
78117|
78118|
78119|
78144|
78145|
78146|
78147|
78148|
78149|
78150|
78151|
78176|
78177|
78178|
78179|
78180|
78181|
78182|
78183|
78208|
78209|
78210|
78211|
78212|
78213|
78214|
78215|
78240|
78241|
78242|
78243|
78244|
78245|
78246|
78247|
78272|
78273|
78274|
78275|
78276|
78277|
78278|
78279|
78304|
78305|
78306|
78307|
78308|
78309|
78310|
78311|
78336|
78337|
78338|
78339|
78340|
78341|
78342|
78343|
78368|
78369|
78370|
78371|
78372|
78373|
78374|
78375|
78400|
78401|
78402|
78403|
78404|
78405|
78406|
78407|
78432|
78433|
78434|
78435|
78436|
78437|
