89508067|
89508068|
89508069|
89508070|
89508071|
89508096|
89508097|
89508098|
89508099|
89508100|
89508101|
89508102|
89508103|
89508128|
89508129|
89508130|
89508131|
89508132|
89508133|
89508134|
89508135|
89508160|
89508161|
89508162|
89508163|
89508164|
89508165|
89508166|
89508167|
89508192|
89508193|
89508194|
89508195|
89508196|
89508197|
89508198|
89508199|
89508224|
89508225|
89508226|
89508227|
89508228|
89508229|
89508230|
89508231|
89508256|
89508257|
89508258|
89508259|
89508260|
89508261|
89508262|
89508263|
89508288|
89508289|
89508290|
89508291|
89508292|
89508293|
89508294|
89508295|
89508320|
89508321|
89508322|
89508323|
89508324|
89508325|
89508326|
89508327|
89508352|
89508353|
89508354|
89508355|
89508356|
89508357|
89508358|
89508359|
89508384|
89508385|
89508386|
89508387|
89508388|
89508389|
89508390|
89508391|
89508416|
89508417|
89508418|
89508419|
89508420|
89508421|
89508422|
89508423|
89508448|
89508449|
89508450|
89508451|
89508452|
89508453|
89508454|
