89898336|
89898337|
89898338|
89898339|
89898340|
89898341|
89898342|
89898343|
89898368|
89898369|
89898370|
89898371|
89898372|
89898373|
89898374|
89898375|
89898400|
89898401|
89898402|
89898403|
89898404|
89898405|
89898406|
89898407|
89898432|
89898433|
89898434|
89898435|
89898436|
89898437|
89898438|
89898439|
89898464|
89898465|
89898466|
89898467|
89898468|
89898469|
89898470|
89898471|
89898496|
89898497|
89898498|
89898499|
89898500|
89898501|
89898502|
89898503|
89898528|
89898529|
89898530|
89898531|
89898532|
89898533|
89898534|
89898535|
89898560|
89898561|
89898562|
89898563|
89898564|
89898565|
89898566|
89898567|
89898592|
89898593|
89898594|
89898595|
89898596|
89898597|
89898598|
89898599|
89898624|
89898625|
89898626|
89898627|
89898628|
89898629|
89898630|
89898631|
89898656|
89898657|
89898658|
89898659|
89898660|
89898661|
89898662|
89898663|
89898688|
89898689|
89898690|
89898691|
89898692|
89898693|
89898694|
89898695|
89898720|
89898721|
89898722|
89898723|
