89922340|
89922341|
89922342|
89922343|
89922368|
89922369|
89922370|
89922371|
89922372|
89922373|
89922374|
89922375|
89922400|
89922401|
89922402|
89922403|
89922404|
89922405|
89922406|
89922407|
89922432|
89922433|
89922434|
89922435|
89922436|
89922437|
89922438|
89922439|
89922464|
89922465|
89922466|
89922467|
89922468|
89922469|
89922470|
89922471|
89922496|
89922497|
89922498|
89922499|
89922500|
89922501|
89922502|
89922503|
89922528|
89922529|
89922530|
89922531|
89922532|
89922533|
89922534|
89922535|
89922560|
89922561|
89922562|
89922563|
89922564|
89922565|
89922566|
89922567|
89922592|
89922593|
89922594|
89922595|
89922596|
89922597|
89922598|
89922599|
89922624|
89922625|
89922626|
89922627|
89922628|
89922629|
89922630|
89922631|
89922656|
89922657|
89922658|
89922659|
89922660|
89922661|
89922662|
89922663|
89922688|
89922689|
89922690|
89922691|
89922692|
89922693|
89922694|
89922695|
89922720|
89922721|
89922722|
89922723|
89922724|
89922725|
89922726|
89922727|
