324199|
324224|
324225|
324226|
324227|
324228|
324229|
324230|
324231|
324256|
324257|
324258|
324259|
324260|
324261|
324262|
324263|
324288|
324289|
324290|
324291|
324292|
324293|
324294|
324295|
324320|
324321|
324322|
324323|
324324|
324325|
324326|
324327|
324352|
324353|
324354|
324355|
324356|
324357|
324358|
324359|
324384|
324385|
324386|
324387|
324388|
324389|
324390|
324391|
324416|
324417|
324418|
324419|
324420|
324421|
324422|
324423|
324448|
324449|
324450|
324451|
324452|
324453|
324454|
324455|
324480|
324481|
324482|
324483|
324484|
324485|
324486|
324487|
324512|
324513|
324514|
324515|
324516|
324517|
324518|
324519|
324544|
324545|
324546|
324547|
324548|
324549|
324550|
324551|
324576|
324577|
324578|
324579|
324580|
324581|
324582|
324583|
324608|
324609|
324610|
