44850304|
44850305|
44850306|
44850307|
44850308|
44850309|
44850310|
44850311|
44850336|
44850337|
44850338|
44850339|
44850340|
44850341|
44850342|
44850343|
44850368|
44850369|
44850370|
44850371|
44850372|
44850373|
44850374|
44850375|
44850400|
44850401|
44850402|
44850403|
44850404|
44850405|
44850406|
44850407|
44850432|
44850433|
44850434|
44850435|
44850436|
44850437|
44850438|
44850439|
44850464|
44850465|
44850466|
44850467|
44850468|
44850469|
44850470|
44850471|
44850496|
44850497|
44850498|
44850499|
44850500|
44850501|
44850502|
44850503|
44850528|
44850529|
44850530|
44850531|
44850532|
44850533|
44850534|
44850535|
44850560|
44850561|
44850562|
44850563|
44850564|
44850565|
44850566|
44850567|
44850592|
44850593|
44850594|
44850595|
44850596|
44850597|
44850598|
44850599|
44850624|
44850625|
44850626|
44850627|
44850628|
44850629|
44850630|
44850631|
44850656|
44850657|
44850658|
44850659|
44850660|
44850661|
44850662|
44850663|
44850688|
44850689|
44850690|
44850691|
