456293|
456294|
456295|
456320|
456321|
456322|
456323|
456324|
456325|
456326|
456327|
456352|
456353|
456354|
456355|
456356|
456357|
456358|
456359|
456384|
456385|
456386|
456387|
456388|
456389|
456390|
456391|
456416|
456417|
456418|
456419|
456420|
456421|
456422|
456423|
456448|
456449|
456450|
456451|
456452|
456453|
456454|
456455|
456480|
456481|
456482|
456483|
456484|
456485|
456486|
456487|
456512|
456513|
456514|
456515|
456516|
456517|
456518|
456519|
456544|
456545|
456546|
456547|
456548|
456549|
456550|
456551|
456576|
456577|
456578|
456579|
456580|
456581|
456582|
456583|
456608|
456609|
456610|
456611|
456612|
456613|
456614|
456615|
456640|
456641|
456642|
456643|
456644|
456645|
456646|
456647|
456672|
456673|
456674|
456675|
456676|
456677|
456678|
456679|
456704|
