89712197|
89712198|
89712199|
89712224|
89712225|
89712226|
89712227|
89712228|
89712229|
89712230|
89712231|
89712256|
89712257|
89712258|
89712259|
89712260|
89712261|
89712262|
89712263|
89712288|
89712289|
89712290|
89712291|
89712292|
89712293|
89712294|
89712295|
89712320|
89712321|
89712322|
89712323|
89712324|
89712325|
89712326|
89712327|
89712352|
89712353|
89712354|
89712355|
89712356|
89712357|
89712358|
89712359|
89712384|
89712385|
89712386|
89712387|
89712388|
89712389|
89712390|
89712391|
89712416|
89712417|
89712418|
89712419|
89712420|
89712421|
89712422|
89712423|
89712448|
89712449|
89712450|
89712451|
89712452|
89712453|
89712454|
89712455|
89712480|
89712481|
89712482|
89712483|
89712484|
89712485|
89712486|
89712487|
89712512|
89712513|
89712514|
89712515|
89712516|
89712517|
89712518|
89712519|
89712544|
89712545|
89712546|
89712547|
89712548|
89712549|
89712550|
89712551|
89712576|
89712577|
89712578|
89712579|
89712580|
89712581|
89712582|
89712583|
89712608|
