89988387|
89988388|
89988389|
89988390|
89988391|
89988416|
89988417|
89988418|
89988419|
89988420|
89988421|
89988422|
89988423|
89988448|
89988449|
89988450|
89988451|
89988452|
89988453|
89988454|
89988455|
89988480|
89988481|
89988482|
89988483|
89988484|
89988485|
89988486|
89988487|
89988512|
89988513|
89988514|
89988515|
89988516|
89988517|
89988518|
89988519|
89988544|
89988545|
89988546|
89988547|
89988548|
89988549|
89988550|
89988551|
89988576|
89988577|
89988578|
89988579|
89988580|
89988581|
89988582|
89988583|
89988608|
89988609|
89988610|
89988611|
89988612|
89988613|
89988614|
89988615|
89988640|
89988641|
89988642|
89988643|
89988644|
89988645|
89988646|
89988647|
89988672|
89988673|
89988674|
89988675|
89988676|
89988677|
89988678|
89988679|
89988704|
89988705|
89988706|
89988707|
89988708|
89988709|
89988710|
89988711|
89988736|
89988737|
89988738|
89988739|
89988740|
89988741|
89988742|
89988743|
89988768|
89988769|
89988770|
89988771|
89988772|
89988773|
89988774|
