44520069|
44520070|
44520071|
44520096|
44520097|
44520098|
44520099|
44520100|
44520101|
44520102|
44520103|
44520128|
44520129|
44520130|
44520131|
44520132|
44520133|
44520134|
44520135|
44520160|
44520161|
44520162|
44520163|
44520164|
44520165|
44520166|
44520167|
44520192|
44520193|
44520194|
44520195|
44520196|
44520197|
44520198|
44520199|
44520224|
44520225|
44520226|
44520227|
44520228|
44520229|
44520230|
44520231|
44520256|
44520257|
44520258|
44520259|
44520260|
44520261|
44520262|
44520263|
44520288|
44520289|
44520290|
44520291|
44520292|
44520293|
44520294|
44520295|
44520320|
44520321|
44520322|
44520323|
44520324|
44520325|
44520326|
44520327|
44520352|
44520353|
44520354|
44520355|
44520356|
44520357|
44520358|
44520359|
44520384|
44520385|
44520386|
44520387|
44520388|
44520389|
44520390|
44520391|
44520416|
44520417|
44520418|
44520419|
44520420|
44520421|
44520422|
44520423|
44520448|
44520449|
44520450|
44520451|
44520452|
44520453|
44520454|
44520455|
44520480|
