44826276|
44826277|
44826278|
44826279|
44826304|
44826305|
44826306|
44826307|
44826308|
44826309|
44826310|
44826311|
44826336|
44826337|
44826338|
44826339|
44826340|
44826341|
44826342|
44826343|
44826368|
44826369|
44826370|
44826371|
44826372|
44826373|
44826374|
44826375|
44826400|
44826401|
44826402|
44826403|
44826404|
44826405|
44826406|
44826407|
44826432|
44826433|
44826434|
44826435|
44826436|
44826437|
44826438|
44826439|
44826464|
44826465|
44826466|
44826467|
44826468|
44826469|
44826470|
44826471|
44826496|
44826497|
44826498|
44826499|
44826500|
44826501|
44826502|
44826503|
44826528|
44826529|
44826530|
44826531|
44826532|
44826533|
44826534|
44826535|
44826560|
44826561|
44826562|
44826563|
44826564|
44826565|
44826566|
44826567|
44826592|
44826593|
44826594|
44826595|
44826596|
44826597|
44826598|
44826599|
44826624|
44826625|
44826626|
44826627|
44826628|
44826629|
44826630|
44826631|
44826656|
44826657|
44826658|
44826659|
44826660|
44826661|
44826662|
44826663|
