89502054|
89502055|
89502080|
89502081|
89502082|
89502083|
89502084|
89502085|
89502086|
89502087|
89502112|
89502113|
89502114|
89502115|
89502116|
89502117|
89502118|
89502119|
89502144|
89502145|
89502146|
89502147|
89502148|
89502149|
89502150|
89502151|
89502176|
89502177|
89502178|
89502179|
89502180|
89502181|
89502182|
89502183|
89502208|
89502209|
89502210|
89502211|
89502212|
89502213|
89502214|
89502215|
89502240|
89502241|
89502242|
89502243|
89502244|
89502245|
89502246|
89502247|
89502272|
89502273|
89502274|
89502275|
89502276|
89502277|
89502278|
89502279|
89502304|
89502305|
89502306|
89502307|
89502308|
89502309|
89502310|
89502311|
89502336|
89502337|
89502338|
89502339|
89502340|
89502341|
89502342|
89502343|
89502368|
89502369|
89502370|
89502371|
89502372|
89502373|
89502374|
89502375|
89502400|
89502401|
89502402|
89502403|
89502404|
89502405|
89502406|
89502407|
89502432|
89502433|
89502434|
89502435|
89502436|
89502437|
89502438|
89502439|
89502464|
89502465|
