89460035|
89460036|
89460037|
89460038|
89460039|
89460064|
89460065|
89460066|
89460067|
89460068|
89460069|
89460070|
89460071|
89460096|
89460097|
89460098|
89460099|
89460100|
89460101|
89460102|
89460103|
89460128|
89460129|
89460130|
89460131|
89460132|
89460133|
89460134|
89460135|
89460160|
89460161|
89460162|
89460163|
89460164|
89460165|
89460166|
89460167|
89460192|
89460193|
89460194|
89460195|
89460196|
89460197|
89460198|
89460199|
89460224|
89460225|
89460226|
89460227|
89460228|
89460229|
89460230|
89460231|
89460256|
89460257|
89460258|
89460259|
89460260|
89460261|
89460262|
89460263|
89460288|
89460289|
89460290|
89460291|
89460292|
89460293|
89460294|
89460295|
89460320|
89460321|
89460322|
89460323|
89460324|
89460325|
89460326|
89460327|
89460352|
89460353|
89460354|
89460355|
89460356|
89460357|
89460358|
89460359|
89460384|
89460385|
89460386|
89460387|
89460388|
89460389|
89460390|
89460391|
89460416|
89460417|
89460418|
89460419|
89460420|
89460421|
89460422|
