378244|
378245|
378246|
378247|
378272|
378273|
378274|
378275|
378276|
378277|
378278|
378279|
378304|
378305|
378306|
378307|
378308|
378309|
378310|
378311|
378336|
378337|
378338|
378339|
378340|
378341|
378342|
378343|
378368|
378369|
378370|
378371|
378372|
378373|
378374|
378375|
378400|
378401|
378402|
378403|
378404|
378405|
378406|
378407|
378432|
378433|
378434|
378435|
378436|
378437|
378438|
378439|
378464|
378465|
378466|
378467|
378468|
378469|
378470|
378471|
378496|
378497|
378498|
378499|
378500|
378501|
378502|
378503|
378528|
378529|
378530|
378531|
378532|
378533|
378534|
378535|
378560|
378561|
378562|
378563|
378564|
378565|
378566|
378567|
378592|
378593|
378594|
378595|
378596|
378597|
378598|
378599|
378624|
378625|
378626|
378627|
378628|
378629|
378630|
378631|
