44700195|
44700196|
44700197|
44700198|
44700199|
44700224|
44700225|
44700226|
44700227|
44700228|
44700229|
44700230|
44700231|
44700256|
44700257|
44700258|
44700259|
44700260|
44700261|
44700262|
44700263|
44700288|
44700289|
44700290|
44700291|
44700292|
44700293|
44700294|
44700295|
44700320|
44700321|
44700322|
44700323|
44700324|
44700325|
44700326|
44700327|
44700352|
44700353|
44700354|
44700355|
44700356|
44700357|
44700358|
44700359|
44700384|
44700385|
44700386|
44700387|
44700388|
44700389|
44700390|
44700391|
44700416|
44700417|
44700418|
44700419|
44700420|
44700421|
44700422|
44700423|
44700448|
44700449|
44700450|
44700451|
44700452|
44700453|
44700454|
44700455|
44700480|
44700481|
44700482|
44700483|
44700484|
44700485|
44700486|
44700487|
44700512|
44700513|
44700514|
44700515|
44700516|
44700517|
44700518|
44700519|
44700544|
44700545|
44700546|
44700547|
44700548|
44700549|
44700550|
44700551|
44700576|
44700577|
44700578|
44700579|
44700580|
44700581|
44700582|
