44682180|
44682181|
44682182|
44682183|
44682208|
44682209|
44682210|
44682211|
44682212|
44682213|
44682214|
44682215|
44682240|
44682241|
44682242|
44682243|
44682244|
44682245|
44682246|
44682247|
44682272|
44682273|
44682274|
44682275|
44682276|
44682277|
44682278|
44682279|
44682304|
44682305|
44682306|
44682307|
44682308|
44682309|
44682310|
44682311|
44682336|
44682337|
44682338|
44682339|
44682340|
44682341|
44682342|
44682343|
44682368|
44682369|
44682370|
44682371|
44682372|
44682373|
44682374|
44682375|
44682400|
44682401|
44682402|
44682403|
44682404|
44682405|
44682406|
44682407|
44682432|
44682433|
44682434|
44682435|
44682436|
44682437|
44682438|
44682439|
44682464|
44682465|
44682466|
44682467|
44682468|
44682469|
44682470|
44682471|
44682496|
44682497|
44682498|
44682499|
44682500|
44682501|
44682502|
44682503|
44682528|
44682529|
44682530|
44682531|
44682532|
44682533|
44682534|
44682535|
44682560|
44682561|
44682562|
44682563|
44682564|
44682565|
44682566|
44682567|
