348227|
348228|
348229|
348230|
348231|
348256|
348257|
348258|
348259|
348260|
348261|
348262|
348263|
348288|
348289|
348290|
348291|
348292|
348293|
348294|
348295|
348320|
348321|
348322|
348323|
348324|
348325|
348326|
348327|
348352|
348353|
348354|
348355|
348356|
348357|
348358|
348359|
348384|
348385|
348386|
348387|
348388|
348389|
348390|
348391|
348416|
348417|
348418|
348419|
348420|
348421|
348422|
348423|
348448|
348449|
348450|
348451|
348452|
348453|
348454|
348455|
348480|
348481|
348482|
348483|
348484|
348485|
348486|
348487|
348512|
348513|
348514|
348515|
348516|
348517|
348518|
348519|
348544|
348545|
348546|
348547|
348548|
348549|
348550|
348551|
348576|
348577|
348578|
348579|
348580|
348581|
348582|
348583|
348608|
348609|
348610|
348611|
348612|
348613|
348614|
