132071|
132096|
132097|
132098|
132099|
132100|
132101|
132102|
132103|
132128|
132129|
132130|
132131|
132132|
132133|
132134|
132135|
132160|
132161|
132162|
132163|
132164|
132165|
132166|
132167|
132192|
132193|
132194|
132195|
132196|
132197|
132198|
132199|
132224|
132225|
132226|
132227|
132228|
132229|
132230|
132231|
132256|
132257|
132258|
132259|
132260|
132261|
132262|
132263|
132288|
132289|
132290|
132291|
132292|
132293|
132294|
132295|
132320|
132321|
132322|
132323|
132324|
132325|
132326|
132327|
132352|
132353|
132354|
132355|
132356|
132357|
132358|
132359|
132384|
132385|
132386|
132387|
132388|
132389|
132390|
132391|
132416|
132417|
132418|
132419|
132420|
132421|
132422|
132423|
132448|
132449|
132450|
132451|
132452|
132453|
132454|
132455|
132480|
132481|
132482|
