44934342|
44934343|
44934368|
44934369|
44934370|
44934371|
44934372|
44934373|
44934374|
44934375|
44934400|
44934401|
44934402|
44934403|
44934404|
44934405|
44934406|
44934407|
44934432|
44934433|
44934434|
44934435|
44934436|
44934437|
44934438|
44934439|
44934464|
44934465|
44934466|
44934467|
44934468|
44934469|
44934470|
44934471|
44934496|
44934497|
44934498|
44934499|
44934500|
44934501|
44934502|
44934503|
44934528|
44934529|
44934530|
44934531|
44934532|
44934533|
44934534|
44934535|
44934560|
44934561|
44934562|
44934563|
44934564|
44934565|
44934566|
44934567|
44934592|
44934593|
44934594|
44934595|
44934596|
44934597|
44934598|
44934599|
44934624|
44934625|
44934626|
44934627|
44934628|
44934629|
44934630|
44934631|
44934656|
44934657|
44934658|
44934659|
44934660|
44934661|
44934662|
44934663|
44934688|
44934689|
44934690|
44934691|
44934692|
44934693|
44934694|
44934695|
44934720|
44934721|
44934722|
44934723|
44934724|
44934725|
44934726|
44934727|
44934752|
44934753|
