444291|
444292|
444293|
444294|
444295|
444320|
444321|
444322|
444323|
444324|
444325|
444326|
444327|
444352|
444353|
444354|
444355|
444356|
444357|
444358|
444359|
444384|
444385|
444386|
444387|
444388|
444389|
444390|
444391|
444416|
444417|
444418|
444419|
444420|
444421|
444422|
444423|
444448|
444449|
444450|
444451|
444452|
444453|
444454|
444455|
444480|
444481|
444482|
444483|
444484|
444485|
444486|
444487|
444512|
444513|
444514|
444515|
444516|
444517|
444518|
444519|
444544|
444545|
444546|
444547|
444548|
444549|
444550|
444551|
444576|
444577|
444578|
444579|
444580|
444581|
444582|
444583|
444608|
444609|
444610|
444611|
444612|
444613|
444614|
444615|
444640|
444641|
444642|
444643|
444644|
444645|
444646|
444647|
444672|
444673|
444674|
444675|
444676|
444677|
444678|
