89940355|
89940356|
89940357|
89940358|
89940359|
89940384|
89940385|
89940386|
89940387|
89940388|
89940389|
89940390|
89940391|
89940416|
89940417|
89940418|
89940419|
89940420|
89940421|
89940422|
89940423|
89940448|
89940449|
89940450|
89940451|
89940452|
89940453|
89940454|
89940455|
89940480|
89940481|
89940482|
89940483|
89940484|
89940485|
89940486|
89940487|
89940512|
89940513|
89940514|
89940515|
89940516|
89940517|
89940518|
89940519|
89940544|
89940545|
89940546|
89940547|
89940548|
89940549|
89940550|
89940551|
89940576|
89940577|
89940578|
89940579|
89940580|
89940581|
89940582|
89940583|
89940608|
89940609|
89940610|
89940611|
89940612|
89940613|
89940614|
89940615|
89940640|
89940641|
89940642|
89940643|
89940644|
89940645|
89940646|
89940647|
89940672|
89940673|
89940674|
89940675|
89940676|
89940677|
89940678|
89940679|
89940704|
89940705|
89940706|
89940707|
89940708|
89940709|
89940710|
89940711|
89940736|
89940737|
89940738|
89940739|
89940740|
89940741|
89940742|
