89670178|
89670179|
89670180|
89670181|
89670182|
89670183|
89670208|
89670209|
89670210|
89670211|
89670212|
89670213|
89670214|
89670215|
89670240|
89670241|
89670242|
89670243|
89670244|
89670245|
89670246|
89670247|
89670272|
89670273|
89670274|
89670275|
89670276|
89670277|
89670278|
89670279|
89670304|
89670305|
89670306|
89670307|
89670308|
89670309|
89670310|
89670311|
89670336|
89670337|
89670338|
89670339|
89670340|
89670341|
89670342|
89670343|
89670368|
89670369|
89670370|
89670371|
89670372|
89670373|
89670374|
89670375|
89670400|
89670401|
89670402|
89670403|
89670404|
89670405|
89670406|
89670407|
89670432|
89670433|
89670434|
89670435|
89670436|
89670437|
89670438|
89670439|
89670464|
89670465|
89670466|
89670467|
89670468|
89670469|
89670470|
89670471|
89670496|
89670497|
89670498|
89670499|
89670500|
89670501|
89670502|
89670503|
89670528|
89670529|
89670530|
89670531|
89670532|
89670533|
89670534|
89670535|
89670560|
89670561|
89670562|
89670563|
89670564|
89670565|
