89832289|
89832290|
89832291|
89832292|
89832293|
89832294|
89832295|
89832320|
89832321|
89832322|
89832323|
89832324|
89832325|
89832326|
89832327|
89832352|
89832353|
89832354|
89832355|
89832356|
89832357|
89832358|
89832359|
89832384|
89832385|
89832386|
89832387|
89832388|
89832389|
89832390|
89832391|
89832416|
89832417|
89832418|
89832419|
89832420|
89832421|
89832422|
89832423|
89832448|
89832449|
89832450|
89832451|
89832452|
89832453|
89832454|
89832455|
89832480|
89832481|
89832482|
89832483|
89832484|
89832485|
89832486|
89832487|
89832512|
89832513|
89832514|
89832515|
89832516|
89832517|
89832518|
89832519|
89832544|
89832545|
89832546|
89832547|
89832548|
89832549|
89832550|
89832551|
89832576|
89832577|
89832578|
89832579|
89832580|
89832581|
89832582|
89832583|
89832608|
89832609|
89832610|
89832611|
89832612|
89832613|
89832614|
89832615|
89832640|
89832641|
89832642|
89832643|
89832644|
89832645|
89832646|
89832647|
89832672|
89832673|
89832674|
89832675|
89832676|
