258176|
258177|
258178|
258179|
258180|
258181|
258182|
258183|
258208|
258209|
258210|
258211|
258212|
258213|
258214|
258215|
258240|
258241|
258242|
258243|
258244|
258245|
258246|
258247|
258272|
258273|
258274|
258275|
258276|
258277|
258278|
258279|
258304|
258305|
258306|
258307|
258308|
258309|
258310|
258311|
258336|
258337|
258338|
258339|
258340|
258341|
258342|
258343|
258368|
258369|
258370|
258371|
258372|
258373|
258374|
258375|
258400|
258401|
258402|
258403|
258404|
258405|
258406|
258407|
258432|
258433|
258434|
258435|
258436|
258437|
258438|
258439|
258464|
258465|
258466|
258467|
258468|
258469|
258470|
258471|
258496|
258497|
258498|
258499|
258500|
258501|
258502|
258503|
258528|
258529|
258530|
258531|
258532|
258533|
258534|
258535|
258560|
258561|
258562|
258563|
