588387|
588388|
588389|
588390|
588391|
588416|
588417|
588418|
588419|
588420|
588421|
588422|
588423|
588448|
588449|
588450|
588451|
588452|
588453|
588454|
588455|
588480|
588481|
588482|
588483|
588484|
588485|
588486|
588487|
588512|
588513|
588514|
588515|
588516|
588517|
588518|
588519|
588544|
588545|
588546|
588547|
588548|
588549|
588550|
588551|
588576|
588577|
588578|
588579|
588580|
588581|
588582|
588583|
588608|
588609|
588610|
588611|
588612|
588613|
588614|
588615|
588640|
588641|
588642|
588643|
588644|
588645|
588646|
588647|
588672|
588673|
588674|
588675|
588676|
588677|
588678|
588679|
588704|
588705|
588706|
588707|
588708|
588709|
588710|
588711|
588736|
588737|
588738|
588739|
588740|
588741|
588742|
588743|
588768|
588769|
588770|
588771|
588772|
588773|
588774|
