570372|
570373|
570374|
570375|
570400|
570401|
570402|
570403|
570404|
570405|
570406|
570407|
570432|
570433|
570434|
570435|
570436|
570437|
570438|
570439|
570464|
570465|
570466|
570467|
570468|
570469|
570470|
570471|
570496|
570497|
570498|
570499|
570500|
570501|
570502|
570503|
570528|
570529|
570530|
570531|
570532|
570533|
570534|
570535|
570560|
570561|
570562|
570563|
570564|
570565|
570566|
570567|
570592|
570593|
570594|
570595|
570596|
570597|
570598|
570599|
570624|
570625|
570626|
570627|
570628|
570629|
570630|
570631|
570656|
570657|
570658|
570659|
570660|
570661|
570662|
570663|
570688|
570689|
570690|
570691|
570692|
570693|
570694|
570695|
570720|
570721|
570722|
570723|
570724|
570725|
570726|
570727|
570752|
570753|
570754|
570755|
570756|
570757|
570758|
570759|
