102054|
102055|
102080|
102081|
102082|
102083|
102084|
102085|
102086|
102087|
102112|
102113|
102114|
102115|
102116|
102117|
102118|
102119|
102144|
102145|
102146|
102147|
102148|
102149|
102150|
102151|
102176|
102177|
102178|
102179|
102180|
102181|
102182|
102183|
102208|
102209|
102210|
102211|
102212|
102213|
102214|
102215|
102240|
102241|
102242|
102243|
102244|
102245|
102246|
102247|
102272|
102273|
102274|
102275|
102276|
102277|
102278|
102279|
102304|
102305|
102306|
102307|
102308|
102309|
102310|
102311|
102336|
102337|
102338|
102339|
102340|
102341|
102342|
102343|
102368|
102369|
102370|
102371|
102372|
102373|
102374|
102375|
102400|
102401|
102402|
102403|
102404|
102405|
102406|
102407|
102432|
102433|
102434|
102435|
102436|
102437|
102438|
102439|
102464|
102465|
