44646150|
44646151|
44646176|
44646177|
44646178|
44646179|
44646180|
44646181|
44646182|
44646183|
44646208|
44646209|
44646210|
44646211|
44646212|
44646213|
44646214|
44646215|
44646240|
44646241|
44646242|
44646243|
44646244|
44646245|
44646246|
44646247|
44646272|
44646273|
44646274|
44646275|
44646276|
44646277|
44646278|
44646279|
44646304|
44646305|
44646306|
44646307|
44646308|
44646309|
44646310|
44646311|
44646336|
44646337|
44646338|
44646339|
44646340|
44646341|
44646342|
44646343|
44646368|
44646369|
44646370|
44646371|
44646372|
44646373|
44646374|
44646375|
44646400|
44646401|
44646402|
44646403|
44646404|
44646405|
44646406|
44646407|
44646432|
44646433|
44646434|
44646435|
44646436|
44646437|
44646438|
44646439|
44646464|
44646465|
44646466|
44646467|
44646468|
44646469|
44646470|
44646471|
44646496|
44646497|
44646498|
44646499|
44646500|
44646501|
44646502|
44646503|
44646528|
44646529|
44646530|
44646531|
44646532|
44646533|
44646534|
44646535|
44646560|
44646561|
