89610144|
89610145|
89610146|
89610147|
89610148|
89610149|
89610150|
89610151|
89610176|
89610177|
89610178|
89610179|
89610180|
89610181|
89610182|
89610183|
89610208|
89610209|
89610210|
89610211|
89610212|
89610213|
89610214|
89610215|
89610240|
89610241|
89610242|
89610243|
89610244|
89610245|
89610246|
89610247|
89610272|
89610273|
89610274|
89610275|
89610276|
89610277|
89610278|
89610279|
89610304|
89610305|
89610306|
89610307|
89610308|
89610309|
89610310|
89610311|
89610336|
89610337|
89610338|
89610339|
89610340|
89610341|
89610342|
89610343|
89610368|
89610369|
89610370|
89610371|
89610372|
89610373|
89610374|
89610375|
89610400|
89610401|
89610402|
89610403|
89610404|
89610405|
89610406|
89610407|
89610432|
89610433|
89610434|
89610435|
89610436|
89610437|
89610438|
89610439|
89610464|
89610465|
89610466|
89610467|
89610468|
89610469|
89610470|
89610471|
89610496|
89610497|
89610498|
89610499|
89610500|
89610501|
89610502|
89610503|
89610528|
89610529|
89610530|
89610531|
