582374|
582375|
582400|
582401|
582402|
582403|
582404|
582405|
582406|
582407|
582432|
582433|
582434|
582435|
582436|
582437|
582438|
582439|
582464|
582465|
582466|
582467|
582468|
582469|
582470|
582471|
582496|
582497|
582498|
582499|
582500|
582501|
582502|
582503|
582528|
582529|
582530|
582531|
582532|
582533|
582534|
582535|
582560|
582561|
582562|
582563|
582564|
582565|
582566|
582567|
582592|
582593|
582594|
582595|
582596|
582597|
582598|
582599|
582624|
582625|
582626|
582627|
582628|
582629|
582630|
582631|
582656|
582657|
582658|
582659|
582660|
582661|
582662|
582663|
582688|
582689|
582690|
582691|
582692|
582693|
582694|
582695|
582720|
582721|
582722|
582723|
582724|
582725|
582726|
582727|
582752|
582753|
582754|
582755|
582756|
582757|
582758|
582759|
582784|
582785|
