462306|
462307|
462308|
462309|
462310|
462311|
462336|
462337|
462338|
462339|
462340|
462341|
462342|
462343|
462368|
462369|
462370|
462371|
462372|
462373|
462374|
462375|
462400|
462401|
462402|
462403|
462404|
462405|
462406|
462407|
462432|
462433|
462434|
462435|
462436|
462437|
462438|
462439|
462464|
462465|
462466|
462467|
462468|
462469|
462470|
462471|
462496|
462497|
462498|
462499|
462500|
462501|
462502|
462503|
462528|
462529|
462530|
462531|
462532|
462533|
462534|
462535|
462560|
462561|
462562|
462563|
462564|
462565|
462566|
462567|
462592|
462593|
462594|
462595|
462596|
462597|
462598|
462599|
462624|
462625|
462626|
462627|
462628|
462629|
462630|
462631|
462656|
462657|
462658|
462659|
462660|
462661|
462662|
462663|
462688|
462689|
462690|
462691|
462692|
462693|
