89916327|
89916352|
89916353|
89916354|
89916355|
89916356|
89916357|
89916358|
89916359|
89916384|
89916385|
89916386|
89916387|
89916388|
89916389|
89916390|
89916391|
89916416|
89916417|
89916418|
89916419|
89916420|
89916421|
89916422|
89916423|
89916448|
89916449|
89916450|
89916451|
89916452|
89916453|
89916454|
89916455|
89916480|
89916481|
89916482|
89916483|
89916484|
89916485|
89916486|
89916487|
89916512|
89916513|
89916514|
89916515|
89916516|
89916517|
89916518|
89916519|
89916544|
89916545|
89916546|
89916547|
89916548|
89916549|
89916550|
89916551|
89916576|
89916577|
89916578|
89916579|
89916580|
89916581|
89916582|
89916583|
89916608|
89916609|
89916610|
89916611|
89916612|
89916613|
89916614|
89916615|
89916640|
89916641|
89916642|
89916643|
89916644|
89916645|
89916646|
89916647|
89916672|
89916673|
89916674|
89916675|
89916676|
89916677|
89916678|
89916679|
89916704|
89916705|
89916706|
89916707|
89916708|
89916709|
89916710|
89916711|
89916736|
89916737|
89916738|
