89580103|
89580128|
89580129|
89580130|
89580131|
89580132|
89580133|
89580134|
89580135|
89580160|
89580161|
89580162|
89580163|
89580164|
89580165|
89580166|
89580167|
89580192|
89580193|
89580194|
89580195|
89580196|
89580197|
89580198|
89580199|
89580224|
89580225|
89580226|
89580227|
89580228|
89580229|
89580230|
89580231|
89580256|
89580257|
89580258|
89580259|
89580260|
89580261|
89580262|
89580263|
89580288|
89580289|
89580290|
89580291|
89580292|
89580293|
89580294|
89580295|
89580320|
89580321|
89580322|
89580323|
89580324|
89580325|
89580326|
89580327|
89580352|
89580353|
89580354|
89580355|
89580356|
89580357|
89580358|
89580359|
89580384|
89580385|
89580386|
89580387|
89580388|
89580389|
89580390|
89580391|
89580416|
89580417|
89580418|
89580419|
89580420|
89580421|
89580422|
89580423|
89580448|
89580449|
89580450|
89580451|
89580452|
89580453|
89580454|
89580455|
89580480|
89580481|
89580482|
89580483|
89580484|
89580485|
89580486|
89580487|
89580512|
89580513|
89580514|
