402272|
402273|
402274|
402275|
402276|
402277|
402278|
402279|
402304|
402305|
402306|
402307|
402308|
402309|
402310|
402311|
402336|
402337|
402338|
402339|
402340|
402341|
402342|
402343|
402368|
402369|
402370|
402371|
402372|
402373|
402374|
402375|
402400|
402401|
402402|
402403|
402404|
402405|
402406|
402407|
402432|
402433|
402434|
402435|
402436|
402437|
402438|
402439|
402464|
402465|
402466|
402467|
402468|
402469|
402470|
402471|
402496|
402497|
402498|
402499|
402500|
402501|
402502|
402503|
402528|
402529|
402530|
402531|
402532|
402533|
402534|
402535|
402560|
402561|
402562|
402563|
402564|
402565|
402566|
402567|
402592|
402593|
402594|
402595|
402596|
402597|
402598|
402599|
402624|
402625|
402626|
402627|
402628|
402629|
402630|
402631|
402656|
402657|
402658|
402659|
