44544097|
44544098|
44544099|
44544100|
44544101|
44544102|
44544103|
44544128|
44544129|
44544130|
44544131|
44544132|
44544133|
44544134|
44544135|
44544160|
44544161|
44544162|
44544163|
44544164|
44544165|
44544166|
44544167|
44544192|
44544193|
44544194|
44544195|
44544196|
44544197|
44544198|
44544199|
44544224|
44544225|
44544226|
44544227|
44544228|
44544229|
44544230|
44544231|
44544256|
44544257|
44544258|
44544259|
44544260|
44544261|
44544262|
44544263|
44544288|
44544289|
44544290|
44544291|
44544292|
44544293|
44544294|
44544295|
44544320|
44544321|
44544322|
44544323|
44544324|
44544325|
44544326|
44544327|
44544352|
44544353|
44544354|
44544355|
44544356|
44544357|
44544358|
44544359|
44544384|
44544385|
44544386|
44544387|
44544388|
44544389|
44544390|
44544391|
44544416|
44544417|
44544418|
44544419|
44544420|
44544421|
44544422|
44544423|
44544448|
44544449|
44544450|
44544451|
44544452|
44544453|
44544454|
44544455|
44544480|
44544481|
44544482|
44544483|
44544484|
