114080|
114081|
114082|
114083|
114084|
114085|
114086|
114087|
114112|
114113|
114114|
114115|
114116|
114117|
114118|
114119|
114144|
114145|
114146|
114147|
114148|
114149|
114150|
114151|
114176|
114177|
114178|
114179|
114180|
114181|
114182|
114183|
114208|
114209|
114210|
114211|
114212|
114213|
114214|
114215|
114240|
114241|
114242|
114243|
114244|
114245|
114246|
114247|
114272|
114273|
114274|
114275|
114276|
114277|
114278|
114279|
114304|
114305|
114306|
114307|
114308|
114309|
114310|
114311|
114336|
114337|
114338|
114339|
114340|
114341|
114342|
114343|
114368|
114369|
114370|
114371|
114372|
114373|
114374|
114375|
114400|
114401|
114402|
114403|
114404|
114405|
114406|
114407|
114432|
114433|
114434|
114435|
114436|
114437|
114438|
114439|
114464|
114465|
114466|
114467|
