276167|
276192|
276193|
276194|
276195|
276196|
276197|
276198|
276199|
276224|
276225|
276226|
276227|
276228|
276229|
276230|
276231|
276256|
276257|
276258|
276259|
276260|
276261|
276262|
276263|
276288|
276289|
276290|
276291|
276292|
276293|
276294|
276295|
276320|
276321|
276322|
276323|
276324|
276325|
276326|
276327|
276352|
276353|
276354|
276355|
276356|
276357|
276358|
276359|
276384|
276385|
276386|
276387|
276388|
276389|
276390|
276391|
276416|
276417|
276418|
276419|
276420|
276421|
276422|
276423|
276448|
276449|
276450|
276451|
276452|
276453|
276454|
276455|
276480|
276481|
276482|
276483|
276484|
276485|
276486|
276487|
276512|
276513|
276514|
276515|
276516|
276517|
276518|
276519|
276544|
276545|
276546|
276547|
276548|
276549|
276550|
276551|
276576|
276577|
276578|
