89964359|
89964384|
89964385|
89964386|
89964387|
89964388|
89964389|
89964390|
89964391|
89964416|
89964417|
89964418|
89964419|
89964420|
89964421|
89964422|
89964423|
89964448|
89964449|
89964450|
89964451|
89964452|
89964453|
89964454|
89964455|
89964480|
89964481|
89964482|
89964483|
89964484|
89964485|
89964486|
89964487|
89964512|
89964513|
89964514|
89964515|
89964516|
89964517|
89964518|
89964519|
89964544|
89964545|
89964546|
89964547|
89964548|
89964549|
89964550|
89964551|
89964576|
89964577|
89964578|
89964579|
89964580|
89964581|
89964582|
89964583|
89964608|
89964609|
89964610|
89964611|
89964612|
89964613|
89964614|
89964615|
89964640|
89964641|
89964642|
89964643|
89964644|
89964645|
89964646|
89964647|
89964672|
89964673|
89964674|
89964675|
89964676|
89964677|
89964678|
89964679|
89964704|
89964705|
89964706|
89964707|
89964708|
89964709|
89964710|
89964711|
89964736|
89964737|
89964738|
89964739|
89964740|
89964741|
89964742|
89964743|
89964768|
89964769|
89964770|
