89622146|
89622147|
89622148|
89622149|
89622150|
89622151|
89622176|
89622177|
89622178|
89622179|
89622180|
89622181|
89622182|
89622183|
89622208|
89622209|
89622210|
89622211|
89622212|
89622213|
89622214|
89622215|
89622240|
89622241|
89622242|
89622243|
89622244|
89622245|
89622246|
89622247|
89622272|
89622273|
89622274|
89622275|
89622276|
89622277|
89622278|
89622279|
89622304|
89622305|
89622306|
89622307|
89622308|
89622309|
89622310|
89622311|
89622336|
89622337|
89622338|
89622339|
89622340|
89622341|
89622342|
89622343|
89622368|
89622369|
89622370|
89622371|
89622372|
89622373|
89622374|
89622375|
89622400|
89622401|
89622402|
89622403|
89622404|
89622405|
89622406|
89622407|
89622432|
89622433|
89622434|
89622435|
89622436|
89622437|
89622438|
89622439|
89622464|
89622465|
89622466|
89622467|
89622468|
89622469|
89622470|
89622471|
89622496|
89622497|
89622498|
89622499|
89622500|
89622501|
89622502|
89622503|
89622528|
89622529|
89622530|
89622531|
89622532|
89622533|
