504325|
504326|
504327|
504352|
504353|
504354|
504355|
504356|
504357|
504358|
504359|
504384|
504385|
504386|
504387|
504388|
504389|
504390|
504391|
504416|
504417|
504418|
504419|
504420|
504421|
504422|
504423|
504448|
504449|
504450|
504451|
504452|
504453|
504454|
504455|
504480|
504481|
504482|
504483|
504484|
504485|
504486|
504487|
504512|
504513|
504514|
504515|
504516|
504517|
504518|
504519|
504544|
504545|
504546|
504547|
504548|
504549|
504550|
504551|
504576|
504577|
504578|
504579|
504580|
504581|
504582|
504583|
504608|
504609|
504610|
504611|
504612|
504613|
504614|
504615|
504640|
504641|
504642|
504643|
504644|
504645|
504646|
504647|
504672|
504673|
504674|
504675|
504676|
504677|
504678|
504679|
504704|
504705|
504706|
504707|
504708|
504709|
504710|
504711|
504736|
