126082|
126083|
126084|
126085|
126086|
126087|
126112|
126113|
126114|
126115|
126116|
126117|
126118|
126119|
126144|
126145|
126146|
126147|
126148|
126149|
126150|
126151|
126176|
126177|
126178|
126179|
126180|
126181|
126182|
126183|
126208|
126209|
126210|
126211|
126212|
126213|
126214|
126215|
126240|
126241|
126242|
126243|
126244|
126245|
126246|
126247|
126272|
126273|
126274|
126275|
126276|
126277|
126278|
126279|
126304|
126305|
126306|
126307|
126308|
126309|
126310|
126311|
126336|
126337|
126338|
126339|
126340|
126341|
126342|
126343|
126368|
126369|
126370|
126371|
126372|
126373|
126374|
126375|
126400|
126401|
126402|
126403|
126404|
126405|
126406|
126407|
126432|
126433|
126434|
126435|
126436|
126437|
126438|
126439|
126464|
126465|
126466|
126467|
126468|
126469|
