89652163|
89652164|
89652165|
89652166|
89652167|
89652192|
89652193|
89652194|
89652195|
89652196|
89652197|
89652198|
89652199|
89652224|
89652225|
89652226|
89652227|
89652228|
89652229|
89652230|
89652231|
89652256|
89652257|
89652258|
89652259|
89652260|
89652261|
89652262|
89652263|
89652288|
89652289|
89652290|
89652291|
89652292|
89652293|
89652294|
89652295|
89652320|
89652321|
89652322|
89652323|
89652324|
89652325|
89652326|
89652327|
89652352|
89652353|
89652354|
89652355|
89652356|
89652357|
89652358|
89652359|
89652384|
89652385|
89652386|
89652387|
89652388|
89652389|
89652390|
89652391|
89652416|
89652417|
89652418|
89652419|
89652420|
89652421|
89652422|
89652423|
89652448|
89652449|
89652450|
89652451|
89652452|
89652453|
89652454|
89652455|
89652480|
89652481|
89652482|
89652483|
89652484|
89652485|
89652486|
89652487|
89652512|
89652513|
89652514|
89652515|
89652516|
89652517|
89652518|
89652519|
89652544|
89652545|
89652546|
89652547|
89652548|
89652549|
89652550|
