44754240|
44754241|
44754242|
44754243|
44754244|
44754245|
44754246|
44754247|
44754272|
44754273|
44754274|
44754275|
44754276|
44754277|
44754278|
44754279|
44754304|
44754305|
44754306|
44754307|
44754308|
44754309|
44754310|
44754311|
44754336|
44754337|
44754338|
44754339|
44754340|
44754341|
44754342|
44754343|
44754368|
44754369|
44754370|
44754371|
44754372|
44754373|
44754374|
44754375|
44754400|
44754401|
44754402|
44754403|
44754404|
44754405|
44754406|
44754407|
44754432|
44754433|
44754434|
44754435|
44754436|
44754437|
44754438|
44754439|
44754464|
44754465|
44754466|
44754467|
44754468|
44754469|
44754470|
44754471|
44754496|
44754497|
44754498|
44754499|
44754500|
44754501|
44754502|
44754503|
44754528|
44754529|
44754530|
44754531|
44754532|
44754533|
44754534|
44754535|
44754560|
44754561|
44754562|
44754563|
44754564|
44754565|
44754566|
44754567|
44754592|
44754593|
44754594|
44754595|
44754596|
44754597|
44754598|
44754599|
44754624|
44754625|
44754626|
44754627|
