408261|
408262|
408263|
408288|
408289|
408290|
408291|
408292|
408293|
408294|
408295|
408320|
408321|
408322|
408323|
408324|
408325|
408326|
408327|
408352|
408353|
408354|
408355|
408356|
408357|
408358|
408359|
408384|
408385|
408386|
408387|
408388|
408389|
408390|
408391|
408416|
408417|
408418|
408419|
408420|
408421|
408422|
408423|
408448|
408449|
408450|
408451|
408452|
408453|
408454|
408455|
408480|
408481|
408482|
408483|
408484|
408485|
408486|
408487|
408512|
408513|
408514|
408515|
408516|
408517|
408518|
408519|
408544|
408545|
408546|
408547|
408548|
408549|
408550|
408551|
408576|
408577|
408578|
408579|
408580|
408581|
408582|
408583|
408608|
408609|
408610|
408611|
408612|
408613|
408614|
408615|
408640|
408641|
408642|
408643|
408644|
408645|
408646|
408647|
408672|
