89454022|
89454023|
89454048|
89454049|
89454050|
89454051|
89454052|
89454053|
89454054|
89454055|
89454080|
89454081|
89454082|
89454083|
89454084|
89454085|
89454086|
89454087|
89454112|
89454113|
89454114|
89454115|
89454116|
89454117|
89454118|
89454119|
89454144|
89454145|
89454146|
89454147|
89454148|
89454149|
89454150|
89454151|
89454176|
89454177|
89454178|
89454179|
89454180|
89454181|
89454182|
89454183|
89454208|
89454209|
89454210|
89454211|
89454212|
89454213|
89454214|
89454215|
89454240|
89454241|
89454242|
89454243|
89454244|
89454245|
89454246|
89454247|
89454272|
89454273|
89454274|
89454275|
89454276|
89454277|
89454278|
89454279|
89454304|
89454305|
89454306|
89454307|
89454308|
89454309|
89454310|
89454311|
89454336|
89454337|
89454338|
89454339|
89454340|
89454341|
89454342|
89454343|
89454368|
89454369|
89454370|
89454371|
89454372|
89454373|
89454374|
89454375|
89454400|
89454401|
89454402|
89454403|
89454404|
89454405|
89454406|
89454407|
89454432|
89454433|
