89862306|
89862307|
89862308|
89862309|
89862310|
89862311|
89862336|
89862337|
89862338|
89862339|
89862340|
89862341|
89862342|
89862343|
89862368|
89862369|
89862370|
89862371|
89862372|
89862373|
89862374|
89862375|
89862400|
89862401|
89862402|
89862403|
89862404|
89862405|
89862406|
89862407|
89862432|
89862433|
89862434|
89862435|
89862436|
89862437|
89862438|
89862439|
89862464|
89862465|
89862466|
89862467|
89862468|
89862469|
89862470|
89862471|
89862496|
89862497|
89862498|
89862499|
89862500|
89862501|
89862502|
89862503|
89862528|
89862529|
89862530|
89862531|
89862532|
89862533|
89862534|
89862535|
89862560|
89862561|
89862562|
89862563|
89862564|
89862565|
89862566|
89862567|
89862592|
89862593|
89862594|
89862595|
89862596|
89862597|
89862598|
89862599|
89862624|
89862625|
89862626|
89862627|
89862628|
89862629|
89862630|
89862631|
89862656|
89862657|
89862658|
89862659|
89862660|
89862661|
89862662|
89862663|
89862688|
89862689|
89862690|
89862691|
89862692|
89862693|
