66048|
66049|
66050|
66051|
66052|
66053|
66054|
66055|
66080|
66081|
66082|
66083|
66084|
66085|
66086|
66087|
66112|
66113|
66114|
66115|
66116|
66117|
66118|
66119|
66144|
66145|
66146|
66147|
66148|
66149|
66150|
66151|
66176|
66177|
66178|
66179|
66180|
66181|
66182|
66183|
66208|
66209|
66210|
66211|
66212|
66213|
66214|
66215|
66240|
66241|
66242|
66243|
66244|
66245|
66246|
66247|
66272|
66273|
66274|
66275|
66276|
66277|
66278|
66279|
66304|
66305|
66306|
66307|
66308|
66309|
66310|
66311|
66336|
66337|
66338|
66339|
66340|
66341|
66342|
66343|
66368|
66369|
66370|
66371|
66372|
66373|
66374|
66375|
66400|
66401|
66402|
66403|
66404|
66405|
66406|
66407|
66432|
66433|
66434|
66435|
