306208|
306209|
306210|
306211|
306212|
306213|
306214|
306215|
306240|
306241|
306242|
306243|
306244|
306245|
306246|
306247|
306272|
306273|
306274|
306275|
306276|
306277|
306278|
306279|
306304|
306305|
306306|
306307|
306308|
306309|
306310|
306311|
306336|
306337|
306338|
306339|
306340|
306341|
306342|
306343|
306368|
306369|
306370|
306371|
306372|
306373|
306374|
306375|
306400|
306401|
306402|
306403|
306404|
306405|
306406|
306407|
306432|
306433|
306434|
306435|
306436|
306437|
306438|
306439|
306464|
306465|
306466|
306467|
306468|
306469|
306470|
306471|
306496|
306497|
306498|
306499|
306500|
306501|
306502|
306503|
306528|
306529|
306530|
306531|
306532|
306533|
306534|
306535|
306560|
306561|
306562|
306563|
306564|
306565|
306566|
306567|
306592|
306593|
306594|
306595|
