44964359|
44964384|
44964385|
44964386|
44964387|
44964388|
44964389|
44964390|
44964391|
44964416|
44964417|
44964418|
44964419|
44964420|
44964421|
44964422|
44964423|
44964448|
44964449|
44964450|
44964451|
44964452|
44964453|
44964454|
44964455|
44964480|
44964481|
44964482|
44964483|
44964484|
44964485|
44964486|
44964487|
44964512|
44964513|
44964514|
44964515|
44964516|
44964517|
44964518|
44964519|
44964544|
44964545|
44964546|
44964547|
44964548|
44964549|
44964550|
44964551|
44964576|
44964577|
44964578|
44964579|
44964580|
44964581|
44964582|
44964583|
44964608|
44964609|
44964610|
44964611|
44964612|
44964613|
44964614|
44964615|
44964640|
44964641|
44964642|
44964643|
44964644|
44964645|
44964646|
44964647|
44964672|
44964673|
44964674|
44964675|
44964676|
44964677|
44964678|
44964679|
44964704|
44964705|
44964706|
44964707|
44964708|
44964709|
44964710|
44964711|
44964736|
44964737|
44964738|
44964739|
44964740|
44964741|
44964742|
44964743|
44964768|
44964769|
44964770|
