480321|
480322|
480323|
480324|
480325|
480326|
480327|
480352|
480353|
480354|
480355|
480356|
480357|
480358|
480359|
480384|
480385|
480386|
480387|
480388|
480389|
480390|
480391|
480416|
480417|
480418|
480419|
480420|
480421|
480422|
480423|
480448|
480449|
480450|
480451|
480452|
480453|
480454|
480455|
480480|
480481|
480482|
480483|
480484|
480485|
480486|
480487|
480512|
480513|
480514|
480515|
480516|
480517|
480518|
480519|
480544|
480545|
480546|
480547|
480548|
480549|
480550|
480551|
480576|
480577|
480578|
480579|
480580|
480581|
480582|
480583|
480608|
480609|
480610|
480611|
480612|
480613|
480614|
480615|
480640|
480641|
480642|
480643|
480644|
480645|
480646|
480647|
480672|
480673|
480674|
480675|
480676|
480677|
480678|
480679|
480704|
480705|
480706|
480707|
480708|
