89574114|
89574115|
89574116|
89574117|
89574118|
89574119|
89574144|
89574145|
89574146|
89574147|
89574148|
89574149|
89574150|
89574151|
89574176|
89574177|
89574178|
89574179|
89574180|
89574181|
89574182|
89574183|
89574208|
89574209|
89574210|
89574211|
89574212|
89574213|
89574214|
89574215|
89574240|
89574241|
89574242|
89574243|
89574244|
89574245|
89574246|
89574247|
89574272|
89574273|
89574274|
89574275|
89574276|
89574277|
89574278|
89574279|
89574304|
89574305|
89574306|
89574307|
89574308|
89574309|
89574310|
89574311|
89574336|
89574337|
89574338|
89574339|
89574340|
89574341|
89574342|
89574343|
89574368|
89574369|
89574370|
89574371|
89574372|
89574373|
89574374|
89574375|
89574400|
89574401|
89574402|
89574403|
89574404|
89574405|
89574406|
89574407|
89574432|
89574433|
89574434|
89574435|
89574436|
89574437|
89574438|
89574439|
89574464|
89574465|
89574466|
89574467|
89574468|
89574469|
89574470|
89574471|
89574496|
89574497|
89574498|
89574499|
89574500|
89574501|
