44712197|
44712198|
44712199|
44712224|
44712225|
44712226|
44712227|
44712228|
44712229|
44712230|
44712231|
44712256|
44712257|
44712258|
44712259|
44712260|
44712261|
44712262|
44712263|
44712288|
44712289|
44712290|
44712291|
44712292|
44712293|
44712294|
44712295|
44712320|
44712321|
44712322|
44712323|
44712324|
44712325|
44712326|
44712327|
44712352|
44712353|
44712354|
44712355|
44712356|
44712357|
44712358|
44712359|
44712384|
44712385|
44712386|
44712387|
44712388|
44712389|
44712390|
44712391|
44712416|
44712417|
44712418|
44712419|
44712420|
44712421|
44712422|
44712423|
44712448|
44712449|
44712450|
44712451|
44712452|
44712453|
44712454|
44712455|
44712480|
44712481|
44712482|
44712483|
44712484|
44712485|
44712486|
44712487|
44712512|
44712513|
44712514|
44712515|
44712516|
44712517|
44712518|
44712519|
44712544|
44712545|
44712546|
44712547|
44712548|
44712549|
44712550|
44712551|
44712576|
44712577|
44712578|
44712579|
44712580|
44712581|
44712582|
44712583|
44712608|
