44928353|
44928354|
44928355|
44928356|
44928357|
44928358|
44928359|
44928384|
44928385|
44928386|
44928387|
44928388|
44928389|
44928390|
44928391|
44928416|
44928417|
44928418|
44928419|
44928420|
44928421|
44928422|
44928423|
44928448|
44928449|
44928450|
44928451|
44928452|
44928453|
44928454|
44928455|
44928480|
44928481|
44928482|
44928483|
44928484|
44928485|
44928486|
44928487|
44928512|
44928513|
44928514|
44928515|
44928516|
44928517|
44928518|
44928519|
44928544|
44928545|
44928546|
44928547|
44928548|
44928549|
44928550|
44928551|
44928576|
44928577|
44928578|
44928579|
44928580|
44928581|
44928582|
44928583|
44928608|
44928609|
44928610|
44928611|
44928612|
44928613|
44928614|
44928615|
44928640|
44928641|
44928642|
44928643|
44928644|
44928645|
44928646|
44928647|
44928672|
44928673|
44928674|
44928675|
44928676|
44928677|
44928678|
44928679|
44928704|
44928705|
44928706|
44928707|
44928708|
44928709|
44928710|
44928711|
44928736|
44928737|
44928738|
44928739|
44928740|
