384257|
384258|
384259|
384260|
384261|
384262|
384263|
384288|
384289|
384290|
384291|
384292|
384293|
384294|
384295|
384320|
384321|
384322|
384323|
384324|
384325|
384326|
384327|
384352|
384353|
384354|
384355|
384356|
384357|
384358|
384359|
384384|
384385|
384386|
384387|
384388|
384389|
384390|
384391|
384416|
384417|
384418|
384419|
384420|
384421|
384422|
384423|
384448|
384449|
384450|
384451|
384452|
384453|
384454|
384455|
384480|
384481|
384482|
384483|
384484|
384485|
384486|
384487|
384512|
384513|
384514|
384515|
384516|
384517|
384518|
384519|
384544|
384545|
384546|
384547|
384548|
384549|
384550|
384551|
384576|
384577|
384578|
384579|
384580|
384581|
384582|
384583|
384608|
384609|
384610|
384611|
384612|
384613|
384614|
384615|
384640|
384641|
384642|
384643|
384644|
