89658176|
89658177|
89658178|
89658179|
89658180|
89658181|
89658182|
89658183|
89658208|
89658209|
89658210|
89658211|
89658212|
89658213|
89658214|
89658215|
89658240|
89658241|
89658242|
89658243|
89658244|
89658245|
89658246|
89658247|
89658272|
89658273|
89658274|
89658275|
89658276|
89658277|
89658278|
89658279|
89658304|
89658305|
89658306|
89658307|
89658308|
89658309|
89658310|
89658311|
89658336|
89658337|
89658338|
89658339|
89658340|
89658341|
89658342|
89658343|
89658368|
89658369|
89658370|
89658371|
89658372|
89658373|
89658374|
89658375|
89658400|
89658401|
89658402|
89658403|
89658404|
89658405|
89658406|
89658407|
89658432|
89658433|
89658434|
89658435|
89658436|
89658437|
89658438|
89658439|
89658464|
89658465|
89658466|
89658467|
89658468|
89658469|
89658470|
89658471|
89658496|
89658497|
89658498|
89658499|
89658500|
89658501|
89658502|
89658503|
89658528|
89658529|
89658530|
89658531|
89658532|
89658533|
89658534|
89658535|
89658560|
89658561|
89658562|
89658563|
