44466048|
44466049|
44466050|
44466051|
44466052|
44466053|
44466054|
44466055|
44466080|
44466081|
44466082|
44466083|
44466084|
44466085|
44466086|
44466087|
44466112|
44466113|
44466114|
44466115|
44466116|
44466117|
44466118|
44466119|
44466144|
44466145|
44466146|
44466147|
44466148|
44466149|
44466150|
44466151|
44466176|
44466177|
44466178|
44466179|
44466180|
44466181|
44466182|
44466183|
44466208|
44466209|
44466210|
44466211|
44466212|
44466213|
44466214|
44466215|
44466240|
44466241|
44466242|
44466243|
44466244|
44466245|
44466246|
44466247|
44466272|
44466273|
44466274|
44466275|
44466276|
44466277|
44466278|
44466279|
44466304|
44466305|
44466306|
44466307|
44466308|
44466309|
44466310|
44466311|
44466336|
44466337|
44466338|
44466339|
44466340|
44466341|
44466342|
44466343|
44466368|
44466369|
44466370|
44466371|
44466372|
44466373|
44466374|
44466375|
44466400|
44466401|
44466402|
44466403|
44466404|
44466405|
44466406|
44466407|
44466432|
44466433|
44466434|
44466435|
