44748227|
44748228|
44748229|
44748230|
44748231|
44748256|
44748257|
44748258|
44748259|
44748260|
44748261|
44748262|
44748263|
44748288|
44748289|
44748290|
44748291|
44748292|
44748293|
44748294|
44748295|
44748320|
44748321|
44748322|
44748323|
44748324|
44748325|
44748326|
44748327|
44748352|
44748353|
44748354|
44748355|
44748356|
44748357|
44748358|
44748359|
44748384|
44748385|
44748386|
44748387|
44748388|
44748389|
44748390|
44748391|
44748416|
44748417|
44748418|
44748419|
44748420|
44748421|
44748422|
44748423|
44748448|
44748449|
44748450|
44748451|
44748452|
44748453|
44748454|
44748455|
44748480|
44748481|
44748482|
44748483|
44748484|
44748485|
44748486|
44748487|
44748512|
44748513|
44748514|
44748515|
44748516|
44748517|
44748518|
44748519|
44748544|
44748545|
44748546|
44748547|
44748548|
44748549|
44748550|
44748551|
44748576|
44748577|
44748578|
44748579|
44748580|
44748581|
44748582|
44748583|
44748608|
44748609|
44748610|
44748611|
44748612|
44748613|
44748614|
