89952357|
89952358|
89952359|
89952384|
89952385|
89952386|
89952387|
89952388|
89952389|
89952390|
89952391|
89952416|
89952417|
89952418|
89952419|
89952420|
89952421|
89952422|
89952423|
89952448|
89952449|
89952450|
89952451|
89952452|
89952453|
89952454|
89952455|
89952480|
89952481|
89952482|
89952483|
89952484|
89952485|
89952486|
89952487|
89952512|
89952513|
89952514|
89952515|
89952516|
89952517|
89952518|
89952519|
89952544|
89952545|
89952546|
89952547|
89952548|
89952549|
89952550|
89952551|
89952576|
89952577|
89952578|
89952579|
89952580|
89952581|
89952582|
89952583|
89952608|
89952609|
89952610|
89952611|
89952612|
89952613|
89952614|
89952615|
89952640|
89952641|
89952642|
89952643|
89952644|
89952645|
89952646|
89952647|
89952672|
89952673|
89952674|
89952675|
89952676|
89952677|
89952678|
89952679|
89952704|
89952705|
89952706|
89952707|
89952708|
89952709|
89952710|
89952711|
89952736|
89952737|
89952738|
89952739|
89952740|
89952741|
89952742|
89952743|
89952768|
