174114|
174115|
174116|
174117|
174118|
174119|
174144|
174145|
174146|
174147|
174148|
174149|
174150|
174151|
174176|
174177|
174178|
174179|
174180|
174181|
174182|
174183|
174208|
174209|
174210|
174211|
174212|
174213|
174214|
174215|
174240|
174241|
174242|
174243|
174244|
174245|
174246|
174247|
174272|
174273|
174274|
174275|
174276|
174277|
174278|
174279|
174304|
174305|
174306|
174307|
174308|
174309|
174310|
174311|
174336|
174337|
174338|
174339|
174340|
174341|
174342|
174343|
174368|
174369|
174370|
174371|
174372|
174373|
174374|
174375|
174400|
174401|
174402|
174403|
174404|
174405|
174406|
174407|
174432|
174433|
174434|
174435|
174436|
174437|
174438|
174439|
174464|
174465|
174466|
174467|
174468|
174469|
174470|
174471|
174496|
174497|
174498|
174499|
174500|
174501|
