44868295|
44868320|
44868321|
44868322|
44868323|
44868324|
44868325|
44868326|
44868327|
44868352|
44868353|
44868354|
44868355|
44868356|
44868357|
44868358|
44868359|
44868384|
44868385|
44868386|
44868387|
44868388|
44868389|
44868390|
44868391|
44868416|
44868417|
44868418|
44868419|
44868420|
44868421|
44868422|
44868423|
44868448|
44868449|
44868450|
44868451|
44868452|
44868453|
44868454|
44868455|
44868480|
44868481|
44868482|
44868483|
44868484|
44868485|
44868486|
44868487|
44868512|
44868513|
44868514|
44868515|
44868516|
44868517|
44868518|
44868519|
44868544|
44868545|
44868546|
44868547|
44868548|
44868549|
44868550|
44868551|
44868576|
44868577|
44868578|
44868579|
44868580|
44868581|
44868582|
44868583|
44868608|
44868609|
44868610|
44868611|
44868612|
44868613|
44868614|
44868615|
44868640|
44868641|
44868642|
44868643|
44868644|
44868645|
44868646|
44868647|
44868672|
44868673|
44868674|
44868675|
44868676|
44868677|
44868678|
44868679|
44868704|
44868705|
44868706|
