492323|
492324|
492325|
492326|
492327|
492352|
492353|
492354|
492355|
492356|
492357|
492358|
492359|
492384|
492385|
492386|
492387|
492388|
492389|
492390|
492391|
492416|
492417|
492418|
492419|
492420|
492421|
492422|
492423|
492448|
492449|
492450|
492451|
492452|
492453|
492454|
492455|
492480|
492481|
492482|
492483|
492484|
492485|
492486|
492487|
492512|
492513|
492514|
492515|
492516|
492517|
492518|
492519|
492544|
492545|
492546|
492547|
492548|
492549|
492550|
492551|
492576|
492577|
492578|
492579|
492580|
492581|
492582|
492583|
492608|
492609|
492610|
492611|
492612|
492613|
492614|
492615|
492640|
492641|
492642|
492643|
492644|
492645|
492646|
492647|
492672|
492673|
492674|
492675|
492676|
492677|
492678|
492679|
492704|
492705|
492706|
492707|
492708|
492709|
492710|
