89688193|
89688194|
89688195|
89688196|
89688197|
89688198|
89688199|
89688224|
89688225|
89688226|
89688227|
89688228|
89688229|
89688230|
89688231|
89688256|
89688257|
89688258|
89688259|
89688260|
89688261|
89688262|
89688263|
89688288|
89688289|
89688290|
89688291|
89688292|
89688293|
89688294|
89688295|
89688320|
89688321|
89688322|
89688323|
89688324|
89688325|
89688326|
89688327|
89688352|
89688353|
89688354|
89688355|
89688356|
89688357|
89688358|
89688359|
89688384|
89688385|
89688386|
89688387|
89688388|
89688389|
89688390|
89688391|
89688416|
89688417|
89688418|
89688419|
89688420|
89688421|
89688422|
89688423|
89688448|
89688449|
89688450|
89688451|
89688452|
89688453|
89688454|
89688455|
89688480|
89688481|
89688482|
89688483|
89688484|
89688485|
89688486|
89688487|
89688512|
89688513|
89688514|
89688515|
89688516|
89688517|
89688518|
89688519|
89688544|
89688545|
89688546|
89688547|
89688548|
89688549|
89688550|
89688551|
89688576|
89688577|
89688578|
89688579|
89688580|
