89490052|
89490053|
89490054|
89490055|
89490080|
89490081|
89490082|
89490083|
89490084|
89490085|
89490086|
89490087|
89490112|
89490113|
89490114|
89490115|
89490116|
89490117|
89490118|
89490119|
89490144|
89490145|
89490146|
89490147|
89490148|
89490149|
89490150|
89490151|
89490176|
89490177|
89490178|
89490179|
89490180|
89490181|
89490182|
89490183|
89490208|
89490209|
89490210|
89490211|
89490212|
89490213|
89490214|
89490215|
89490240|
89490241|
89490242|
89490243|
89490244|
89490245|
89490246|
89490247|
89490272|
89490273|
89490274|
89490275|
89490276|
89490277|
89490278|
89490279|
89490304|
89490305|
89490306|
89490307|
89490308|
89490309|
89490310|
89490311|
89490336|
89490337|
89490338|
89490339|
89490340|
89490341|
89490342|
89490343|
89490368|
89490369|
89490370|
89490371|
89490372|
89490373|
89490374|
89490375|
89490400|
89490401|
89490402|
89490403|
89490404|
89490405|
89490406|
89490407|
89490432|
89490433|
89490434|
89490435|
89490436|
89490437|
89490438|
89490439|
