552357|
552358|
552359|
552384|
552385|
552386|
552387|
552388|
552389|
552390|
552391|
552416|
552417|
552418|
552419|
552420|
552421|
552422|
552423|
552448|
552449|
552450|
552451|
552452|
552453|
552454|
552455|
552480|
552481|
552482|
552483|
552484|
552485|
552486|
552487|
552512|
552513|
552514|
552515|
552516|
552517|
552518|
552519|
552544|
552545|
552546|
552547|
552548|
552549|
552550|
552551|
552576|
552577|
552578|
552579|
552580|
552581|
552582|
552583|
552608|
552609|
552610|
552611|
552612|
552613|
552614|
552615|
552640|
552641|
552642|
552643|
552644|
552645|
552646|
552647|
552672|
552673|
552674|
552675|
552676|
552677|
552678|
552679|
552704|
552705|
552706|
552707|
552708|
552709|
552710|
552711|
552736|
552737|
552738|
552739|
552740|
552741|
552742|
552743|
552768|
