522340|
522341|
522342|
522343|
522368|
522369|
522370|
522371|
522372|
522373|
522374|
522375|
522400|
522401|
522402|
522403|
522404|
522405|
522406|
522407|
522432|
522433|
522434|
522435|
522436|
522437|
522438|
522439|
522464|
522465|
522466|
522467|
522468|
522469|
522470|
522471|
522496|
522497|
522498|
522499|
522500|
522501|
522502|
522503|
522528|
522529|
522530|
522531|
522532|
522533|
522534|
522535|
522560|
522561|
522562|
522563|
522564|
522565|
522566|
522567|
522592|
522593|
522594|
522595|
522596|
522597|
522598|
522599|
522624|
522625|
522626|
522627|
522628|
522629|
522630|
522631|
522656|
522657|
522658|
522659|
522660|
522661|
522662|
522663|
522688|
522689|
522690|
522691|
522692|
522693|
522694|
522695|
522720|
522721|
522722|
522723|
522724|
522725|
522726|
522727|
