342214|
342215|
342240|
342241|
342242|
342243|
342244|
342245|
342246|
342247|
342272|
342273|
342274|
342275|
342276|
342277|
342278|
342279|
342304|
342305|
342306|
342307|
342308|
342309|
342310|
342311|
342336|
342337|
342338|
342339|
342340|
342341|
342342|
342343|
342368|
342369|
342370|
342371|
342372|
342373|
342374|
342375|
342400|
342401|
342402|
342403|
342404|
342405|
342406|
342407|
342432|
342433|
342434|
342435|
342436|
342437|
342438|
342439|
342464|
342465|
342466|
342467|
342468|
342469|
342470|
342471|
342496|
342497|
342498|
342499|
342500|
342501|
342502|
342503|
342528|
342529|
342530|
342531|
342532|
342533|
342534|
342535|
342560|
342561|
342562|
342563|
342564|
342565|
342566|
342567|
342592|
342593|
342594|
342595|
342596|
342597|
342598|
342599|
342624|
342625|
