44736225|
44736226|
44736227|
44736228|
44736229|
44736230|
44736231|
44736256|
44736257|
44736258|
44736259|
44736260|
44736261|
44736262|
44736263|
44736288|
44736289|
44736290|
44736291|
44736292|
44736293|
44736294|
44736295|
44736320|
44736321|
44736322|
44736323|
44736324|
44736325|
44736326|
44736327|
44736352|
44736353|
44736354|
44736355|
44736356|
44736357|
44736358|
44736359|
44736384|
44736385|
44736386|
44736387|
44736388|
44736389|
44736390|
44736391|
44736416|
44736417|
44736418|
44736419|
44736420|
44736421|
44736422|
44736423|
44736448|
44736449|
44736450|
44736451|
44736452|
44736453|
44736454|
44736455|
44736480|
44736481|
44736482|
44736483|
44736484|
44736485|
44736486|
44736487|
44736512|
44736513|
44736514|
44736515|
44736516|
44736517|
44736518|
44736519|
44736544|
44736545|
44736546|
44736547|
44736548|
44736549|
44736550|
44736551|
44736576|
44736577|
44736578|
44736579|
44736580|
44736581|
44736582|
44736583|
44736608|
44736609|
44736610|
44736611|
44736612|
