89718210|
89718211|
89718212|
89718213|
89718214|
89718215|
89718240|
89718241|
89718242|
89718243|
89718244|
89718245|
89718246|
89718247|
89718272|
89718273|
89718274|
89718275|
89718276|
89718277|
89718278|
89718279|
89718304|
89718305|
89718306|
89718307|
89718308|
89718309|
89718310|
89718311|
89718336|
89718337|
89718338|
89718339|
89718340|
89718341|
89718342|
89718343|
89718368|
89718369|
89718370|
89718371|
89718372|
89718373|
89718374|
89718375|
89718400|
89718401|
89718402|
89718403|
89718404|
89718405|
89718406|
89718407|
89718432|
89718433|
89718434|
89718435|
89718436|
89718437|
89718438|
89718439|
89718464|
89718465|
89718466|
89718467|
89718468|
89718469|
89718470|
89718471|
89718496|
89718497|
89718498|
89718499|
89718500|
89718501|
89718502|
89718503|
89718528|
89718529|
89718530|
89718531|
89718532|
89718533|
89718534|
89718535|
89718560|
89718561|
89718562|
89718563|
89718564|
89718565|
89718566|
89718567|
89718592|
89718593|
89718594|
89718595|
89718596|
89718597|
