89598118|
89598119|
89598144|
89598145|
89598146|
89598147|
89598148|
89598149|
89598150|
89598151|
89598176|
89598177|
89598178|
89598179|
89598180|
89598181|
89598182|
89598183|
89598208|
89598209|
89598210|
89598211|
89598212|
89598213|
89598214|
89598215|
89598240|
89598241|
89598242|
89598243|
89598244|
89598245|
89598246|
89598247|
89598272|
89598273|
89598274|
89598275|
89598276|
89598277|
89598278|
89598279|
89598304|
89598305|
89598306|
89598307|
89598308|
89598309|
89598310|
89598311|
89598336|
89598337|
89598338|
89598339|
89598340|
89598341|
89598342|
89598343|
89598368|
89598369|
89598370|
89598371|
89598372|
89598373|
89598374|
89598375|
89598400|
89598401|
89598402|
89598403|
89598404|
89598405|
89598406|
89598407|
89598432|
89598433|
89598434|
89598435|
89598436|
89598437|
89598438|
89598439|
89598464|
89598465|
89598466|
89598467|
89598468|
89598469|
89598470|
89598471|
89598496|
89598497|
89598498|
89598499|
89598500|
89598501|
89598502|
89598503|
89598528|
89598529|
