44916327|
44916352|
44916353|
44916354|
44916355|
44916356|
44916357|
44916358|
44916359|
44916384|
44916385|
44916386|
44916387|
44916388|
44916389|
44916390|
44916391|
44916416|
44916417|
44916418|
44916419|
44916420|
44916421|
44916422|
44916423|
44916448|
44916449|
44916450|
44916451|
44916452|
44916453|
44916454|
44916455|
44916480|
44916481|
44916482|
44916483|
44916484|
44916485|
44916486|
44916487|
44916512|
44916513|
44916514|
44916515|
44916516|
44916517|
44916518|
44916519|
44916544|
44916545|
44916546|
44916547|
44916548|
44916549|
44916550|
44916551|
44916576|
44916577|
44916578|
44916579|
44916580|
44916581|
44916582|
44916583|
44916608|
44916609|
44916610|
44916611|
44916612|
44916613|
44916614|
44916615|
44916640|
44916641|
44916642|
44916643|
44916644|
44916645|
44916646|
44916647|
44916672|
44916673|
44916674|
44916675|
44916676|
44916677|
44916678|
44916679|
44916704|
44916705|
44916706|
44916707|
44916708|
44916709|
44916710|
44916711|
44916736|
44916737|
44916738|
