270178|
270179|
270180|
270181|
270182|
270183|
270208|
270209|
270210|
270211|
270212|
270213|
270214|
270215|
270240|
270241|
270242|
270243|
270244|
270245|
270246|
270247|
270272|
270273|
270274|
270275|
270276|
270277|
270278|
270279|
270304|
270305|
270306|
270307|
270308|
270309|
270310|
270311|
270336|
270337|
270338|
270339|
270340|
270341|
270342|
270343|
270368|
270369|
270370|
270371|
270372|
270373|
270374|
270375|
270400|
270401|
270402|
270403|
270404|
270405|
270406|
270407|
270432|
270433|
270434|
270435|
270436|
270437|
270438|
270439|
270464|
270465|
270466|
270467|
270468|
270469|
270470|
270471|
270496|
270497|
270498|
270499|
270500|
270501|
270502|
270503|
270528|
270529|
270530|
270531|
270532|
270533|
270534|
270535|
270560|
270561|
270562|
270563|
270564|
270565|
