44490052|
44490053|
44490054|
44490055|
44490080|
44490081|
44490082|
44490083|
44490084|
44490085|
44490086|
44490087|
44490112|
44490113|
44490114|
44490115|
44490116|
44490117|
44490118|
44490119|
44490144|
44490145|
44490146|
44490147|
44490148|
44490149|
44490150|
44490151|
44490176|
44490177|
44490178|
44490179|
44490180|
44490181|
44490182|
44490183|
44490208|
44490209|
44490210|
44490211|
44490212|
44490213|
44490214|
44490215|
44490240|
44490241|
44490242|
44490243|
44490244|
44490245|
44490246|
44490247|
44490272|
44490273|
44490274|
44490275|
44490276|
44490277|
44490278|
44490279|
44490304|
44490305|
44490306|
44490307|
44490308|
44490309|
44490310|
44490311|
44490336|
44490337|
44490338|
44490339|
44490340|
44490341|
44490342|
44490343|
44490368|
44490369|
44490370|
44490371|
44490372|
44490373|
44490374|
44490375|
44490400|
44490401|
44490402|
44490403|
44490404|
44490405|
44490406|
44490407|
44490432|
44490433|
44490434|
44490435|
44490436|
44490437|
44490438|
44490439|
