44790246|
44790247|
44790272|
44790273|
44790274|
44790275|
44790276|
44790277|
44790278|
44790279|
44790304|
44790305|
44790306|
44790307|
44790308|
44790309|
44790310|
44790311|
44790336|
44790337|
44790338|
44790339|
44790340|
44790341|
44790342|
44790343|
44790368|
44790369|
44790370|
44790371|
44790372|
44790373|
44790374|
44790375|
44790400|
44790401|
44790402|
44790403|
44790404|
44790405|
44790406|
44790407|
44790432|
44790433|
44790434|
44790435|
44790436|
44790437|
44790438|
44790439|
44790464|
44790465|
44790466|
44790467|
44790468|
44790469|
44790470|
44790471|
44790496|
44790497|
44790498|
44790499|
44790500|
44790501|
44790502|
44790503|
44790528|
44790529|
44790530|
44790531|
44790532|
44790533|
44790534|
44790535|
44790560|
44790561|
44790562|
44790563|
44790564|
44790565|
44790566|
44790567|
44790592|
44790593|
44790594|
44790595|
44790596|
44790597|
44790598|
44790599|
44790624|
44790625|
44790626|
44790627|
44790628|
44790629|
44790630|
44790631|
44790656|
44790657|
