44586116|
44586117|
44586118|
44586119|
44586144|
44586145|
44586146|
44586147|
44586148|
44586149|
44586150|
44586151|
44586176|
44586177|
44586178|
44586179|
44586180|
44586181|
44586182|
44586183|
44586208|
44586209|
44586210|
44586211|
44586212|
44586213|
44586214|
44586215|
44586240|
44586241|
44586242|
44586243|
44586244|
44586245|
44586246|
44586247|
44586272|
44586273|
44586274|
44586275|
44586276|
44586277|
44586278|
44586279|
44586304|
44586305|
44586306|
44586307|
44586308|
44586309|
44586310|
44586311|
44586336|
44586337|
44586338|
44586339|
44586340|
44586341|
44586342|
44586343|
44586368|
44586369|
44586370|
44586371|
44586372|
44586373|
44586374|
44586375|
44586400|
44586401|
44586402|
44586403|
44586404|
44586405|
44586406|
44586407|
44586432|
44586433|
44586434|
44586435|
44586436|
44586437|
44586438|
44586439|
44586464|
44586465|
44586466|
44586467|
44586468|
44586469|
44586470|
44586471|
44586496|
44586497|
44586498|
44586499|
44586500|
44586501|
44586502|
44586503|
