89604131|
89604132|
89604133|
89604134|
89604135|
89604160|
89604161|
89604162|
89604163|
89604164|
89604165|
89604166|
89604167|
89604192|
89604193|
89604194|
89604195|
89604196|
89604197|
89604198|
89604199|
89604224|
89604225|
89604226|
89604227|
89604228|
89604229|
89604230|
89604231|
89604256|
89604257|
89604258|
89604259|
89604260|
89604261|
89604262|
89604263|
89604288|
89604289|
89604290|
89604291|
89604292|
89604293|
89604294|
89604295|
89604320|
89604321|
89604322|
89604323|
89604324|
89604325|
89604326|
89604327|
89604352|
89604353|
89604354|
89604355|
89604356|
89604357|
89604358|
89604359|
89604384|
89604385|
89604386|
89604387|
89604388|
89604389|
89604390|
89604391|
89604416|
89604417|
89604418|
89604419|
89604420|
89604421|
89604422|
89604423|
89604448|
89604449|
89604450|
89604451|
89604452|
89604453|
89604454|
89604455|
89604480|
89604481|
89604482|
89604483|
89604484|
89604485|
89604486|
89604487|
89604512|
89604513|
89604514|
89604515|
89604516|
89604517|
89604518|
