89520069|
89520070|
89520071|
89520096|
89520097|
89520098|
89520099|
89520100|
89520101|
89520102|
89520103|
89520128|
89520129|
89520130|
89520131|
89520132|
89520133|
89520134|
89520135|
89520160|
89520161|
89520162|
89520163|
89520164|
89520165|
89520166|
89520167|
89520192|
89520193|
89520194|
89520195|
89520196|
89520197|
89520198|
89520199|
89520224|
89520225|
89520226|
89520227|
89520228|
89520229|
89520230|
89520231|
89520256|
89520257|
89520258|
89520259|
89520260|
89520261|
89520262|
89520263|
89520288|
89520289|
89520290|
89520291|
89520292|
89520293|
89520294|
89520295|
89520320|
89520321|
89520322|
89520323|
89520324|
89520325|
89520326|
89520327|
89520352|
89520353|
89520354|
89520355|
89520356|
89520357|
89520358|
89520359|
89520384|
89520385|
89520386|
89520387|
89520388|
89520389|
89520390|
89520391|
89520416|
89520417|
89520418|
89520419|
89520420|
89520421|
89520422|
89520423|
89520448|
89520449|
89520450|
89520451|
89520452|
89520453|
89520454|
89520455|
89520480|
