89700195|
89700196|
89700197|
89700198|
89700199|
89700224|
89700225|
89700226|
89700227|
89700228|
89700229|
89700230|
89700231|
89700256|
89700257|
89700258|
89700259|
89700260|
89700261|
89700262|
89700263|
89700288|
89700289|
89700290|
89700291|
89700292|
89700293|
89700294|
89700295|
89700320|
89700321|
89700322|
89700323|
89700324|
89700325|
89700326|
89700327|
89700352|
89700353|
89700354|
89700355|
89700356|
89700357|
89700358|
89700359|
89700384|
89700385|
89700386|
89700387|
89700388|
89700389|
89700390|
89700391|
89700416|
89700417|
89700418|
89700419|
89700420|
89700421|
89700422|
89700423|
89700448|
89700449|
89700450|
89700451|
89700452|
89700453|
89700454|
89700455|
89700480|
89700481|
89700482|
89700483|
89700484|
89700485|
89700486|
89700487|
89700512|
89700513|
89700514|
89700515|
89700516|
89700517|
89700518|
89700519|
89700544|
89700545|
89700546|
89700547|
89700548|
89700549|
89700550|
89700551|
89700576|
89700577|
89700578|
89700579|
89700580|
89700581|
89700582|
