89850304|
89850305|
89850306|
89850307|
89850308|
89850309|
89850310|
89850311|
89850336|
89850337|
89850338|
89850339|
89850340|
89850341|
89850342|
89850343|
89850368|
89850369|
89850370|
89850371|
89850372|
89850373|
89850374|
89850375|
89850400|
89850401|
89850402|
89850403|
89850404|
89850405|
89850406|
89850407|
89850432|
89850433|
89850434|
89850435|
89850436|
89850437|
89850438|
89850439|
89850464|
89850465|
89850466|
89850467|
89850468|
89850469|
89850470|
89850471|
89850496|
89850497|
89850498|
89850499|
89850500|
89850501|
89850502|
89850503|
89850528|
89850529|
89850530|
89850531|
89850532|
89850533|
89850534|
89850535|
89850560|
89850561|
89850562|
89850563|
89850564|
89850565|
89850566|
89850567|
89850592|
89850593|
89850594|
89850595|
89850596|
89850597|
89850598|
89850599|
89850624|
89850625|
89850626|
89850627|
89850628|
89850629|
89850630|
89850631|
89850656|
89850657|
89850658|
89850659|
89850660|
89850661|
89850662|
89850663|
89850688|
89850689|
89850690|
89850691|
