44742214|
44742215|
44742240|
44742241|
44742242|
44742243|
44742244|
44742245|
44742246|
44742247|
44742272|
44742273|
44742274|
44742275|
44742276|
44742277|
44742278|
44742279|
44742304|
44742305|
44742306|
44742307|
44742308|
44742309|
44742310|
44742311|
44742336|
44742337|
44742338|
44742339|
44742340|
44742341|
44742342|
44742343|
44742368|
44742369|
44742370|
44742371|
44742372|
44742373|
44742374|
44742375|
44742400|
44742401|
44742402|
44742403|
44742404|
44742405|
44742406|
44742407|
44742432|
44742433|
44742434|
44742435|
44742436|
44742437|
44742438|
44742439|
44742464|
44742465|
44742466|
44742467|
44742468|
44742469|
44742470|
44742471|
44742496|
44742497|
44742498|
44742499|
44742500|
44742501|
44742502|
44742503|
44742528|
44742529|
44742530|
44742531|
44742532|
44742533|
44742534|
44742535|
44742560|
44742561|
44742562|
44742563|
44742564|
44742565|
44742566|
44742567|
44742592|
44742593|
44742594|
44742595|
44742596|
44742597|
44742598|
44742599|
44742624|
44742625|
