150086|
150087|
150112|
150113|
150114|
150115|
150116|
150117|
150118|
150119|
150144|
150145|
150146|
150147|
150148|
150149|
150150|
150151|
150176|
150177|
150178|
150179|
150180|
150181|
150182|
150183|
150208|
150209|
150210|
150211|
150212|
150213|
150214|
150215|
150240|
150241|
150242|
150243|
150244|
150245|
150246|
150247|
150272|
150273|
150274|
150275|
150276|
150277|
150278|
150279|
150304|
150305|
150306|
150307|
150308|
150309|
150310|
150311|
150336|
150337|
150338|
150339|
150340|
150341|
150342|
150343|
150368|
150369|
150370|
150371|
150372|
150373|
150374|
150375|
150400|
150401|
150402|
150403|
150404|
150405|
150406|
150407|
150432|
150433|
150434|
150435|
150436|
150437|
150438|
150439|
150464|
150465|
150466|
150467|
150468|
150469|
150470|
150471|
150496|
150497|
