89496065|
89496066|
89496067|
89496068|
89496069|
89496070|
89496071|
89496096|
89496097|
89496098|
89496099|
89496100|
89496101|
89496102|
89496103|
89496128|
89496129|
89496130|
89496131|
89496132|
89496133|
89496134|
89496135|
89496160|
89496161|
89496162|
89496163|
89496164|
89496165|
89496166|
89496167|
89496192|
89496193|
89496194|
89496195|
89496196|
89496197|
89496198|
89496199|
89496224|
89496225|
89496226|
89496227|
89496228|
89496229|
89496230|
89496231|
89496256|
89496257|
89496258|
89496259|
89496260|
89496261|
89496262|
89496263|
89496288|
89496289|
89496290|
89496291|
89496292|
89496293|
89496294|
89496295|
89496320|
89496321|
89496322|
89496323|
89496324|
89496325|
89496326|
89496327|
89496352|
89496353|
89496354|
89496355|
89496356|
89496357|
89496358|
89496359|
89496384|
89496385|
89496386|
89496387|
89496388|
89496389|
89496390|
89496391|
89496416|
89496417|
89496418|
89496419|
89496420|
89496421|
89496422|
89496423|
89496448|
89496449|
89496450|
89496451|
89496452|
