330212|
330213|
330214|
330215|
330240|
330241|
330242|
330243|
330244|
330245|
330246|
330247|
330272|
330273|
330274|
330275|
330276|
330277|
330278|
330279|
330304|
330305|
330306|
330307|
330308|
330309|
330310|
330311|
330336|
330337|
330338|
330339|
330340|
330341|
330342|
330343|
330368|
330369|
330370|
330371|
330372|
330373|
330374|
330375|
330400|
330401|
330402|
330403|
330404|
330405|
330406|
330407|
330432|
330433|
330434|
330435|
330436|
330437|
330438|
330439|
330464|
330465|
330466|
330467|
330468|
330469|
330470|
330471|
330496|
330497|
330498|
330499|
330500|
330501|
330502|
330503|
330528|
330529|
330530|
330531|
330532|
330533|
330534|
330535|
330560|
330561|
330562|
330563|
330564|
330565|
330566|
330567|
330592|
330593|
330594|
330595|
330596|
330597|
330598|
330599|
