44502054|
44502055|
44502080|
44502081|
44502082|
44502083|
44502084|
44502085|
44502086|
44502087|
44502112|
44502113|
44502114|
44502115|
44502116|
44502117|
44502118|
44502119|
44502144|
44502145|
44502146|
44502147|
44502148|
44502149|
44502150|
44502151|
44502176|
44502177|
44502178|
44502179|
44502180|
44502181|
44502182|
44502183|
44502208|
44502209|
44502210|
44502211|
44502212|
44502213|
44502214|
44502215|
44502240|
44502241|
44502242|
44502243|
44502244|
44502245|
44502246|
44502247|
44502272|
44502273|
44502274|
44502275|
44502276|
44502277|
44502278|
44502279|
44502304|
44502305|
44502306|
44502307|
44502308|
44502309|
44502310|
44502311|
44502336|
44502337|
44502338|
44502339|
44502340|
44502341|
44502342|
44502343|
44502368|
44502369|
44502370|
44502371|
44502372|
44502373|
44502374|
44502375|
44502400|
44502401|
44502402|
44502403|
44502404|
44502405|
44502406|
44502407|
44502432|
44502433|
44502434|
44502435|
44502436|
44502437|
44502438|
44502439|
44502464|
44502465|
