372231|
372256|
372257|
372258|
372259|
372260|
372261|
372262|
372263|
372288|
372289|
372290|
372291|
372292|
372293|
372294|
372295|
372320|
372321|
372322|
372323|
372324|
372325|
372326|
372327|
372352|
372353|
372354|
372355|
372356|
372357|
372358|
372359|
372384|
372385|
372386|
372387|
372388|
372389|
372390|
372391|
372416|
372417|
372418|
372419|
372420|
372421|
372422|
372423|
372448|
372449|
372450|
372451|
372452|
372453|
372454|
372455|
372480|
372481|
372482|
372483|
372484|
372485|
372486|
372487|
372512|
372513|
372514|
372515|
372516|
372517|
372518|
372519|
372544|
372545|
372546|
372547|
372548|
372549|
372550|
372551|
372576|
372577|
372578|
372579|
372580|
372581|
372582|
372583|
372608|
372609|
372610|
372611|
372612|
372613|
372614|
372615|
372640|
372641|
372642|
