564359|
564384|
564385|
564386|
564387|
564388|
564389|
564390|
564391|
564416|
564417|
564418|
564419|
564420|
564421|
564422|
564423|
564448|
564449|
564450|
564451|
564452|
564453|
564454|
564455|
564480|
564481|
564482|
564483|
564484|
564485|
564486|
564487|
564512|
564513|
564514|
564515|
564516|
564517|
564518|
564519|
564544|
564545|
564546|
564547|
564548|
564549|
564550|
564551|
564576|
564577|
564578|
564579|
564580|
564581|
564582|
564583|
564608|
564609|
564610|
564611|
564612|
564613|
564614|
564615|
564640|
564641|
564642|
564643|
564644|
564645|
564646|
564647|
564672|
564673|
564674|
564675|
564676|
564677|
564678|
564679|
564704|
564705|
564706|
564707|
564708|
564709|
564710|
564711|
564736|
564737|
564738|
564739|
564740|
564741|
564742|
564743|
564768|
564769|
564770|
