89838278|
89838279|
89838304|
89838305|
89838306|
89838307|
89838308|
89838309|
89838310|
89838311|
89838336|
89838337|
89838338|
89838339|
89838340|
89838341|
89838342|
89838343|
89838368|
89838369|
89838370|
89838371|
89838372|
89838373|
89838374|
89838375|
89838400|
89838401|
89838402|
89838403|
89838404|
89838405|
89838406|
89838407|
89838432|
89838433|
89838434|
89838435|
89838436|
89838437|
89838438|
89838439|
89838464|
89838465|
89838466|
89838467|
89838468|
89838469|
89838470|
89838471|
89838496|
89838497|
89838498|
89838499|
89838500|
89838501|
89838502|
89838503|
89838528|
89838529|
89838530|
89838531|
89838532|
89838533|
89838534|
89838535|
89838560|
89838561|
89838562|
89838563|
89838564|
89838565|
89838566|
89838567|
89838592|
89838593|
89838594|
89838595|
89838596|
89838597|
89838598|
89838599|
89838624|
89838625|
89838626|
89838627|
89838628|
89838629|
89838630|
89838631|
89838656|
89838657|
89838658|
89838659|
89838660|
89838661|
89838662|
89838663|
89838688|
89838689|
