44880321|
44880322|
44880323|
44880324|
44880325|
44880326|
44880327|
44880352|
44880353|
44880354|
44880355|
44880356|
44880357|
44880358|
44880359|
44880384|
44880385|
44880386|
44880387|
44880388|
44880389|
44880390|
44880391|
44880416|
44880417|
44880418|
44880419|
44880420|
44880421|
44880422|
44880423|
44880448|
44880449|
44880450|
44880451|
44880452|
44880453|
44880454|
44880455|
44880480|
44880481|
44880482|
44880483|
44880484|
44880485|
44880486|
44880487|
44880512|
44880513|
44880514|
44880515|
44880516|
44880517|
44880518|
44880519|
44880544|
44880545|
44880546|
44880547|
44880548|
44880549|
44880550|
44880551|
44880576|
44880577|
44880578|
44880579|
44880580|
44880581|
44880582|
44880583|
44880608|
44880609|
44880610|
44880611|
44880612|
44880613|
44880614|
44880615|
44880640|
44880641|
44880642|
44880643|
44880644|
44880645|
44880646|
44880647|
44880672|
44880673|
44880674|
44880675|
44880676|
44880677|
44880678|
44880679|
44880704|
44880705|
44880706|
44880707|
44880708|
