54022|
54023|
54048|
54049|
54050|
54051|
54052|
54053|
54054|
54055|
54080|
54081|
54082|
54083|
54084|
54085|
54086|
54087|
54112|
54113|
54114|
54115|
54116|
54117|
54118|
54119|
54144|
54145|
54146|
54147|
54148|
54149|
54150|
54151|
54176|
54177|
54178|
54179|
54180|
54181|
54182|
54183|
54208|
54209|
54210|
54211|
54212|
54213|
54214|
54215|
54240|
54241|
54242|
54243|
54244|
54245|
54246|
54247|
54272|
54273|
54274|
54275|
54276|
54277|
54278|
54279|
54304|
54305|
54306|
54307|
54308|
54309|
54310|
54311|
54336|
54337|
54338|
54339|
54340|
54341|
54342|
54343|
54368|
54369|
54370|
54371|
54372|
54373|
54374|
54375|
54400|
54401|
54402|
54403|
54404|
54405|
54406|
54407|
54432|
54433|
