89628135|
89628160|
89628161|
89628162|
89628163|
89628164|
89628165|
89628166|
89628167|
89628192|
89628193|
89628194|
89628195|
89628196|
89628197|
89628198|
89628199|
89628224|
89628225|
89628226|
89628227|
89628228|
89628229|
89628230|
89628231|
89628256|
89628257|
89628258|
89628259|
89628260|
89628261|
89628262|
89628263|
89628288|
89628289|
89628290|
89628291|
89628292|
89628293|
89628294|
89628295|
89628320|
89628321|
89628322|
89628323|
89628324|
89628325|
89628326|
89628327|
89628352|
89628353|
89628354|
89628355|
89628356|
89628357|
89628358|
89628359|
89628384|
89628385|
89628386|
89628387|
89628388|
89628389|
89628390|
89628391|
89628416|
89628417|
89628418|
89628419|
89628420|
89628421|
89628422|
89628423|
89628448|
89628449|
89628450|
89628451|
89628452|
89628453|
89628454|
89628455|
89628480|
89628481|
89628482|
89628483|
89628484|
89628485|
89628486|
89628487|
89628512|
89628513|
89628514|
89628515|
89628516|
89628517|
89628518|
89628519|
89628544|
89628545|
89628546|
