252163|
252164|
252165|
252166|
252167|
252192|
252193|
252194|
252195|
252196|
252197|
252198|
252199|
252224|
252225|
252226|
252227|
252228|
252229|
252230|
252231|
252256|
252257|
252258|
252259|
252260|
252261|
252262|
252263|
252288|
252289|
252290|
252291|
252292|
252293|
252294|
252295|
252320|
252321|
252322|
252323|
252324|
252325|
252326|
252327|
252352|
252353|
252354|
252355|
252356|
252357|
252358|
252359|
252384|
252385|
252386|
252387|
252388|
252389|
252390|
252391|
252416|
252417|
252418|
252419|
252420|
252421|
252422|
252423|
252448|
252449|
252450|
252451|
252452|
252453|
252454|
252455|
252480|
252481|
252482|
252483|
252484|
252485|
252486|
252487|
252512|
252513|
252514|
252515|
252516|
252517|
252518|
252519|
252544|
252545|
252546|
252547|
252548|
252549|
252550|
