89976385|
89976386|
89976387|
89976388|
89976389|
89976390|
89976391|
89976416|
89976417|
89976418|
89976419|
89976420|
89976421|
89976422|
89976423|
89976448|
89976449|
89976450|
89976451|
89976452|
89976453|
89976454|
89976455|
89976480|
89976481|
89976482|
89976483|
89976484|
89976485|
89976486|
89976487|
89976512|
89976513|
89976514|
89976515|
89976516|
89976517|
89976518|
89976519|
89976544|
89976545|
89976546|
89976547|
89976548|
89976549|
89976550|
89976551|
89976576|
89976577|
89976578|
89976579|
89976580|
89976581|
89976582|
89976583|
89976608|
89976609|
89976610|
89976611|
89976612|
89976613|
89976614|
89976615|
89976640|
89976641|
89976642|
89976643|
89976644|
89976645|
89976646|
89976647|
89976672|
89976673|
89976674|
89976675|
89976676|
89976677|
89976678|
89976679|
89976704|
89976705|
89976706|
89976707|
89976708|
89976709|
89976710|
89976711|
89976736|
89976737|
89976738|
89976739|
89976740|
89976741|
89976742|
89976743|
89976768|
89976769|
89976770|
89976771|
89976772|
