44478050|
44478051|
44478052|
44478053|
44478054|
44478055|
44478080|
44478081|
44478082|
44478083|
44478084|
44478085|
44478086|
44478087|
44478112|
44478113|
44478114|
44478115|
44478116|
44478117|
44478118|
44478119|
44478144|
44478145|
44478146|
44478147|
44478148|
44478149|
44478150|
44478151|
44478176|
44478177|
44478178|
44478179|
44478180|
44478181|
44478182|
44478183|
44478208|
44478209|
44478210|
44478211|
44478212|
44478213|
44478214|
44478215|
44478240|
44478241|
44478242|
44478243|
44478244|
44478245|
44478246|
44478247|
44478272|
44478273|
44478274|
44478275|
44478276|
44478277|
44478278|
44478279|
44478304|
44478305|
44478306|
44478307|
44478308|
44478309|
44478310|
44478311|
44478336|
44478337|
44478338|
44478339|
44478340|
44478341|
44478342|
44478343|
44478368|
44478369|
44478370|
44478371|
44478372|
44478373|
44478374|
44478375|
44478400|
44478401|
44478402|
44478403|
44478404|
44478405|
44478406|
44478407|
44478432|
44478433|
44478434|
44478435|
44478436|
44478437|
