89994400|
89994401|
89994402|
89994403|
89994404|
89994405|
89994406|
89994407|
89994432|
89994433|
89994434|
89994435|
89994436|
89994437|
89994438|
89994439|
89994464|
89994465|
89994466|
89994467|
89994468|
89994469|
89994470|
89994471|
89994496|
89994497|
89994498|
89994499|
89994500|
89994501|
89994502|
89994503|
89994528|
89994529|
89994530|
89994531|
89994532|
89994533|
89994534|
89994535|
89994560|
89994561|
89994562|
89994563|
89994564|
89994565|
89994566|
89994567|
89994592|
89994593|
89994594|
89994595|
89994596|
89994597|
89994598|
89994599|
89994624|
89994625|
89994626|
89994627|
89994628|
89994629|
89994630|
89994631|
89994656|
89994657|
89994658|
89994659|
89994660|
89994661|
89994662|
89994663|
89994688|
89994689|
89994690|
89994691|
89994692|
89994693|
89994694|
89994695|
89994720|
89994721|
89994722|
89994723|
89994724|
89994725|
89994726|
89994727|
89994752|
89994753|
89994754|
89994755|
89994756|
89994757|
89994758|
89994759|
89994784|
89994785|
89994786|
89994787|
