89730212|
89730213|
89730214|
89730215|
89730240|
89730241|
89730242|
89730243|
89730244|
89730245|
89730246|
89730247|
89730272|
89730273|
89730274|
89730275|
89730276|
89730277|
89730278|
89730279|
89730304|
89730305|
89730306|
89730307|
89730308|
89730309|
89730310|
89730311|
89730336|
89730337|
89730338|
89730339|
89730340|
89730341|
89730342|
89730343|
89730368|
89730369|
89730370|
89730371|
89730372|
89730373|
89730374|
89730375|
89730400|
89730401|
89730402|
89730403|
89730404|
89730405|
89730406|
89730407|
89730432|
89730433|
89730434|
89730435|
89730436|
89730437|
89730438|
89730439|
89730464|
89730465|
89730466|
89730467|
89730468|
89730469|
89730470|
89730471|
89730496|
89730497|
89730498|
89730499|
89730500|
89730501|
89730502|
89730503|
89730528|
89730529|
89730530|
89730531|
89730532|
89730533|
89730534|
89730535|
89730560|
89730561|
89730562|
89730563|
89730564|
89730565|
89730566|
89730567|
89730592|
89730593|
89730594|
89730595|
89730596|
89730597|
89730598|
89730599|
