89748227|
89748228|
89748229|
89748230|
89748231|
89748256|
89748257|
89748258|
89748259|
89748260|
89748261|
89748262|
89748263|
89748288|
89748289|
89748290|
89748291|
89748292|
89748293|
89748294|
89748295|
89748320|
89748321|
89748322|
89748323|
89748324|
89748325|
89748326|
89748327|
89748352|
89748353|
89748354|
89748355|
89748356|
89748357|
89748358|
89748359|
89748384|
89748385|
89748386|
89748387|
89748388|
89748389|
89748390|
89748391|
89748416|
89748417|
89748418|
89748419|
89748420|
89748421|
89748422|
89748423|
89748448|
89748449|
89748450|
89748451|
89748452|
89748453|
89748454|
89748455|
89748480|
89748481|
89748482|
89748483|
89748484|
89748485|
89748486|
89748487|
89748512|
89748513|
89748514|
89748515|
89748516|
89748517|
89748518|
89748519|
89748544|
89748545|
89748546|
89748547|
89748548|
89748549|
89748550|
89748551|
89748576|
89748577|
89748578|
89748579|
89748580|
89748581|
89748582|
89748583|
89748608|
89748609|
89748610|
89748611|
89748612|
89748613|
89748614|
