89772231|
89772256|
89772257|
89772258|
89772259|
89772260|
89772261|
89772262|
89772263|
89772288|
89772289|
89772290|
89772291|
89772292|
89772293|
89772294|
89772295|
89772320|
89772321|
89772322|
89772323|
89772324|
89772325|
89772326|
89772327|
89772352|
89772353|
89772354|
89772355|
89772356|
89772357|
89772358|
89772359|
89772384|
89772385|
89772386|
89772387|
89772388|
89772389|
89772390|
89772391|
89772416|
89772417|
89772418|
89772419|
89772420|
89772421|
89772422|
89772423|
89772448|
89772449|
89772450|
89772451|
89772452|
89772453|
89772454|
89772455|
89772480|
89772481|
89772482|
89772483|
89772484|
89772485|
89772486|
89772487|
89772512|
89772513|
89772514|
89772515|
89772516|
89772517|
89772518|
89772519|
89772544|
89772545|
89772546|
89772547|
89772548|
89772549|
89772550|
89772551|
89772576|
89772577|
89772578|
89772579|
89772580|
89772581|
89772582|
89772583|
89772608|
89772609|
89772610|
89772611|
89772612|
89772613|
89772614|
89772615|
89772640|
89772641|
89772642|
