89544097|
89544098|
89544099|
89544100|
89544101|
89544102|
89544103|
89544128|
89544129|
89544130|
89544131|
89544132|
89544133|
89544134|
89544135|
89544160|
89544161|
89544162|
89544163|
89544164|
89544165|
89544166|
89544167|
89544192|
89544193|
89544194|
89544195|
89544196|
89544197|
89544198|
89544199|
89544224|
89544225|
89544226|
89544227|
89544228|
89544229|
89544230|
89544231|
89544256|
89544257|
89544258|
89544259|
89544260|
89544261|
89544262|
89544263|
89544288|
89544289|
89544290|
89544291|
89544292|
89544293|
89544294|
89544295|
89544320|
89544321|
89544322|
89544323|
89544324|
89544325|
89544326|
89544327|
89544352|
89544353|
89544354|
89544355|
89544356|
89544357|
89544358|
89544359|
89544384|
89544385|
89544386|
89544387|
89544388|
89544389|
89544390|
89544391|
89544416|
89544417|
89544418|
89544419|
89544420|
89544421|
89544422|
89544423|
89544448|
89544449|
89544450|
89544451|
89544452|
89544453|
89544454|
89544455|
89544480|
89544481|
89544482|
89544483|
89544484|
