89826276|
89826277|
89826278|
89826279|
89826304|
89826305|
89826306|
89826307|
89826308|
89826309|
89826310|
89826311|
89826336|
89826337|
89826338|
89826339|
89826340|
89826341|
89826342|
89826343|
89826368|
89826369|
89826370|
89826371|
89826372|
89826373|
89826374|
89826375|
89826400|
89826401|
89826402|
89826403|
89826404|
89826405|
89826406|
89826407|
89826432|
89826433|
89826434|
89826435|
89826436|
89826437|
89826438|
89826439|
89826464|
89826465|
89826466|
89826467|
89826468|
89826469|
89826470|
89826471|
89826496|
89826497|
89826498|
89826499|
89826500|
89826501|
89826502|
89826503|
89826528|
89826529|
89826530|
89826531|
89826532|
89826533|
89826534|
89826535|
89826560|
89826561|
89826562|
89826563|
89826564|
89826565|
89826566|
89826567|
89826592|
89826593|
89826594|
89826595|
89826596|
89826597|
89826598|
89826599|
89826624|
89826625|
89826626|
89826627|
89826628|
89826629|
89826630|
89826631|
89826656|
89826657|
89826658|
89826659|
89826660|
89826661|
89826662|
89826663|
