44862306|
44862307|
44862308|
44862309|
44862310|
44862311|
44862336|
44862337|
44862338|
44862339|
44862340|
44862341|
44862342|
44862343|
44862368|
44862369|
44862370|
44862371|
44862372|
44862373|
44862374|
44862375|
44862400|
44862401|
44862402|
44862403|
44862404|
44862405|
44862406|
44862407|
44862432|
44862433|
44862434|
44862435|
44862436|
44862437|
44862438|
44862439|
44862464|
44862465|
44862466|
44862467|
44862468|
44862469|
44862470|
44862471|
44862496|
44862497|
44862498|
44862499|
44862500|
44862501|
44862502|
44862503|
44862528|
44862529|
44862530|
44862531|
44862532|
44862533|
44862534|
44862535|
44862560|
44862561|
44862562|
44862563|
44862564|
44862565|
44862566|
44862567|
44862592|
44862593|
44862594|
44862595|
44862596|
44862597|
44862598|
44862599|
44862624|
44862625|
44862626|
44862627|
44862628|
44862629|
44862630|
44862631|
44862656|
44862657|
44862658|
44862659|
44862660|
44862661|
44862662|
44862663|
44862688|
44862689|
44862690|
44862691|
44862692|
44862693|
