89724199|
89724224|
89724225|
89724226|
89724227|
89724228|
89724229|
89724230|
89724231|
89724256|
89724257|
89724258|
89724259|
89724260|
89724261|
89724262|
89724263|
89724288|
89724289|
89724290|
89724291|
89724292|
89724293|
89724294|
89724295|
89724320|
89724321|
89724322|
89724323|
89724324|
89724325|
89724326|
89724327|
89724352|
89724353|
89724354|
89724355|
89724356|
89724357|
89724358|
89724359|
89724384|
89724385|
89724386|
89724387|
89724388|
89724389|
89724390|
89724391|
89724416|
89724417|
89724418|
89724419|
89724420|
89724421|
89724422|
89724423|
89724448|
89724449|
89724450|
89724451|
89724452|
89724453|
89724454|
89724455|
89724480|
89724481|
89724482|
89724483|
89724484|
89724485|
89724486|
89724487|
89724512|
89724513|
89724514|
89724515|
89724516|
89724517|
89724518|
89724519|
89724544|
89724545|
89724546|
89724547|
89724548|
89724549|
89724550|
89724551|
89724576|
89724577|
89724578|
89724579|
89724580|
89724581|
89724582|
89724583|
89724608|
89724609|
89724610|
