438278|
438279|
438304|
438305|
438306|
438307|
438308|
438309|
438310|
438311|
438336|
438337|
438338|
438339|
438340|
438341|
438342|
438343|
438368|
438369|
438370|
438371|
438372|
438373|
438374|
438375|
438400|
438401|
438402|
438403|
438404|
438405|
438406|
438407|
438432|
438433|
438434|
438435|
438436|
438437|
438438|
438439|
438464|
438465|
438466|
438467|
438468|
438469|
438470|
438471|
438496|
438497|
438498|
438499|
438500|
438501|
438502|
438503|
438528|
438529|
438530|
438531|
438532|
438533|
438534|
438535|
438560|
438561|
438562|
438563|
438564|
438565|
438566|
438567|
438592|
438593|
438594|
438595|
438596|
438597|
438598|
438599|
438624|
438625|
438626|
438627|
438628|
438629|
438630|
438631|
438656|
438657|
438658|
438659|
438660|
438661|
438662|
438663|
438688|
438689|
