360229|
360230|
360231|
360256|
360257|
360258|
360259|
360260|
360261|
360262|
360263|
360288|
360289|
360290|
360291|
360292|
360293|
360294|
360295|
360320|
360321|
360322|
360323|
360324|
360325|
360326|
360327|
360352|
360353|
360354|
360355|
360356|
360357|
360358|
360359|
360384|
360385|
360386|
360387|
360388|
360389|
360390|
360391|
360416|
360417|
360418|
360419|
360420|
360421|
360422|
360423|
360448|
360449|
360450|
360451|
360452|
360453|
360454|
360455|
360480|
360481|
360482|
360483|
360484|
360485|
360486|
360487|
360512|
360513|
360514|
360515|
360516|
360517|
360518|
360519|
360544|
360545|
360546|
360547|
360548|
360549|
360550|
360551|
360576|
360577|
360578|
360579|
360580|
360581|
360582|
360583|
360608|
360609|
360610|
360611|
360612|
360613|
360614|
360615|
360640|
