318210|
318211|
318212|
318213|
318214|
318215|
318240|
318241|
318242|
318243|
318244|
318245|
318246|
318247|
318272|
318273|
318274|
318275|
318276|
318277|
318278|
318279|
318304|
318305|
318306|
318307|
318308|
318309|
318310|
318311|
318336|
318337|
318338|
318339|
318340|
318341|
318342|
318343|
318368|
318369|
318370|
318371|
318372|
318373|
318374|
318375|
318400|
318401|
318402|
318403|
318404|
318405|
318406|
318407|
318432|
318433|
318434|
318435|
318436|
318437|
318438|
318439|
318464|
318465|
318466|
318467|
318468|
318469|
318470|
318471|
318496|
318497|
318498|
318499|
318500|
318501|
318502|
318503|
318528|
318529|
318530|
318531|
318532|
318533|
318534|
318535|
318560|
318561|
318562|
318563|
318564|
318565|
318566|
318567|
318592|
318593|
318594|
318595|
318596|
318597|
