44910338|
44910339|
44910340|
44910341|
44910342|
44910343|
44910368|
44910369|
44910370|
44910371|
44910372|
44910373|
44910374|
44910375|
44910400|
44910401|
44910402|
44910403|
44910404|
44910405|
44910406|
44910407|
44910432|
44910433|
44910434|
44910435|
44910436|
44910437|
44910438|
44910439|
44910464|
44910465|
44910466|
44910467|
44910468|
44910469|
44910470|
44910471|
44910496|
44910497|
44910498|
44910499|
44910500|
44910501|
44910502|
44910503|
44910528|
44910529|
44910530|
44910531|
44910532|
44910533|
44910534|
44910535|
44910560|
44910561|
44910562|
44910563|
44910564|
44910565|
44910566|
44910567|
44910592|
44910593|
44910594|
44910595|
44910596|
44910597|
44910598|
44910599|
44910624|
44910625|
44910626|
44910627|
44910628|
44910629|
44910630|
44910631|
44910656|
44910657|
44910658|
44910659|
44910660|
44910661|
44910662|
44910663|
44910688|
44910689|
44910690|
44910691|
44910692|
44910693|
44910694|
44910695|
44910720|
44910721|
44910722|
44910723|
44910724|
44910725|
