528353|
528354|
528355|
528356|
528357|
528358|
528359|
528384|
528385|
528386|
528387|
528388|
528389|
528390|
528391|
528416|
528417|
528418|
528419|
528420|
528421|
528422|
528423|
528448|
528449|
528450|
528451|
528452|
528453|
528454|
528455|
528480|
528481|
528482|
528483|
528484|
528485|
528486|
528487|
528512|
528513|
528514|
528515|
528516|
528517|
528518|
528519|
528544|
528545|
528546|
528547|
528548|
528549|
528550|
528551|
528576|
528577|
528578|
528579|
528580|
528581|
528582|
528583|
528608|
528609|
528610|
528611|
528612|
528613|
528614|
528615|
528640|
528641|
528642|
528643|
528644|
528645|
528646|
528647|
528672|
528673|
528674|
528675|
528676|
528677|
528678|
528679|
528704|
528705|
528706|
528707|
528708|
528709|
528710|
528711|
528736|
528737|
528738|
528739|
528740|
