89592129|
89592130|
89592131|
89592132|
89592133|
89592134|
89592135|
89592160|
89592161|
89592162|
89592163|
89592164|
89592165|
89592166|
89592167|
89592192|
89592193|
89592194|
89592195|
89592196|
89592197|
89592198|
89592199|
89592224|
89592225|
89592226|
89592227|
89592228|
89592229|
89592230|
89592231|
89592256|
89592257|
89592258|
89592259|
89592260|
89592261|
89592262|
89592263|
89592288|
89592289|
89592290|
89592291|
89592292|
89592293|
89592294|
89592295|
89592320|
89592321|
89592322|
89592323|
89592324|
89592325|
89592326|
89592327|
89592352|
89592353|
89592354|
89592355|
89592356|
89592357|
89592358|
89592359|
89592384|
89592385|
89592386|
89592387|
89592388|
89592389|
89592390|
89592391|
89592416|
89592417|
89592418|
89592419|
89592420|
89592421|
89592422|
89592423|
89592448|
89592449|
89592450|
89592451|
89592452|
89592453|
89592454|
89592455|
89592480|
89592481|
89592482|
89592483|
89592484|
89592485|
89592486|
89592487|
89592512|
89592513|
89592514|
89592515|
89592516|
