44796259|
44796260|
44796261|
44796262|
44796263|
44796288|
44796289|
44796290|
44796291|
44796292|
44796293|
44796294|
44796295|
44796320|
44796321|
44796322|
44796323|
44796324|
44796325|
44796326|
44796327|
44796352|
44796353|
44796354|
44796355|
44796356|
44796357|
44796358|
44796359|
44796384|
44796385|
44796386|
44796387|
44796388|
44796389|
44796390|
44796391|
44796416|
44796417|
44796418|
44796419|
44796420|
44796421|
44796422|
44796423|
44796448|
44796449|
44796450|
44796451|
44796452|
44796453|
44796454|
44796455|
44796480|
44796481|
44796482|
44796483|
44796484|
44796485|
44796486|
44796487|
44796512|
44796513|
44796514|
44796515|
44796516|
44796517|
44796518|
44796519|
44796544|
44796545|
44796546|
44796547|
44796548|
44796549|
44796550|
44796551|
44796576|
44796577|
44796578|
44796579|
44796580|
44796581|
44796582|
44796583|
44796608|
44796609|
44796610|
44796611|
44796612|
44796613|
44796614|
44796615|
44796640|
44796641|
44796642|
44796643|
44796644|
44796645|
44796646|
