162112|
162113|
162114|
162115|
162116|
162117|
162118|
162119|
162144|
162145|
162146|
162147|
162148|
162149|
162150|
162151|
162176|
162177|
162178|
162179|
162180|
162181|
162182|
162183|
162208|
162209|
162210|
162211|
162212|
162213|
162214|
162215|
162240|
162241|
162242|
162243|
162244|
162245|
162246|
162247|
162272|
162273|
162274|
162275|
162276|
162277|
162278|
162279|
162304|
162305|
162306|
162307|
162308|
162309|
162310|
162311|
162336|
162337|
162338|
162339|
162340|
162341|
162342|
162343|
162368|
162369|
162370|
162371|
162372|
162373|
162374|
162375|
162400|
162401|
162402|
162403|
162404|
162405|
162406|
162407|
162432|
162433|
162434|
162435|
162436|
162437|
162438|
162439|
162464|
162465|
162466|
162467|
162468|
162469|
162470|
162471|
162496|
162497|
162498|
162499|
