44688193|
44688194|
44688195|
44688196|
44688197|
44688198|
44688199|
44688224|
44688225|
44688226|
44688227|
44688228|
44688229|
44688230|
44688231|
44688256|
44688257|
44688258|
44688259|
44688260|
44688261|
44688262|
44688263|
44688288|
44688289|
44688290|
44688291|
44688292|
44688293|
44688294|
44688295|
44688320|
44688321|
44688322|
44688323|
44688324|
44688325|
44688326|
44688327|
44688352|
44688353|
44688354|
44688355|
44688356|
44688357|
44688358|
44688359|
44688384|
44688385|
44688386|
44688387|
44688388|
44688389|
44688390|
44688391|
44688416|
44688417|
44688418|
44688419|
44688420|
44688421|
44688422|
44688423|
44688448|
44688449|
44688450|
44688451|
44688452|
44688453|
44688454|
44688455|
44688480|
44688481|
44688482|
44688483|
44688484|
44688485|
44688486|
44688487|
44688512|
44688513|
44688514|
44688515|
44688516|
44688517|
44688518|
44688519|
44688544|
44688545|
44688546|
44688547|
44688548|
44688549|
44688550|
44688551|
44688576|
44688577|
44688578|
44688579|
44688580|
