44982374|
44982375|
44982400|
44982401|
44982402|
44982403|
44982404|
44982405|
44982406|
44982407|
44982432|
44982433|
44982434|
44982435|
44982436|
44982437|
44982438|
44982439|
44982464|
44982465|
44982466|
44982467|
44982468|
44982469|
44982470|
44982471|
44982496|
44982497|
44982498|
44982499|
44982500|
44982501|
44982502|
44982503|
44982528|
44982529|
44982530|
44982531|
44982532|
44982533|
44982534|
44982535|
44982560|
44982561|
44982562|
44982563|
44982564|
44982565|
44982566|
44982567|
44982592|
44982593|
44982594|
44982595|
44982596|
44982597|
44982598|
44982599|
44982624|
44982625|
44982626|
44982627|
44982628|
44982629|
44982630|
44982631|
44982656|
44982657|
44982658|
44982659|
44982660|
44982661|
44982662|
44982663|
44982688|
44982689|
44982690|
44982691|
44982692|
44982693|
44982694|
44982695|
44982720|
44982721|
44982722|
44982723|
44982724|
44982725|
44982726|
44982727|
44982752|
44982753|
44982754|
44982755|
44982756|
44982757|
44982758|
44982759|
44982784|
44982785|
