44808261|
44808262|
44808263|
44808288|
44808289|
44808290|
44808291|
44808292|
44808293|
44808294|
44808295|
44808320|
44808321|
44808322|
44808323|
44808324|
44808325|
44808326|
44808327|
44808352|
44808353|
44808354|
44808355|
44808356|
44808357|
44808358|
44808359|
44808384|
44808385|
44808386|
44808387|
44808388|
44808389|
44808390|
44808391|
44808416|
44808417|
44808418|
44808419|
44808420|
44808421|
44808422|
44808423|
44808448|
44808449|
44808450|
44808451|
44808452|
44808453|
44808454|
44808455|
44808480|
44808481|
44808482|
44808483|
44808484|
44808485|
44808486|
44808487|
44808512|
44808513|
44808514|
44808515|
44808516|
44808517|
44808518|
44808519|
44808544|
44808545|
44808546|
44808547|
44808548|
44808549|
44808550|
44808551|
44808576|
44808577|
44808578|
44808579|
44808580|
44808581|
44808582|
44808583|
44808608|
44808609|
44808610|
44808611|
44808612|
44808613|
44808614|
44808615|
44808640|
44808641|
44808642|
44808643|
44808644|
44808645|
44808646|
44808647|
44808672|
