426276|
426277|
426278|
426279|
426304|
426305|
426306|
426307|
426308|
426309|
426310|
426311|
426336|
426337|
426338|
426339|
426340|
426341|
426342|
426343|
426368|
426369|
426370|
426371|
426372|
426373|
426374|
426375|
426400|
426401|
426402|
426403|
426404|
426405|
426406|
426407|
426432|
426433|
426434|
426435|
426436|
426437|
426438|
426439|
426464|
426465|
426466|
426467|
426468|
426469|
426470|
426471|
426496|
426497|
426498|
426499|
426500|
426501|
426502|
426503|
426528|
426529|
426530|
426531|
426532|
426533|
426534|
426535|
426560|
426561|
426562|
426563|
426564|
426565|
426566|
426567|
426592|
426593|
426594|
426595|
426596|
426597|
426598|
426599|
426624|
426625|
426626|
426627|
426628|
426629|
426630|
426631|
426656|
426657|
426658|
426659|
426660|
426661|
426662|
426663|
