44604131|
44604132|
44604133|
44604134|
44604135|
44604160|
44604161|
44604162|
44604163|
44604164|
44604165|
44604166|
44604167|
44604192|
44604193|
44604194|
44604195|
44604196|
44604197|
44604198|
44604199|
44604224|
44604225|
44604226|
44604227|
44604228|
44604229|
44604230|
44604231|
44604256|
44604257|
44604258|
44604259|
44604260|
44604261|
44604262|
44604263|
44604288|
44604289|
44604290|
44604291|
44604292|
44604293|
44604294|
44604295|
44604320|
44604321|
44604322|
44604323|
44604324|
44604325|
44604326|
44604327|
44604352|
44604353|
44604354|
44604355|
44604356|
44604357|
44604358|
44604359|
44604384|
44604385|
44604386|
44604387|
44604388|
44604389|
44604390|
44604391|
44604416|
44604417|
44604418|
44604419|
44604420|
44604421|
44604422|
44604423|
44604448|
44604449|
44604450|
44604451|
44604452|
44604453|
44604454|
44604455|
44604480|
44604481|
44604482|
44604483|
44604484|
44604485|
44604486|
44604487|
44604512|
44604513|
44604514|
44604515|
44604516|
44604517|
44604518|
